# time = 7.800000000000000e-01# start, end, pivot, particles, density
0.00000e+00, 2.41493e-04, 1.20747e-04, 1.09766e-04, 4.54530e-01
2.41493e-04, 5.31286e-04, 3.86390e-04, 1.31665e-04, 4.54343e-01
5.31286e-04, 8.79036e-04, 7.05161e-04, 1.57920e-04, 4.54119e-01
8.79036e-04, 1.29634e-03, 1.08769e-03, 1.89392e-04, 4.53851e-01
1.29634e-03, 1.79710e-03, 1.54672e-03, 2.27109e-04, 4.53528e-01
1.79710e-03, 2.39801e-03, 2.09755e-03, 2.72299e-04, 4.53142e-01
2.39801e-03, 3.11911e-03, 2.75856e-03, 3.26425e-04, 4.52679e-01
3.11911e-03, 3.98442e-03, 3.55176e-03, 3.91230e-04, 4.52124e-01
3.98442e-03, 5.02280e-03, 4.50361e-03, 4.68785e-04, 4.51459e-01
5.02280e-03, 6.26885e-03, 5.64583e-03, 5.61551e-04, 4.50663e-01
6.26885e-03, 7.76412e-03, 7.01648e-03, 6.72437e-04, 4.49711e-01
7.76412e-03, 9.55843e-03, 8.66127e-03, 8.04876e-04, 4.48570e-01
9.55843e-03, 1.17116e-02, 1.06350e-02, 9.62917e-04, 4.47207e-01
1.17116e-02, 1.42954e-02, 1.30035e-02, 1.15129e-03, 4.45576e-01
1.42954e-02, 1.73960e-02, 1.58457e-02, 1.37551e-03, 4.43631e-01
1.73960e-02, 2.11167e-02, 1.92564e-02, 1.64197e-03, 4.41307e-01
2.11167e-02, 2.55815e-02, 2.33491e-02, 1.95803e-03, 4.38545e-01
2.55815e-02, 3.09393e-02, 2.82604e-02, 2.33198e-03, 4.35250e-01
3.09393e-02, 3.73687e-02, 3.41540e-02, 2.77327e-03, 4.31345e-01
3.73687e-02, 4.50839e-02, 4.12263e-02, 3.29217e-03, 4.26710e-01
4.50839e-02, 5.43422e-02, 4.97131e-02, 3.89987e-03, 4.21231e-01
5.43422e-02, 6.54521e-02, 5.98972e-02, 4.60773e-03, 4.14740e-01
6.54521e-02, 7.87841e-02, 7.21181e-02, 5.42854e-03, 4.07184e-01
7.87841e-02, 9.47824e-02, 8.67832e-02, 6.37189e-03, 3.98285e-01
9.47824e-02, 1.13980e-01, 1.04381e-01, 7.44762e-03, 3.87938e-01
1.13980e-01, 1.37018e-01, 1.25499e-01, 8.66119e-03, 3.75959e-01
1.37018e-01, 1.64663e-01, 1.50840e-01, 1.00127e-02, 3.62188e-01
1.64663e-01, 1.97837e-01, 1.81250e-01, 1.14944e-02, 3.46487e-01
1.97837e-01, 2.37646e-01, 2.17742e-01, 1.30875e-02, 3.28759e-01
2.37646e-01, 2.85417e-01, 2.61531e-01, 1.47438e-02, 3.08637e-01
2.85417e-01, 3.42742e-01, 3.14079e-01, 1.64663e-02, 2.87246e-01
3.42742e-01, 4.11531e-01, 3.77136e-01, 1.81241e-02, 2.63470e-01
4.11531e-01, 4.94079e-01, 4.52805e-01, 1.96728e-02, 2.38320e-01
4.94079e-01, 5.93136e-01, 5.43608e-01, 2.10085e-02, 2.12084e-01
5.93136e-01, 7.12005e-01, 6.52571e-01, 2.20468e-02, 1.85472e-01
7.12005e-01, 8.54648e-01, 7.83326e-01, 2.26940e-02, 1.59097e-01
8.54648e-01, 1.02582e+00, 9.40233e-01, 2.28977e-02, 1.33771e-01
1.02582e+00, 1.23122e+00, 1.12852e+00, 2.26378e-02, 1.10210e-01
1.23122e+00, 1.47771e+00, 1.35447e+00, 2.19412e-02, 8.90158e-02
1.47771e+00, 1.77349e+00, 1.62560e+00, 2.08732e-02, 7.05693e-02
1.77349e+00, 2.12843e+00, 1.95096e+00, 1.95266e-02, 5.50137e-02
2.12843e+00, 2.55436e+00, 2.34140e+00, 1.79985e-02, 4.22570e-02
2.55436e+00, 3.06548e+00, 2.80992e+00, 1.63752e-02, 3.20383e-02
3.06548e+00, 3.67881e+00, 3.37214e+00, 1.47209e-02, 2.40013e-02
3.67881e+00, 4.41482e+00, 4.04681e+00, 1.30809e-02, 1.77729e-02
4.41482e+00, 5.29802e+00, 4.85642e+00, 1.14833e-02, 1.30019e-02
5.29802e+00, 6.35787e+00, 5.82794e+00, 9.94790e-03, 9.38618e-03
6.35787e+00, 7.62968e+00, 6.99378e+00, 8.48992e-03, 6.67543e-03
7.62968e+00, 9.15586e+00, 8.39277e+00, 7.12876e-03, 4.67099e-03
9.15586e+00, 1.09873e+01, 1.00716e+01, 5.85380e-03, 3.19633e-03
1.09873e+01, 1.31850e+01, 1.20861e+01, 4.68614e-03, 2.13229e-03
1.31850e+01, 1.58222e+01, 1.45036e+01, 3.63873e-03, 1.37975e-03
1.58222e+01, 1.89869e+01, 1.74045e+01, 2.72286e-03, 8.60391e-04
1.89869e+01, 2.27845e+01, 2.08857e+01, 1.94813e-03, 5.12986e-04
2.27845e+01, 2.73417e+01, 2.50631e+01, 1.31996e-03, 2.89646e-04
2.73417e+01, 3.28102e+01, 3.00759e+01, 8.36976e-04, 1.53052e-04
3.28102e+01, 3.93725e+01, 3.60914e+01, 4.89432e-04, 7.45826e-05
3.93725e+01, 4.72473e+01, 4.33099e+01, 2.59052e-04, 3.28965e-05
4.72473e+01, 5.66969e+01, 5.19721e+01, 1.21119e-04, 1.28172e-05
5.66969e+01, 6.80366e+01, 6.23668e+01, 4.81285e-05, 4.24427e-06
6.80366e+01, 8.16441e+01, 7.48404e+01, 1.56278e-05, 1.14847e-06
8.16441e+01, 9.79732e+01, 8.98087e+01, 4.13980e-06, 2.53524e-07
9.79732e+01, 1.17568e+02, 1.07771e+02, 8.46655e-07, 4.32080e-08
1.17568e+02, 1.41082e+02, 1.29325e+02, 1.27704e-07, 5.43102e-09
1.41082e+02, 1.69299e+02, 1.55190e+02, 1.35040e-08, 4.78583e-10
1.69299e+02, 2.03159e+02, 1.86229e+02, 9.44531e-10, 2.78952e-11
2.03159e+02, 2.43790e+02, 2.23475e+02, 4.09917e-11, 1.00885e-12
2.43790e+02, 2.92549e+02, 2.68170e+02, 1.02776e-12, 2.10787e-14
2.92549e+02, 3.51059e+02, 3.21804e+02, 1.37644e-14, 2.35248e-16
3.51059e+02, 4.21271e+02, 3.86165e+02, 9.04102e-17, 1.28768e-18
4.21271e+02, 5.05525e+02, 4.63398e+02, 2.64981e-19, 3.14501e-21
5.05525e+02, 6.06631e+02, 5.56078e+02, 3.12919e-22, 3.09498e-24
6.06631e+02, 7.27957e+02, 6.67294e+02, 1.32822e-25, 1.09475e-27
7.27957e+02, 8.73548e+02, 8.00753e+02, 1.76461e-29, 1.21203e-31
8.73548e+02, 1.04826e+03, 9.60903e+02, 6.22411e-34, 3.56254e-36
1.04826e+03, 1.25791e+03, 1.15308e+03, 4.78878e-39, 2.28416e-41
1.25791e+03, 1.50949e+03, 1.38370e+03, 6.19524e-45, 2.46251e-47
1.50949e+03, 1.81139e+03, 1.66044e+03, 9.79525e-52, 3.24455e-54
1.81139e+03, 2.17367e+03, 1.99253e+03, 1.29219e-59, 3.56684e-62
2.17367e+03, 2.60840e+03, 2.39104e+03, 9.05710e-69, 2.08336e-71
2.60840e+03, 3.13009e+03, 2.86924e+03, 1.99018e-79, 3.81494e-82
3.13009e+03, 3.75610e+03, 3.44309e+03, 7.42272e-92, 1.18571e-94
3.75610e+03, 4.50732e+03, 4.13171e+03, 2.31539e-106, 3.08217e-109
4.50732e+03, 5.40879e+03, 4.95806e+03, 2.68527e-123, 2.97879e-126
5.40879e+03, 6.49055e+03, 5.94967e+03, 4.59880e-143, 4.25123e-146
6.49055e+03, 7.78866e+03, 7.13960e+03, 4.09337e-166, 3.15333e-169
7.78866e+03, 9.34639e+03, 8.56752e+03, 5.82469e-193, 3.73921e-196
9.34639e+03, 1.12157e+04, 1.02810e+04, 3.46634e-224, 1.85437e-227
1.12157e+04, 1.34588e+04, 1.23372e+04, 1.86896e-260, 8.33194e-264
1.34588e+04, 1.61506e+04, 1.48047e+04, 1.57256e-302, 5.84212e-306
1.61506e+04, 1.93807e+04, 1.77656e+04, 0.00000e+00, 0.00000e+00
1.93807e+04, 2.32568e+04, 2.13187e+04, 0.00000e+00, 0.00000e+00
2.32568e+04, 2.79082e+04, 2.55825e+04, 0.00000e+00, 0.00000e+00
2.79082e+04, 3.34898e+04, 3.06990e+04, 0.00000e+00, 0.00000e+00
3.34898e+04, 4.01878e+04, 3.68388e+04, 0.00000e+00, 0.00000e+00
4.01878e+04, 4.82253e+04, 4.42065e+04, 0.00000e+00, 0.00000e+00
4.82253e+04, 5.78704e+04, 5.30478e+04, 0.00000e+00, 0.00000e+00
5.78704e+04, 6.94444e+04, 6.36574e+04, 0.00000e+00, 0.00000e+00
6.94444e+04, 8.33333e+04, 7.63889e+04, 0.00000e+00, 0.00000e+00
8.33333e+04, 1.00000e+05, 9.16667e+04, 0.00000e+00, 0.00000e+00
