# time = 3.000000000000000e-01# start, end, pivot, particles, density
0.00000e+00, 2.41493e-04, 1.20747e-04, 2.41464e-04, 9.99879e-01
2.41493e-04, 5.31286e-04, 3.86390e-04, 2.13894e-04, 7.38096e-01
5.31286e-04, 8.79036e-04, 7.05161e-04, 2.56570e-04, 7.37799e-01
8.79036e-04, 1.29634e-03, 1.08769e-03, 3.07735e-04, 7.37443e-01
1.29634e-03, 1.79710e-03, 1.54672e-03, 3.69068e-04, 7.37015e-01
1.79710e-03, 2.39801e-03, 2.09755e-03, 4.42574e-04, 7.36503e-01
2.39801e-03, 3.11911e-03, 2.75856e-03, 5.30646e-04, 7.35889e-01
3.11911e-03, 3.98442e-03, 3.55176e-03, 6.36139e-04, 7.35153e-01
3.98442e-03, 5.02280e-03, 4.50361e-03, 7.62450e-04, 7.34270e-01
5.02280e-03, 6.26885e-03, 5.64583e-03, 9.13623e-04, 7.33213e-01
6.26885e-03, 7.76412e-03, 7.01648e-03, 1.09445e-03, 7.31947e-01
7.76412e-03, 9.55843e-03, 8.66127e-03, 1.31062e-03, 7.30431e-01
9.55843e-03, 1.17116e-02, 1.06350e-02, 1.56884e-03, 7.28617e-01
1.17116e-02, 1.42954e-02, 1.30035e-02, 1.87700e-03, 7.26446e-01
1.42954e-02, 1.73960e-02, 1.58457e-02, 2.24436e-03, 7.23852e-01
1.73960e-02, 2.11167e-02, 1.92564e-02, 2.68170e-03, 7.20753e-01
2.11167e-02, 2.55815e-02, 2.33491e-02, 3.20153e-03, 7.17054e-01
2.55815e-02, 3.09393e-02, 2.82604e-02, 3.81821e-03, 7.12646e-01
3.09393e-02, 3.73687e-02, 3.41540e-02, 4.54811e-03, 7.07397e-01
3.73687e-02, 4.50839e-02, 4.12263e-02, 5.40961e-03, 7.01159e-01
4.50839e-02, 5.43422e-02, 4.97131e-02, 6.42300e-03, 6.93758e-01
5.43422e-02, 6.54521e-02, 5.98972e-02, 7.61027e-03, 6.84997e-01
6.54521e-02, 7.87841e-02, 7.21181e-02, 8.99444e-03, 6.74655e-01
7.87841e-02, 9.47824e-02, 8.67832e-02, 1.05986e-02, 6.62485e-01
9.47824e-02, 1.13980e-01, 1.04381e-01, 1.24445e-02, 6.48221e-01
1.13980e-01, 1.37018e-01, 1.25499e-01, 1.45500e-02, 6.31579e-01
1.37018e-01, 1.64663e-01, 1.50840e-01, 1.69262e-02, 6.12268e-01
1.64663e-01, 1.97837e-01, 1.81250e-01, 1.95729e-02, 5.90007e-01
1.97837e-01, 2.37646e-01, 2.17742e-01, 2.24739e-02, 5.64544e-01
2.37646e-01, 2.85417e-01, 2.61531e-01, 2.55901e-02, 5.35686e-01
2.85417e-01, 3.42742e-01, 3.14079e-01, 2.88536e-02, 5.03336e-01
3.42742e-01, 4.11531e-01, 3.77136e-01, 3.21615e-02, 4.67534e-01
4.11531e-01, 4.94079e-01, 4.52805e-01, 3.53721e-02, 4.28505e-01
4.94079e-01, 5.93136e-01, 5.43608e-01, 3.83058e-02, 3.86704e-01
5.93136e-01, 7.12005e-01, 6.52571e-01, 4.07530e-02, 3.42841e-01
7.12005e-01, 8.54648e-01, 7.83326e-01, 4.24914e-02, 2.97887e-01
8.54648e-01, 1.02582e+00, 9.40233e-01, 4.33132e-02, 2.53040e-01
1.02582e+00, 1.23122e+00, 1.12852e+00, 4.30603e-02, 2.09636e-01
1.23122e+00, 1.47771e+00, 1.35447e+00, 4.16599e-02, 1.69015e-01
1.47771e+00, 1.77349e+00, 1.62560e+00, 3.91508e-02, 1.32363e-01
1.77349e+00, 2.12843e+00, 1.95096e+00, 3.56885e-02, 1.00548e-01
2.12843e+00, 2.55436e+00, 2.34140e+00, 3.15239e-02, 7.40122e-02
2.55436e+00, 3.06548e+00, 2.80992e+00, 2.69595e-02, 5.27465e-02
3.06548e+00, 3.67881e+00, 3.37214e+00, 2.22983e-02, 3.63557e-02
3.67881e+00, 4.41482e+00, 4.04681e+00, 1.78036e-02, 2.41895e-02
4.41482e+00, 5.29802e+00, 4.85642e+00, 1.36789e-02, 1.54878e-02
5.29802e+00, 6.35787e+00, 5.82794e+00, 1.00658e-02, 9.49746e-03
6.35787e+00, 7.62968e+00, 6.99378e+00, 7.04936e-03, 5.54275e-03
7.62968e+00, 9.15586e+00, 8.39277e+00, 4.66120e-03, 3.05416e-03
9.15586e+00, 1.09873e+01, 1.00716e+01, 2.88252e-03, 1.57393e-03
1.09873e+01, 1.31850e+01, 1.20861e+01, 1.64889e-03, 7.50280e-04
1.31850e+01, 1.58222e+01, 1.45036e+01, 8.61615e-04, 3.26711e-04
1.58222e+01, 1.89869e+01, 1.74045e+01, 4.05583e-04, 1.28159e-04
1.89869e+01, 2.27845e+01, 2.08857e+01, 1.69390e-04, 4.46044e-05
2.27845e+01, 2.73417e+01, 2.50631e+01, 6.17667e-05, 1.35538e-05
2.73417e+01, 3.28102e+01, 3.00759e+01, 1.93450e-05, 3.53749e-06
3.28102e+01, 3.93725e+01, 3.60914e+01, 5.12322e-06, 7.80707e-07
3.93725e+01, 4.72473e+01, 4.33099e+01, 1.13199e-06, 1.43750e-07
4.72473e+01, 5.66969e+01, 5.19721e+01, 2.06762e-07, 2.18802e-08
5.66969e+01, 6.80366e+01, 6.23668e+01, 3.11361e-08, 2.74577e-09
6.80366e+01, 8.16441e+01, 7.48404e+01, 3.88796e-09, 2.85721e-10
8.16441e+01, 9.79732e+01, 8.98087e+01, 4.08336e-10, 2.50067e-11
9.79732e+01, 1.17568e+02, 1.07771e+02, 3.67862e-11, 1.87734e-12
1.17568e+02, 1.41082e+02, 1.29325e+02, 2.89925e-12, 1.23300e-13
1.41082e+02, 1.69299e+02, 1.55190e+02, 2.02945e-13, 7.19240e-15
1.69299e+02, 2.03159e+02, 1.86229e+02, 1.27326e-14, 3.76037e-16
2.03159e+02, 2.43790e+02, 2.23475e+02, 7.19129e-16, 1.76986e-17
2.43790e+02, 2.92549e+02, 2.68170e+02, 3.66217e-17, 7.51085e-19
2.92549e+02, 3.51059e+02, 3.21804e+02, 1.68168e-18, 2.87418e-20
3.51059e+02, 4.21271e+02, 3.86165e+02, 6.95796e-20, 9.90993e-22
4.21271e+02, 5.05525e+02, 4.63398e+02, 2.59021e-21, 3.07428e-23
5.05525e+02, 6.06631e+02, 5.56078e+02, 8.65824e-23, 8.56359e-25
6.06631e+02, 7.27957e+02, 6.67294e+02, 2.59188e-24, 2.13629e-26
7.27957e+02, 8.73548e+02, 8.00753e+02, 6.92528e-26, 4.75665e-28
8.73548e+02, 1.04826e+03, 9.60903e+02, 1.64470e-27, 9.41388e-30
1.04826e+03, 1.25791e+03, 1.15308e+03, 3.45407e-29, 1.64752e-31
1.25791e+03, 1.50949e+03, 1.38370e+03, 6.37431e-31, 2.53369e-33
1.50949e+03, 1.81139e+03, 1.66044e+03, 1.02571e-32, 3.39754e-35
1.81139e+03, 2.17367e+03, 1.99253e+03, 1.42542e-34, 3.93459e-37
2.17367e+03, 2.60840e+03, 2.39104e+03, 1.69034e-36, 3.88823e-39
2.60840e+03, 3.13009e+03, 2.86924e+03, 1.68472e-38, 3.22940e-41
3.13009e+03, 3.75610e+03, 3.44309e+03, 1.38379e-40, 2.21047e-43
3.75610e+03, 4.50732e+03, 4.13171e+03, 9.12645e-43, 1.21488e-45
4.50732e+03, 5.40879e+03, 4.95806e+03, 4.66388e-45, 5.17366e-48
5.40879e+03, 6.49055e+03, 5.94967e+03, 1.75508e-47, 1.62243e-50
6.49055e+03, 7.78866e+03, 7.13960e+03, 4.50379e-50, 3.46950e-53
7.78866e+03, 9.34639e+03, 8.56752e+03, 6.96132e-53, 4.46888e-56
9.34639e+03, 1.12157e+04, 1.02810e+04, 5.23550e-56, 2.80081e-59
1.12157e+04, 1.34588e+04, 1.23372e+04, 1.36487e-59, 6.08464e-63
1.34588e+04, 1.61506e+04, 1.48047e+04, 8.27755e-64, 3.07514e-67
1.61506e+04, 1.93807e+04, 1.77656e+04, 7.92608e-69, 2.45381e-72
1.93807e+04, 2.32568e+04, 2.13187e+04, 8.02710e-75, 2.07090e-78
2.32568e+04, 2.79082e+04, 2.55825e+04, 5.44270e-82, 1.17013e-85
2.79082e+04, 3.34898e+04, 3.06990e+04, 1.43755e-90, 2.57550e-94
3.34898e+04, 4.01878e+04, 3.68388e+04, 7.74106e-101, 1.15573e-104
4.01878e+04, 4.82253e+04, 4.42065e+04, 3.90239e-113, 4.85519e-117
4.82253e+04, 5.78704e+04, 5.30478e+04, 7.19770e-128, 7.46258e-132
5.78704e+04, 6.94444e+04, 6.36574e+04, 1.56289e-145, 1.35034e-149
6.94444e+04, 8.33333e+04, 7.63889e+04, 1.02181e-166, 7.35702e-171
8.33333e+04, 1.00000e+05, 9.16667e+04, 0.00000e+00, 0.00000e+00
