# time = 2.100000000000000e-01# start, end, pivot, particles, density
0.00000e+00, 2.41493e-04, 1.20747e-04, 1.95286e-04, 8.08658e-01
2.41493e-04, 5.31286e-04, 3.86390e-04, 2.34268e-04, 8.08402e-01
5.31286e-04, 8.79036e-04, 7.05161e-04, 2.81015e-04, 8.08095e-01
8.79036e-04, 1.29634e-03, 1.08769e-03, 3.37065e-04, 8.07726e-01
1.29634e-03, 1.79710e-03, 1.54672e-03, 4.04256e-04, 8.07284e-01
1.79710e-03, 2.39801e-03, 2.09755e-03, 4.84789e-04, 8.06755e-01
2.39801e-03, 3.11911e-03, 2.75856e-03, 5.81289e-04, 8.06119e-01
3.11911e-03, 3.98442e-03, 3.55176e-03, 6.96888e-04, 8.05358e-01
3.98442e-03, 5.02280e-03, 4.50361e-03, 8.35318e-04, 8.04445e-01
5.02280e-03, 6.26885e-03, 5.64583e-03, 1.00102e-03, 8.03351e-01
6.26885e-03, 7.76412e-03, 7.01648e-03, 1.19926e-03, 8.02042e-01
7.76412e-03, 9.55843e-03, 8.66127e-03, 1.43630e-03, 8.00472e-01
9.55843e-03, 1.17116e-02, 1.06350e-02, 1.71952e-03, 7.98594e-01
1.17116e-02, 1.42954e-02, 1.30035e-02, 2.05761e-03, 7.96346e-01
1.42954e-02, 1.73960e-02, 1.58457e-02, 2.46080e-03, 7.93659e-01
1.73960e-02, 2.11167e-02, 1.92564e-02, 2.94101e-03, 7.90447e-01
2.11167e-02, 2.55815e-02, 2.33491e-02, 3.51211e-03, 7.86615e-01
2.55815e-02, 3.09393e-02, 2.82604e-02, 4.19001e-03, 7.82040e-01
3.09393e-02, 3.73687e-02, 3.41540e-02, 4.99301e-03, 7.76595e-01
3.73687e-02, 4.50839e-02, 4.12263e-02, 5.94161e-03, 7.70114e-01
4.50839e-02, 5.43422e-02, 4.97131e-02, 7.05869e-03, 7.62419e-01
5.43422e-02, 6.54521e-02, 5.98972e-02, 8.36891e-03, 7.53282e-01
6.54521e-02, 7.87841e-02, 7.21181e-02, 9.89930e-03, 7.42526e-01
7.87841e-02, 9.47824e-02, 8.67832e-02, 1.16758e-02, 7.29813e-01
9.47824e-02, 1.13980e-01, 1.04381e-01, 1.37245e-02, 7.14894e-01
1.13980e-01, 1.37018e-01, 1.25499e-01, 1.60675e-02, 6.97448e-01
1.37018e-01, 1.64663e-01, 1.50840e-01, 1.87199e-02, 6.77151e-01
1.64663e-01, 1.97837e-01, 1.81250e-01, 2.16852e-02, 6.53679e-01
1.97837e-01, 2.37646e-01, 2.17742e-01, 2.49495e-02, 6.26732e-01
2.37646e-01, 2.85417e-01, 2.61531e-01, 2.84633e-02, 5.95831e-01
2.85417e-01, 3.42742e-01, 3.14079e-01, 3.21904e-02, 5.61544e-01
3.42742e-01, 4.11531e-01, 3.77136e-01, 3.59745e-02, 5.22962e-01
4.11531e-01, 4.94079e-01, 4.52805e-01, 3.96830e-02, 4.80728e-01
4.94079e-01, 5.93136e-01, 5.43608e-01, 4.31013e-02, 4.35114e-01
5.93136e-01, 7.12005e-01, 6.52571e-01, 4.59934e-02, 3.86926e-01
7.12005e-01, 8.54648e-01, 7.83326e-01, 4.80759e-02, 3.37037e-01
8.54648e-01, 1.02582e+00, 9.40233e-01, 4.90909e-02, 2.86794e-01
1.02582e+00, 1.23122e+00, 1.12852e+00, 4.88214e-02, 2.37684e-01
1.23122e+00, 1.47771e+00, 1.35447e+00, 4.71485e-02, 1.91282e-01
1.47771e+00, 1.77349e+00, 1.62560e+00, 4.40894e-02, 1.49060e-01
1.77349e+00, 2.12843e+00, 1.95096e+00, 3.98175e-02, 1.12181e-01
2.12843e+00, 2.55436e+00, 2.34140e+00, 3.46457e-02, 8.13415e-02
2.55436e+00, 3.06548e+00, 2.80992e+00, 2.89765e-02, 5.66929e-02
3.06548e+00, 3.67881e+00, 3.37214e+00, 2.32326e-02, 3.78790e-02
3.67881e+00, 4.41482e+00, 4.04681e+00, 1.77919e-02, 2.41737e-02
4.41482e+00, 5.29802e+00, 4.85642e+00, 1.29455e-02, 1.46574e-02
5.29802e+00, 6.35787e+00, 5.82794e+00, 8.88199e-03, 8.38046e-03
6.35787e+00, 7.62968e+00, 6.99378e+00, 5.68800e-03, 4.47234e-03
7.62968e+00, 9.15586e+00, 8.39277e+00, 3.35521e-03, 2.19844e-03
9.15586e+00, 1.09873e+01, 1.00716e+01, 1.79296e-03, 9.79006e-04
1.09873e+01, 1.31850e+01, 1.20861e+01, 8.50395e-04, 3.86948e-04
1.31850e+01, 1.58222e+01, 1.45036e+01, 3.49190e-04, 1.32408e-04
1.58222e+01, 1.89869e+01, 1.74045e+01, 1.20493e-04, 3.80742e-05
1.89869e+01, 2.27845e+01, 2.08857e+01, 3.37348e-05, 8.88315e-06
2.27845e+01, 2.73417e+01, 2.50631e+01, 7.35837e-06, 1.61469e-06
2.73417e+01, 3.28102e+01, 3.00759e+01, 1.19396e-06, 2.18332e-07
3.28102e+01, 3.93725e+01, 3.60914e+01, 1.36809e-07, 2.08477e-08
3.93725e+01, 4.72473e+01, 4.33099e+01, 1.04441e-08, 1.32628e-09
4.72473e+01, 5.66969e+01, 5.19721e+01, 4.97714e-10, 5.26699e-11
5.66969e+01, 6.80366e+01, 6.23668e+01, 1.37631e-11, 1.21372e-12
6.80366e+01, 8.16441e+01, 7.48404e+01, 2.03446e-13, 1.49509e-14
8.16441e+01, 9.79732e+01, 8.98087e+01, 1.46642e-15, 8.98040e-17
9.79732e+01, 1.17568e+02, 1.07771e+02, 4.65344e-18, 2.37482e-19
1.17568e+02, 1.41082e+02, 1.29325e+02, 5.81019e-21, 2.47096e-22
1.41082e+02, 1.69299e+02, 1.55190e+02, 2.52327e-24, 8.94249e-26
1.69299e+02, 2.03159e+02, 1.86229e+02, 3.31875e-28, 9.80140e-30
2.03159e+02, 2.43790e+02, 2.23475e+02, 1.12125e-32, 2.75952e-34
2.43790e+02, 2.92549e+02, 2.68170e+02, 7.90459e-38, 1.62118e-39
2.92549e+02, 3.51059e+02, 3.21804e+02, 8.90739e-44, 1.52237e-45
3.51059e+02, 4.21271e+02, 3.86165e+02, 1.14837e-50, 1.63558e-52
4.21271e+02, 5.05525e+02, 4.63398e+02, 1.12624e-58, 1.33671e-60
5.05525e+02, 6.06631e+02, 5.56078e+02, 5.15199e-68, 5.09567e-70
6.06631e+02, 7.27957e+02, 6.67294e+02, 6.15371e-79, 5.07203e-81
7.27957e+02, 8.73548e+02, 8.00753e+02, 9.68675e-92, 6.65337e-94
8.73548e+02, 1.04826e+03, 9.60903e+02, 9.01612e-107, 5.16062e-109
1.04826e+03, 1.25791e+03, 1.15308e+03, 1.94720e-124, 9.28777e-127
1.25791e+03, 1.50949e+03, 1.38370e+03, 3.28678e-145, 1.30644e-147
1.50949e+03, 1.81139e+03, 1.66044e+03, 1.22566e-169, 4.05982e-172
1.81139e+03, 2.17367e+03, 1.99253e+03, 2.32845e-198, 6.42724e-201
2.17367e+03, 2.60840e+03, 2.39104e+03, 4.10278e-232, 9.43745e-235
2.60840e+03, 3.13009e+03, 2.86924e+03, 9.34228e-272, 1.79080e-274
3.13009e+03, 3.75610e+03, 3.44309e+03, 2.82190e-318, 4.50588e-321
3.75610e+03, 4.50732e+03, 4.13171e+03, 0.00000e+00, 0.00000e+00
4.50732e+03, 5.40879e+03, 4.95806e+03, 0.00000e+00, 0.00000e+00
5.40879e+03, 6.49055e+03, 5.94967e+03, 0.00000e+00, 0.00000e+00
6.49055e+03, 7.78866e+03, 7.13960e+03, 0.00000e+00, 0.00000e+00
7.78866e+03, 9.34639e+03, 8.56752e+03, 0.00000e+00, 0.00000e+00
9.34639e+03, 1.12157e+04, 1.02810e+04, 0.00000e+00, 0.00000e+00
1.12157e+04, 1.34588e+04, 1.23372e+04, 0.00000e+00, 0.00000e+00
1.34588e+04, 1.61506e+04, 1.48047e+04, 0.00000e+00, 0.00000e+00
1.61506e+04, 1.93807e+04, 1.77656e+04, 0.00000e+00, 0.00000e+00
1.93807e+04, 2.32568e+04, 2.13187e+04, 0.00000e+00, 0.00000e+00
2.32568e+04, 2.79082e+04, 2.55825e+04, 0.00000e+00, 0.00000e+00
2.79082e+04, 3.34898e+04, 3.06990e+04, 0.00000e+00, 0.00000e+00
3.34898e+04, 4.01878e+04, 3.68388e+04, 0.00000e+00, 0.00000e+00
4.01878e+04, 4.82253e+04, 4.42065e+04, 0.00000e+00, 0.00000e+00
4.82253e+04, 5.78704e+04, 5.30478e+04, 0.00000e+00, 0.00000e+00
5.78704e+04, 6.94444e+04, 6.36574e+04, 0.00000e+00, 0.00000e+00
6.94444e+04, 8.33333e+04, 7.63889e+04, 0.00000e+00, 0.00000e+00
8.33333e+04, 1.00000e+05, 9.16667e+04, 0.00000e+00, 0.00000e+00
