# time = 9.100000000000000e+00# start, end, pivot, particles, density
0.00000e+00, 7.25710e-05, 3.62855e-05, 1.27912e-03, 1.76258e+01
7.25710e-05, 1.52399e-04, 1.12485e-04, 1.40704e-03, 1.76258e+01
1.52399e-04, 2.40210e-04, 1.96305e-04, 1.54774e-03, 1.76258e+01
2.40210e-04, 3.36802e-04, 2.88506e-04, 1.70251e-03, 1.76258e+01
3.36802e-04, 4.43053e-04, 3.89928e-04, 1.87276e-03, 1.76258e+01
4.43053e-04, 5.59929e-04, 5.01491e-04, 2.06004e-03, 1.76258e+01
5.59929e-04, 6.88493e-04, 6.24211e-04, 2.26604e-03, 1.76258e+01
6.88493e-04, 8.29914e-04, 7.59203e-04, 2.49264e-03, 1.76257e+01
8.29914e-04, 9.85476e-04, 9.07695e-04, 2.74190e-03, 1.76257e+01
9.85476e-04, 1.15659e-03, 1.07104e-03, 3.01608e-03, 1.76257e+01
1.15659e-03, 1.34482e-03, 1.25071e-03, 3.31767e-03, 1.76256e+01
1.34482e-03, 1.55188e-03, 1.44835e-03, 3.64942e-03, 1.76255e+01
1.55188e-03, 1.77964e-03, 1.66576e-03, 4.01434e-03, 1.76254e+01
1.77964e-03, 2.03017e-03, 1.90490e-03, 4.41574e-03, 1.76253e+01
2.03017e-03, 2.30576e-03, 2.16797e-03, 4.85727e-03, 1.76251e+01
2.30576e-03, 2.60891e-03, 2.45733e-03, 5.34293e-03, 1.76249e+01
2.60891e-03, 2.94237e-03, 2.77564e-03, 5.87714e-03, 1.76246e+01
2.94237e-03, 3.30918e-03, 3.12577e-03, 6.46473e-03, 1.76243e+01
3.30918e-03, 3.71267e-03, 3.51092e-03, 7.11104e-03, 1.76239e+01
3.71267e-03, 4.15650e-03, 3.93458e-03, 7.82192e-03, 1.76234e+01
4.15650e-03, 4.64472e-03, 4.40061e-03, 8.60381e-03, 1.76228e+01
4.64472e-03, 5.18177e-03, 4.91325e-03, 9.46379e-03, 1.76220e+01
5.18177e-03, 5.77252e-03, 5.47714e-03, 1.04096e-02, 1.76211e+01
5.77252e-03, 6.42234e-03, 6.09743e-03, 1.14498e-02, 1.76200e+01
6.42234e-03, 7.13714e-03, 6.77974e-03, 1.25938e-02, 1.76186e+01
7.13714e-03, 7.92343e-03, 7.53029e-03, 1.38519e-02, 1.76169e+01
7.92343e-03, 8.78834e-03, 8.35588e-03, 1.52353e-02, 1.76148e+01
8.78834e-03, 9.73975e-03, 9.26404e-03, 1.67564e-02, 1.76123e+01
9.73975e-03, 1.07863e-02, 1.02630e-02, 1.84288e-02, 1.76092e+01
1.07863e-02, 1.19375e-02, 1.13619e-02, 2.02674e-02, 1.76054e+01
1.19375e-02, 1.32038e-02, 1.25707e-02, 2.22883e-02, 1.76009e+01
1.32038e-02, 1.45968e-02, 1.39003e-02, 2.45094e-02, 1.75953e+01
1.45968e-02, 1.61290e-02, 1.53629e-02, 2.69500e-02, 1.75886e+01
1.61290e-02, 1.78145e-02, 1.69717e-02, 2.96312e-02, 1.75803e+01
1.78145e-02, 1.96685e-02, 1.87415e-02, 3.25758e-02, 1.75704e+01
1.96685e-02, 2.17079e-02, 2.06882e-02, 3.58087e-02, 1.75583e+01
2.17079e-02, 2.39513e-02, 2.28296e-02, 3.93567e-02, 1.75436e+01
2.39513e-02, 2.64190e-02, 2.51851e-02, 4.32484e-02, 1.75258e+01
2.64190e-02, 2.91335e-02, 2.77762e-02, 4.75147e-02, 1.75042e+01
2.91335e-02, 3.21194e-02, 3.06264e-02, 5.21882e-02, 1.74781e+01
3.21194e-02, 3.54039e-02, 3.37616e-02, 5.73031e-02, 1.74465e+01
3.54039e-02, 3.90168e-02, 3.72104e-02, 6.28951e-02, 1.74082e+01
3.90168e-02, 4.29911e-02, 4.10040e-02, 6.90006e-02, 1.73619e+01
4.29911e-02, 4.73628e-02, 4.51769e-02, 7.56561e-02, 1.73060e+01
4.73628e-02, 5.21716e-02, 4.97672e-02, 8.28968e-02, 1.72384e+01
5.21716e-02, 5.74614e-02, 5.48165e-02, 9.07553e-02, 1.71569e+01
5.74614e-02, 6.32801e-02, 6.03707e-02, 9.92592e-02, 1.70586e+01
6.32801e-02, 6.96806e-02, 6.64804e-02, 1.08428e-01, 1.69403e+01
6.96806e-02, 7.67213e-02, 7.32010e-02, 1.18270e-01, 1.67982e+01
7.67213e-02, 8.44660e-02, 8.05936e-02, 1.28775e-01, 1.66275e+01
8.44660e-02, 9.29852e-02, 8.87256e-02, 1.39912e-01, 1.64232e+01
9.29852e-02, 1.02356e-01, 9.76707e-02, 1.51615e-01, 1.61790e+01
1.02356e-01, 1.12664e-01, 1.07510e-01, 1.63778e-01, 1.58882e+01
1.12664e-01, 1.24003e-01, 1.18334e-01, 1.76241e-01, 1.55429e+01
1.24003e-01, 1.36476e-01, 1.30240e-01, 1.88775e-01, 1.51348e+01
1.36476e-01, 1.50197e-01, 1.43336e-01, 2.01067e-01, 1.46548e+01
1.50197e-01, 1.65289e-01, 1.57743e-01, 2.12707e-01, 1.40938e+01
1.65289e-01, 1.81890e-01, 1.73590e-01, 2.23172e-01, 1.34429e+01
1.81890e-01, 2.00152e-01, 1.91021e-01, 2.31824e-01, 1.26946e+01
2.00152e-01, 2.20240e-01, 2.10196e-01, 2.37912e-01, 1.18436e+01
2.20240e-01, 2.42336e-01, 2.31288e-01, 2.40599e-01, 1.08886e+01
2.42336e-01, 2.66642e-01, 2.54489e-01, 2.39020e-01, 9.83370e+00
2.66642e-01, 2.93379e-01, 2.80011e-01, 2.32371e-01, 8.69106e+00
2.93379e-01, 3.22790e-01, 3.08084e-01, 2.20054e-01, 7.48215e+00
3.22790e-01, 3.55141e-01, 3.38965e-01, 2.01847e-01, 6.23918e+00
3.55141e-01, 3.90728e-01, 3.72934e-01, 1.78104e-01, 5.00479e+00
3.90728e-01, 4.29873e-01, 4.10301e-01, 1.49909e-01, 3.82956e+00
4.29873e-01, 4.72933e-01, 4.51403e-01, 1.19130e-01, 2.76660e+00
4.72933e-01, 5.20299e-01, 4.96616e-01, 8.82608e-02, 1.86338e+00
5.20299e-01, 5.72401e-01, 5.46350e-01, 6.00265e-02, 1.15209e+00
5.72401e-01, 6.29714e-01, 6.01058e-01, 3.67675e-02, 6.41524e-01
6.29714e-01, 6.92758e-01, 6.61236e-01, 1.98112e-02, 3.14244e-01
6.92758e-01, 7.62106e-01, 7.27432e-01, 9.12148e-03, 1.31531e-01
7.62106e-01, 8.38390e-01, 8.00248e-01, 3.46628e-03, 4.54396e-02
8.38390e-01, 9.22301e-01, 8.80345e-01, 1.05672e-03, 1.25932e-02
9.22301e-01, 1.01460e+00, 9.68453e-01, 2.48040e-04, 2.68725e-03
1.01460e+00, 1.11614e+00, 1.06537e+00, 6.15346e-100, 6.06056e-99
1.11614e+00, 1.22782e+00, 1.17198e+00, 0.00000e+00, 0.00000e+00
1.22782e+00, 1.35068e+00, 1.28925e+00, 0.00000e+00, 0.00000e+00
1.35068e+00, 1.48582e+00, 1.41825e+00, 0.00000e+00, 0.00000e+00
1.48582e+00, 1.63447e+00, 1.56015e+00, 0.00000e+00, 0.00000e+00
1.63447e+00, 1.79799e+00, 1.71623e+00, 0.00000e+00, 0.00000e+00
1.79799e+00, 1.97786e+00, 1.88793e+00, 0.00000e+00, 0.00000e+00
1.97786e+00, 2.17572e+00, 2.07679e+00, 0.00000e+00, 0.00000e+00
2.17572e+00, 2.39337e+00, 2.28455e+00, 0.00000e+00, 0.00000e+00
2.39337e+00, 2.63278e+00, 2.51307e+00, 0.00000e+00, 0.00000e+00
2.63278e+00, 2.89613e+00, 2.76445e+00, 0.00000e+00, 0.00000e+00
2.89613e+00, 3.18581e+00, 3.04097e+00, 0.00000e+00, 0.00000e+00
3.18581e+00, 3.50447e+00, 3.34514e+00, 0.00000e+00, 0.00000e+00
3.50447e+00, 3.85499e+00, 3.67973e+00, 0.00000e+00, 0.00000e+00
3.85499e+00, 4.24056e+00, 4.04777e+00, 0.00000e+00, 0.00000e+00
4.24056e+00, 4.66469e+00, 4.45262e+00, 0.00000e+00, 0.00000e+00
4.66469e+00, 5.13123e+00, 4.89796e+00, 0.00000e+00, 0.00000e+00
5.13123e+00, 5.64442e+00, 5.38783e+00, 0.00000e+00, 0.00000e+00
5.64442e+00, 6.20894e+00, 5.92668e+00, 0.00000e+00, 0.00000e+00
6.20894e+00, 6.82990e+00, 6.51942e+00, 0.00000e+00, 0.00000e+00
6.82990e+00, 7.51297e+00, 7.17144e+00, 0.00000e+00, 0.00000e+00
7.51297e+00, 8.26434e+00, 7.88865e+00, 0.00000e+00, 0.00000e+00
8.26434e+00, 9.09084e+00, 8.67759e+00, 0.00000e+00, 0.00000e+00
9.09084e+00, 1.00000e+01, 9.54542e+00, 0.00000e+00, 0.00000e+00
