# time = 2.300000000000000e+00# start, end, pivot, particles, density
0.00000e+00, 7.25710e-05, 3.62855e-05, 3.23295e-04, 4.45488e+00
7.25710e-05, 1.52399e-04, 1.12485e-04, 3.55625e-04, 4.45488e+00
1.52399e-04, 2.40210e-04, 1.96305e-04, 3.91187e-04, 4.45488e+00
2.40210e-04, 3.36802e-04, 2.88506e-04, 4.30306e-04, 4.45488e+00
3.36802e-04, 4.43053e-04, 3.89928e-04, 4.73336e-04, 4.45488e+00
4.43053e-04, 5.59929e-04, 5.01491e-04, 5.20670e-04, 4.45488e+00
5.59929e-04, 6.88493e-04, 6.24211e-04, 5.72737e-04, 4.45488e+00
6.88493e-04, 8.29914e-04, 7.59203e-04, 6.30010e-04, 4.45488e+00
8.29914e-04, 9.85476e-04, 9.07695e-04, 6.93011e-04, 4.45487e+00
9.85476e-04, 1.15659e-03, 1.07104e-03, 7.62311e-04, 4.45487e+00
1.15659e-03, 1.34482e-03, 1.25071e-03, 8.38542e-04, 4.45487e+00
1.34482e-03, 1.55188e-03, 1.44835e-03, 9.22395e-04, 4.45486e+00
1.55188e-03, 1.77964e-03, 1.66576e-03, 1.01463e-03, 4.45485e+00
1.77964e-03, 2.03017e-03, 1.90490e-03, 1.11609e-03, 4.45485e+00
2.03017e-03, 2.30576e-03, 2.16797e-03, 1.22770e-03, 4.45484e+00
2.30576e-03, 2.60891e-03, 2.45733e-03, 1.35047e-03, 4.45482e+00
2.60891e-03, 2.94237e-03, 2.77564e-03, 1.48551e-03, 4.45481e+00
2.94237e-03, 3.30918e-03, 3.12577e-03, 1.63405e-03, 4.45479e+00
3.30918e-03, 3.71267e-03, 3.51092e-03, 1.79745e-03, 4.45476e+00
3.71267e-03, 4.15650e-03, 3.93458e-03, 1.97718e-03, 4.45473e+00
4.15650e-03, 4.64472e-03, 4.40061e-03, 2.17488e-03, 4.45469e+00
4.64472e-03, 5.18177e-03, 4.91325e-03, 2.39234e-03, 4.45465e+00
5.18177e-03, 5.77252e-03, 5.47714e-03, 2.63154e-03, 4.45459e+00
5.77252e-03, 6.42234e-03, 6.09743e-03, 2.89465e-03, 4.45452e+00
6.42234e-03, 7.13714e-03, 6.77974e-03, 3.18405e-03, 4.45443e+00
7.13714e-03, 7.92343e-03, 7.53029e-03, 3.50237e-03, 4.45433e+00
7.92343e-03, 8.78834e-03, 8.35588e-03, 3.85250e-03, 4.45420e+00
8.78834e-03, 9.73975e-03, 9.26404e-03, 4.23760e-03, 4.45404e+00
9.73975e-03, 1.07863e-02, 1.02630e-02, 4.66116e-03, 4.45385e+00
1.07863e-02, 1.19375e-02, 1.13619e-02, 5.12701e-03, 4.45362e+00
1.19375e-02, 1.32038e-02, 1.25707e-02, 5.63935e-03, 4.45334e+00
1.32038e-02, 1.45968e-02, 1.39003e-02, 6.20281e-03, 4.45299e+00
1.45968e-02, 1.61290e-02, 1.53629e-02, 6.82245e-03, 4.45258e+00
1.61290e-02, 1.78145e-02, 1.69717e-02, 7.50384e-03, 4.45207e+00
1.78145e-02, 1.96685e-02, 1.87415e-02, 8.25308e-03, 4.45145e+00
1.96685e-02, 2.17079e-02, 2.06882e-02, 9.07686e-03, 4.45070e+00
2.17079e-02, 2.39513e-02, 2.28296e-02, 9.98250e-03, 4.44979e+00
2.39513e-02, 2.64190e-02, 2.51851e-02, 1.09780e-02, 4.44869e+00
2.64190e-02, 2.91335e-02, 2.77762e-02, 1.20722e-02, 4.44735e+00
2.91335e-02, 3.21194e-02, 3.06264e-02, 1.32746e-02, 4.44573e+00
3.21194e-02, 3.54039e-02, 3.37616e-02, 1.45956e-02, 4.44376e+00
3.54039e-02, 3.90168e-02, 3.72104e-02, 1.60465e-02, 4.44137e+00
3.90168e-02, 4.29911e-02, 4.10040e-02, 1.76397e-02, 4.43848e+00
4.29911e-02, 4.73628e-02, 4.51769e-02, 1.93883e-02, 4.43498e+00
4.73628e-02, 5.21716e-02, 4.97672e-02, 2.13068e-02, 4.43074e+00
5.21716e-02, 5.74614e-02, 5.48165e-02, 2.34103e-02, 4.42561e+00
5.74614e-02, 6.32801e-02, 6.03707e-02, 2.57152e-02, 4.41941e+00
6.32801e-02, 6.96806e-02, 6.64804e-02, 2.82387e-02, 4.41190e+00
6.96806e-02, 7.67213e-02, 7.32010e-02, 3.09986e-02, 4.40282e+00
7.67213e-02, 8.44660e-02, 8.05936e-02, 3.40135e-02, 4.39184e+00
8.44660e-02, 9.29852e-02, 8.87256e-02, 3.73019e-02, 4.37859e+00
9.29852e-02, 1.02356e-01, 9.76707e-02, 4.08822e-02, 4.36259e+00
1.02356e-01, 1.12664e-01, 1.07510e-01, 4.47715e-02, 4.34329e+00
1.12664e-01, 1.24003e-01, 1.18334e-01, 4.89850e-02, 4.32004e+00
1.24003e-01, 1.36476e-01, 1.30240e-01, 5.35342e-02, 4.29204e+00
1.36476e-01, 1.50197e-01, 1.43336e-01, 5.84258e-02, 4.25837e+00
1.50197e-01, 1.65289e-01, 1.57743e-01, 6.36584e-02, 4.21796e+00
1.65289e-01, 1.81890e-01, 1.73590e-01, 6.92200e-02, 4.16952e+00
1.81890e-01, 2.00152e-01, 1.91021e-01, 7.50842e-02, 4.11159e+00
2.00152e-01, 2.20240e-01, 2.10196e-01, 8.12047e-02, 4.04250e+00
2.20240e-01, 2.42336e-01, 2.31288e-01, 8.75099e-02, 3.96034e+00
2.42336e-01, 2.66642e-01, 2.54489e-01, 9.38956e-02, 3.86303e+00
2.66642e-01, 2.93379e-01, 2.80011e-01, 1.00217e-01, 3.74830e+00
2.93379e-01, 3.22790e-01, 3.08084e-01, 1.06283e-01, 3.61377e+00
3.22790e-01, 3.55141e-01, 3.38965e-01, 1.11842e-01, 3.45709e+00
3.55141e-01, 3.90728e-01, 3.72934e-01, 1.16586e-01, 3.27611e+00
3.90728e-01, 4.29873e-01, 4.10301e-01, 1.20142e-01, 3.06914e+00
4.29873e-01, 4.72933e-01, 4.51403e-01, 1.22087e-01, 2.83528e+00
4.72933e-01, 5.20299e-01, 4.96616e-01, 1.21963e-01, 2.57492e+00
5.20299e-01, 5.72401e-01, 5.46350e-01, 1.19327e-01, 2.29023e+00
5.72401e-01, 6.29714e-01, 6.01058e-01, 1.13806e-01, 1.98571e+00
6.29714e-01, 6.92758e-01, 6.61236e-01, 1.05197e-01, 1.66863e+00
6.92758e-01, 7.62106e-01, 7.27432e-01, 9.35677e-02, 1.34924e+00
7.62106e-01, 8.38390e-01, 8.00248e-01, 7.95224e-02, 1.04246e+00
8.38390e-01, 9.22301e-01, 8.80345e-01, 6.92847e-02, 8.25687e-01
9.22301e-01, 1.01460e+00, 9.68453e-01, 1.22666e-01, 1.32896e+00
1.01460e+00, 1.11614e+00, 1.06537e+00, 1.20846e-96, 1.19021e-95
1.11614e+00, 1.22782e+00, 1.17198e+00, 0.00000e+00, 0.00000e+00
1.22782e+00, 1.35068e+00, 1.28925e+00, 0.00000e+00, 0.00000e+00
1.35068e+00, 1.48582e+00, 1.41825e+00, 0.00000e+00, 0.00000e+00
1.48582e+00, 1.63447e+00, 1.56015e+00, 0.00000e+00, 0.00000e+00
1.63447e+00, 1.79799e+00, 1.71623e+00, 0.00000e+00, 0.00000e+00
1.79799e+00, 1.97786e+00, 1.88793e+00, 0.00000e+00, 0.00000e+00
1.97786e+00, 2.17572e+00, 2.07679e+00, 0.00000e+00, 0.00000e+00
2.17572e+00, 2.39337e+00, 2.28455e+00, 0.00000e+00, 0.00000e+00
2.39337e+00, 2.63278e+00, 2.51307e+00, 0.00000e+00, 0.00000e+00
2.63278e+00, 2.89613e+00, 2.76445e+00, 0.00000e+00, 0.00000e+00
2.89613e+00, 3.18581e+00, 3.04097e+00, 0.00000e+00, 0.00000e+00
3.18581e+00, 3.50447e+00, 3.34514e+00, 0.00000e+00, 0.00000e+00
3.50447e+00, 3.85499e+00, 3.67973e+00, 0.00000e+00, 0.00000e+00
3.85499e+00, 4.24056e+00, 4.04777e+00, 0.00000e+00, 0.00000e+00
4.24056e+00, 4.66469e+00, 4.45262e+00, 0.00000e+00, 0.00000e+00
4.66469e+00, 5.13123e+00, 4.89796e+00, 0.00000e+00, 0.00000e+00
5.13123e+00, 5.64442e+00, 5.38783e+00, 0.00000e+00, 0.00000e+00
5.64442e+00, 6.20894e+00, 5.92668e+00, 0.00000e+00, 0.00000e+00
6.20894e+00, 6.82990e+00, 6.51942e+00, 0.00000e+00, 0.00000e+00
6.82990e+00, 7.51297e+00, 7.17144e+00, 0.00000e+00, 0.00000e+00
7.51297e+00, 8.26434e+00, 7.88865e+00, 0.00000e+00, 0.00000e+00
8.26434e+00, 9.09084e+00, 8.67759e+00, 0.00000e+00, 0.00000e+00
9.09084e+00, 1.00000e+01, 9.54542e+00, 0.00000e+00, 0.00000e+00
