# time = 2.000000000000000e-01# start, end, pivot, particles, density
0.00000e+00, 7.25710e-05, 3.62855e-05, 0.00000e+00, 0.00000e+00
7.25710e-05, 1.52399e-04, 1.12485e-04, 3.08619e-05, 3.86605e-01
1.52399e-04, 2.40210e-04, 1.96305e-04, 3.39481e-05, 3.86605e-01
2.40210e-04, 3.36802e-04, 2.88506e-04, 3.73429e-05, 3.86605e-01
3.36802e-04, 4.43053e-04, 3.89928e-04, 4.10772e-05, 3.86605e-01
4.43053e-04, 5.59929e-04, 5.01491e-04, 4.51850e-05, 3.86605e-01
5.59929e-04, 6.88493e-04, 6.24211e-04, 4.97035e-05, 3.86605e-01
6.88493e-04, 8.29914e-04, 7.59203e-04, 5.46738e-05, 3.86605e-01
8.29914e-04, 9.85476e-04, 9.07695e-04, 6.01412e-05, 3.86605e-01
9.85476e-04, 1.15659e-03, 1.07104e-03, 6.61553e-05, 3.86605e-01
1.15659e-03, 1.34482e-03, 1.25071e-03, 7.27708e-05, 3.86605e-01
1.34482e-03, 1.55188e-03, 1.44835e-03, 8.00479e-05, 3.86605e-01
1.55188e-03, 1.77964e-03, 1.66576e-03, 8.80527e-05, 3.86605e-01
1.77964e-03, 2.03017e-03, 1.90490e-03, 9.68579e-05, 3.86605e-01
2.03017e-03, 2.30576e-03, 2.16797e-03, 1.06544e-04, 3.86605e-01
2.30576e-03, 2.60891e-03, 2.45733e-03, 1.17198e-04, 3.86605e-01
2.60891e-03, 2.94237e-03, 2.77564e-03, 1.28918e-04, 3.86605e-01
2.94237e-03, 3.30918e-03, 3.12577e-03, 1.41810e-04, 3.86605e-01
3.30918e-03, 3.71267e-03, 3.51092e-03, 1.55991e-04, 3.86604e-01
3.71267e-03, 4.15650e-03, 3.93458e-03, 1.71590e-04, 3.86604e-01
4.15650e-03, 4.64472e-03, 4.40061e-03, 1.88748e-04, 3.86604e-01
4.64472e-03, 5.18177e-03, 4.91325e-03, 2.07623e-04, 3.86604e-01
5.18177e-03, 5.77252e-03, 5.47714e-03, 2.28385e-04, 3.86604e-01
5.77252e-03, 6.42234e-03, 6.09743e-03, 2.51224e-04, 3.86603e-01
6.42234e-03, 7.13714e-03, 6.77974e-03, 2.76346e-04, 3.86603e-01
7.13714e-03, 7.92343e-03, 7.53029e-03, 3.03980e-04, 3.86603e-01
7.92343e-03, 8.78834e-03, 8.35588e-03, 3.34378e-04, 3.86602e-01
8.78834e-03, 9.73975e-03, 9.26404e-03, 3.67815e-04, 3.86601e-01
9.73975e-03, 1.07863e-02, 1.02630e-02, 4.04595e-04, 3.86601e-01
1.07863e-02, 1.19375e-02, 1.13619e-02, 4.45054e-04, 3.86600e-01
1.19375e-02, 1.32038e-02, 1.25707e-02, 4.89558e-04, 3.86599e-01
1.32038e-02, 1.45968e-02, 1.39003e-02, 5.38511e-04, 3.86597e-01
1.45968e-02, 1.61290e-02, 1.53629e-02, 5.92360e-04, 3.86595e-01
1.61290e-02, 1.78145e-02, 1.69717e-02, 6.51592e-04, 3.86593e-01
1.78145e-02, 1.96685e-02, 1.87415e-02, 7.16747e-04, 3.86591e-01
1.96685e-02, 2.17079e-02, 2.06882e-02, 7.88415e-04, 3.86588e-01
2.17079e-02, 2.39513e-02, 2.28296e-02, 8.67248e-04, 3.86584e-01
2.39513e-02, 2.64190e-02, 2.51851e-02, 9.53961e-04, 3.86579e-01
2.64190e-02, 2.91335e-02, 2.77762e-02, 1.04934e-03, 3.86573e-01
2.91335e-02, 3.21194e-02, 3.06264e-02, 1.15426e-03, 3.86567e-01
3.21194e-02, 3.54039e-02, 3.37616e-02, 1.26965e-03, 3.86558e-01
3.54039e-02, 3.90168e-02, 3.72104e-02, 1.39658e-03, 3.86548e-01
3.90168e-02, 4.29911e-02, 4.10040e-02, 1.53619e-03, 3.86536e-01
4.29911e-02, 4.73628e-02, 4.51769e-02, 1.68975e-03, 3.86522e-01
4.73628e-02, 5.21716e-02, 4.97672e-02, 1.85864e-03, 3.86504e-01
5.21716e-02, 5.74614e-02, 5.48165e-02, 2.04439e-03, 3.86482e-01
5.74614e-02, 6.32801e-02, 6.03707e-02, 2.24868e-03, 3.86456e-01
6.32801e-02, 6.96806e-02, 6.64804e-02, 2.47334e-03, 3.86425e-01
6.96806e-02, 7.67213e-02, 7.32010e-02, 2.72041e-03, 3.86386e-01
7.67213e-02, 8.44660e-02, 8.05936e-02, 2.99209e-03, 3.86340e-01
8.44660e-02, 9.29852e-02, 8.87256e-02, 3.29082e-03, 3.86284e-01
9.29852e-02, 1.02356e-01, 9.76707e-02, 3.61926e-03, 3.86216e-01
1.02356e-01, 1.12664e-01, 1.07510e-01, 3.98034e-03, 3.86134e-01
1.12664e-01, 1.24003e-01, 1.18334e-01, 4.37724e-03, 3.86034e-01
1.24003e-01, 1.36476e-01, 1.30240e-01, 4.81346e-03, 3.85913e-01
1.36476e-01, 1.50197e-01, 1.43336e-01, 5.29281e-03, 3.85767e-01
1.50197e-01, 1.65289e-01, 1.57743e-01, 5.81942e-03, 3.85590e-01
1.65289e-01, 1.81890e-01, 1.73590e-01, 6.39781e-03, 3.85376e-01
1.81890e-01, 2.00152e-01, 1.91021e-01, 7.03285e-03, 3.85117e-01
2.00152e-01, 2.20240e-01, 2.10196e-01, 7.72984e-03, 3.84803e-01
2.20240e-01, 2.42336e-01, 2.31288e-01, 8.49443e-03, 3.84424e-01
2.42336e-01, 2.66642e-01, 2.54489e-01, 9.33271e-03, 3.83964e-01
2.66642e-01, 2.93379e-01, 2.80011e-01, 1.02511e-02, 3.83408e-01
2.93379e-01, 3.22790e-01, 3.08084e-01, 1.12564e-02, 3.82735e-01
3.22790e-01, 3.55141e-01, 3.38965e-01, 1.23557e-02, 3.81920e-01
3.55141e-01, 3.90728e-01, 3.72934e-01, 1.35562e-02, 3.80935e-01
3.90728e-01, 4.29873e-01, 4.10301e-01, 1.48651e-02, 3.79741e-01
4.29873e-01, 4.72933e-01, 4.51403e-01, 1.62894e-02, 3.78297e-01
4.72933e-01, 5.20299e-01, 4.96616e-01, 1.78356e-02, 3.76550e-01
5.20299e-01, 5.72401e-01, 5.46350e-01, 1.95090e-02, 3.74435e-01
5.72401e-01, 6.29714e-01, 6.01058e-01, 2.13132e-02, 3.71876e-01
6.29714e-01, 6.92758e-01, 6.61236e-01, 2.32493e-02, 3.68779e-01
6.92758e-01, 7.62106e-01, 7.27432e-01, 2.53143e-02, 3.65032e-01
7.62106e-01, 8.38390e-01, 8.00248e-01, 2.74998e-02, 3.60496e-01
8.38390e-01, 9.22301e-01, 8.80345e-01, 2.97893e-02, 3.55009e-01
9.22301e-01, 1.01460e+00, 9.68453e-01, 8.21216e-01, 8.89699e+00
1.01460e+00, 1.11614e+00, 1.06537e+00, 1.23434e-95, 1.21570e-94
1.11614e+00, 1.22782e+00, 1.17198e+00, 0.00000e+00, 0.00000e+00
1.22782e+00, 1.35068e+00, 1.28925e+00, 0.00000e+00, 0.00000e+00
1.35068e+00, 1.48582e+00, 1.41825e+00, 0.00000e+00, 0.00000e+00
1.48582e+00, 1.63447e+00, 1.56015e+00, 0.00000e+00, 0.00000e+00
1.63447e+00, 1.79799e+00, 1.71623e+00, 0.00000e+00, 0.00000e+00
1.79799e+00, 1.97786e+00, 1.88793e+00, 0.00000e+00, 0.00000e+00
1.97786e+00, 2.17572e+00, 2.07679e+00, 0.00000e+00, 0.00000e+00
2.17572e+00, 2.39337e+00, 2.28455e+00, 0.00000e+00, 0.00000e+00
2.39337e+00, 2.63278e+00, 2.51307e+00, 0.00000e+00, 0.00000e+00
2.63278e+00, 2.89613e+00, 2.76445e+00, 0.00000e+00, 0.00000e+00
2.89613e+00, 3.18581e+00, 3.04097e+00, 0.00000e+00, 0.00000e+00
3.18581e+00, 3.50447e+00, 3.34514e+00, 0.00000e+00, 0.00000e+00
3.50447e+00, 3.85499e+00, 3.67973e+00, 0.00000e+00, 0.00000e+00
3.85499e+00, 4.24056e+00, 4.04777e+00, 0.00000e+00, 0.00000e+00
4.24056e+00, 4.66469e+00, 4.45262e+00, 0.00000e+00, 0.00000e+00
4.66469e+00, 5.13123e+00, 4.89796e+00, 0.00000e+00, 0.00000e+00
5.13123e+00, 5.64442e+00, 5.38783e+00, 0.00000e+00, 0.00000e+00
5.64442e+00, 6.20894e+00, 5.92668e+00, 0.00000e+00, 0.00000e+00
6.20894e+00, 6.82990e+00, 6.51942e+00, 0.00000e+00, 0.00000e+00
6.82990e+00, 7.51297e+00, 7.17144e+00, 0.00000e+00, 0.00000e+00
7.51297e+00, 8.26434e+00, 7.88865e+00, 0.00000e+00, 0.00000e+00
8.26434e+00, 9.09084e+00, 8.67759e+00, 0.00000e+00, 0.00000e+00
9.09084e+00, 1.00000e+01, 9.54542e+00, 0.00000e+00, 0.00000e+00
