# time = 5.000000000000000e-01# start, end, pivot, particles, density
0.00000e+00, 2.41493e-04, 1.20747e-04, 2.41464e-04, 9.99879e-01
2.41493e-04, 5.31286e-04, 3.86390e-04, 1.70496e-04, 5.88339e-01
5.31286e-04, 8.79036e-04, 7.05161e-04, 2.04500e-04, 5.88066e-01
8.79036e-04, 1.29634e-03, 1.08769e-03, 2.45264e-04, 5.87739e-01
1.29634e-03, 1.79710e-03, 1.54672e-03, 2.94120e-04, 5.87347e-01
1.79710e-03, 2.39801e-03, 2.09755e-03, 3.52662e-04, 5.86877e-01
2.39801e-03, 3.11911e-03, 2.75856e-03, 4.22788e-04, 5.86313e-01
3.11911e-03, 3.98442e-03, 3.55176e-03, 5.06761e-04, 5.85637e-01
3.98442e-03, 5.02280e-03, 4.50361e-03, 6.07272e-04, 5.84828e-01
5.02280e-03, 6.26885e-03, 5.64583e-03, 7.27519e-04, 5.83858e-01
6.26885e-03, 7.76412e-03, 7.01648e-03, 8.71287e-04, 5.82697e-01
7.76412e-03, 9.55843e-03, 8.66127e-03, 1.04305e-03, 5.81308e-01
9.55843e-03, 1.17116e-02, 1.06350e-02, 1.24808e-03, 5.79646e-01
1.17116e-02, 1.42954e-02, 1.30035e-02, 1.49256e-03, 5.77659e-01
1.42954e-02, 1.73960e-02, 1.58457e-02, 1.78372e-03, 5.75286e-01
1.73960e-02, 2.11167e-02, 1.92564e-02, 2.12992e-03, 5.72453e-01
2.11167e-02, 2.55815e-02, 2.33491e-02, 2.54083e-03, 5.69076e-01
2.55815e-02, 3.09393e-02, 2.82604e-02, 3.02745e-03, 5.65055e-01
3.09393e-02, 3.73687e-02, 3.41540e-02, 3.60221e-03, 5.60276e-01
3.73687e-02, 4.50839e-02, 4.12263e-02, 4.27891e-03, 5.54605e-01
4.50839e-02, 5.43422e-02, 4.97131e-02, 5.07253e-03, 5.47891e-01
5.43422e-02, 6.54521e-02, 5.98972e-02, 5.99896e-03, 5.39964e-01
6.54521e-02, 7.87841e-02, 7.21181e-02, 7.07437e-03, 5.30634e-01
7.87841e-02, 9.47824e-02, 8.67832e-02, 8.31424e-03, 5.19695e-01
9.47824e-02, 1.13980e-01, 1.04381e-01, 9.73199e-03, 5.06928e-01
1.13980e-01, 1.37018e-01, 1.25499e-01, 1.13370e-02, 4.92109e-01
1.37018e-01, 1.64663e-01, 1.50840e-01, 1.31320e-02, 4.75020e-01
1.64663e-01, 1.97837e-01, 1.81250e-01, 1.51096e-02, 4.55464e-01
1.97837e-01, 2.37646e-01, 2.17742e-01, 1.72488e-02, 4.33290e-01
2.37646e-01, 2.85417e-01, 2.61531e-01, 1.95105e-02, 4.08420e-01
2.85417e-01, 3.42742e-01, 3.14079e-01, 2.18338e-02, 3.80879e-01
3.42742e-01, 4.11531e-01, 3.77136e-01, 2.41341e-02, 3.50839e-01
4.11531e-01, 4.94079e-01, 4.52805e-01, 2.63033e-02, 3.18644e-01
4.94079e-01, 5.93136e-01, 5.43608e-01, 2.82152e-02, 2.84837e-01
5.93136e-01, 7.12005e-01, 6.52571e-01, 2.97365e-02, 2.50162e-01
7.12005e-01, 8.54648e-01, 7.83326e-01, 3.07440e-02, 2.15532e-01
8.54648e-01, 1.02582e+00, 9.40233e-01, 3.11462e-02, 1.81959e-01
1.02582e+00, 1.23122e+00, 1.12852e+00, 3.09029e-02, 1.50448e-01
1.23122e+00, 1.47771e+00, 1.35447e+00, 3.00374e-02, 1.21862e-01
1.47771e+00, 1.77349e+00, 1.62560e+00, 2.86329e-02, 9.68034e-02
1.77349e+00, 2.12843e+00, 1.95096e+00, 2.68103e-02, 7.55348e-02
2.12843e+00, 2.55436e+00, 2.34140e+00, 2.46967e-02, 5.79832e-02
2.55436e+00, 3.06548e+00, 2.80992e+00, 2.23955e-02, 4.38169e-02
3.06548e+00, 3.67881e+00, 3.37214e+00, 1.99747e-02, 3.25673e-02
3.67881e+00, 4.41482e+00, 4.04681e+00, 1.74752e-02, 2.37433e-02
4.41482e+00, 5.29802e+00, 4.85642e+00, 1.49289e-02, 1.69031e-02
5.29802e+00, 6.35787e+00, 5.82794e+00, 1.23757e-02, 1.16769e-02
6.35787e+00, 7.62968e+00, 6.99378e+00, 9.87340e-03, 7.76323e-03
7.62968e+00, 9.15586e+00, 8.39277e+00, 7.49972e-03, 4.91405e-03
9.15586e+00, 1.09873e+01, 1.00716e+01, 5.34897e-03, 2.92068e-03
1.09873e+01, 1.31850e+01, 1.20861e+01, 3.51858e-03, 1.60103e-03
1.31850e+01, 1.58222e+01, 1.45036e+01, 2.08625e-03, 7.91073e-04
1.58222e+01, 1.89869e+01, 1.74045e+01, 1.08274e-03, 3.42133e-04
1.89869e+01, 2.27845e+01, 2.08857e+01, 4.73894e-04, 1.24787e-04
2.27845e+01, 2.73417e+01, 2.50631e+01, 1.66924e-04, 3.66292e-05
2.73417e+01, 3.28102e+01, 3.00759e+01, 4.46576e-05, 8.16622e-06
3.28102e+01, 3.93725e+01, 3.60914e+01, 8.45825e-06, 1.28892e-06
3.93725e+01, 4.72473e+01, 4.33099e+01, 1.04316e-06, 1.32469e-07
4.72473e+01, 5.66969e+01, 5.19721e+01, 7.59297e-08, 8.03515e-09
5.66969e+01, 6.80366e+01, 6.23668e+01, 2.90533e-09, 2.56211e-10
6.80366e+01, 8.16441e+01, 7.48404e+01, 5.08979e-11, 3.74042e-12
8.16441e+01, 9.79732e+01, 8.98087e+01, 3.45286e-13, 2.11455e-14
9.79732e+01, 1.17568e+02, 1.07771e+02, 7.39200e-16, 3.77241e-17
1.17568e+02, 1.41082e+02, 1.29325e+02, 3.89238e-19, 1.65535e-20
1.41082e+02, 1.69299e+02, 1.55190e+02, 3.73312e-23, 1.32302e-24
1.69299e+02, 2.03159e+02, 1.86229e+02, 4.55993e-28, 1.34670e-29
2.03159e+02, 2.43790e+02, 2.23475e+02, 4.64966e-34, 1.14434e-35
2.43790e+02, 2.92549e+02, 2.68170e+02, 2.40371e-41, 4.92984e-43
2.92549e+02, 3.51059e+02, 3.21804e+02, 3.48137e-50, 5.95005e-52
3.51059e+02, 4.21271e+02, 3.86165e+02, 6.97008e-61, 9.92718e-63
4.21271e+02, 5.05525e+02, 4.63398e+02, 8.49572e-74, 1.00834e-75
5.05525e+02, 6.06631e+02, 5.56078e+02, 2.66560e-89, 2.63646e-91
6.06631e+02, 7.27957e+02, 6.67294e+02, 1.15842e-107, 9.54794e-110
7.27957e+02, 8.73548e+02, 8.00753e+02, 3.64307e-129, 2.50225e-131
8.73548e+02, 1.04826e+03, 9.60903e+02, 1.17649e-154, 6.73396e-157
1.04826e+03, 1.25791e+03, 1.15308e+03, 3.65178e-185, 1.74183e-187
1.25791e+03, 1.50949e+03, 1.38370e+03, 9.29193e-222, 3.69340e-224
1.50949e+03, 1.81139e+03, 1.66044e+03, 1.14079e-265, 3.77870e-268
1.81139e+03, 2.17367e+03, 1.99253e+03, 2.31600e-318, 6.39321e-321
2.17367e+03, 2.60840e+03, 2.39104e+03, 0.00000e+00, 0.00000e+00
2.60840e+03, 3.13009e+03, 2.86924e+03, 0.00000e+00, 0.00000e+00
3.13009e+03, 3.75610e+03, 3.44309e+03, 0.00000e+00, 0.00000e+00
3.75610e+03, 4.50732e+03, 4.13171e+03, 0.00000e+00, 0.00000e+00
4.50732e+03, 5.40879e+03, 4.95806e+03, 0.00000e+00, 0.00000e+00
5.40879e+03, 6.49055e+03, 5.94967e+03, 0.00000e+00, 0.00000e+00
6.49055e+03, 7.78866e+03, 7.13960e+03, 0.00000e+00, 0.00000e+00
7.78866e+03, 9.34639e+03, 8.56752e+03, 0.00000e+00, 0.00000e+00
9.34639e+03, 1.12157e+04, 1.02810e+04, 0.00000e+00, 0.00000e+00
1.12157e+04, 1.34588e+04, 1.23372e+04, 0.00000e+00, 0.00000e+00
1.34588e+04, 1.61506e+04, 1.48047e+04, 0.00000e+00, 0.00000e+00
1.61506e+04, 1.93807e+04, 1.77656e+04, 0.00000e+00, 0.00000e+00
1.93807e+04, 2.32568e+04, 2.13187e+04, 0.00000e+00, 0.00000e+00
2.32568e+04, 2.79082e+04, 2.55825e+04, 0.00000e+00, 0.00000e+00
2.79082e+04, 3.34898e+04, 3.06990e+04, 0.00000e+00, 0.00000e+00
3.34898e+04, 4.01878e+04, 3.68388e+04, 0.00000e+00, 0.00000e+00
4.01878e+04, 4.82253e+04, 4.42065e+04, 0.00000e+00, 0.00000e+00
4.82253e+04, 5.78704e+04, 5.30478e+04, 0.00000e+00, 0.00000e+00
5.78704e+04, 6.94444e+04, 6.36574e+04, 0.00000e+00, 0.00000e+00
6.94444e+04, 8.33333e+04, 7.63889e+04, 0.00000e+00, 0.00000e+00
8.33333e+04, 1.00000e+05, 9.16667e+04, 0.00000e+00, 0.00000e+00
