# time = 3.000000000000000e-01# start, end, pivot, particles, density
0.00000e+00, 2.41493e-04, 1.20747e-04, 1.75695e-04, 7.27536e-01
2.41493e-04, 5.31286e-04, 3.86390e-04, 2.10761e-04, 7.27285e-01
5.31286e-04, 8.79036e-04, 7.05161e-04, 2.52809e-04, 7.26983e-01
8.79036e-04, 1.29634e-03, 1.08769e-03, 3.03220e-04, 7.26622e-01
1.29634e-03, 1.79710e-03, 1.54672e-03, 3.63647e-04, 7.26188e-01
1.79710e-03, 2.39801e-03, 2.09755e-03, 4.36063e-04, 7.25668e-01
2.39801e-03, 3.11911e-03, 2.75856e-03, 5.22826e-04, 7.25044e-01
3.11911e-03, 3.98442e-03, 3.55176e-03, 6.26745e-04, 7.24297e-01
3.98442e-03, 5.02280e-03, 4.50361e-03, 7.51164e-04, 7.23401e-01
5.02280e-03, 6.26885e-03, 5.64583e-03, 9.00059e-04, 7.22328e-01
6.26885e-03, 7.76412e-03, 7.01648e-03, 1.07815e-03, 7.21043e-01
7.76412e-03, 9.55843e-03, 8.66127e-03, 1.29102e-03, 7.19503e-01
9.55843e-03, 1.17116e-02, 1.06350e-02, 1.54526e-03, 7.17663e-01
1.17116e-02, 1.42954e-02, 1.30035e-02, 1.84861e-03, 7.15459e-01
1.42954e-02, 1.73960e-02, 1.58457e-02, 2.21017e-03, 7.12826e-01
1.73960e-02, 2.11167e-02, 1.92564e-02, 2.64050e-03, 7.09680e-01
2.11167e-02, 2.55815e-02, 2.33491e-02, 3.15187e-03, 7.05931e-01
2.55815e-02, 3.09393e-02, 2.82604e-02, 3.75826e-03, 7.01455e-01
3.09393e-02, 3.73687e-02, 3.41540e-02, 4.47571e-03, 6.96136e-01
3.73687e-02, 4.50839e-02, 4.12263e-02, 5.32204e-03, 6.89809e-01
4.50839e-02, 5.43422e-02, 4.97131e-02, 6.31699e-03, 6.82307e-01
5.43422e-02, 6.54521e-02, 5.98972e-02, 7.48146e-03, 6.73403e-01
6.54521e-02, 7.87841e-02, 7.21181e-02, 8.83853e-03, 6.62960e-01
7.87841e-02, 9.47824e-02, 8.67832e-02, 1.04089e-02, 6.50628e-01
9.47824e-02, 1.13980e-01, 1.04381e-01, 1.22137e-02, 6.36195e-01
1.13980e-01, 1.37018e-01, 1.25499e-01, 1.42688e-02, 6.19369e-01
1.37018e-01, 1.64663e-01, 1.50840e-01, 1.65833e-02, 5.99864e-01
1.64663e-01, 1.97837e-01, 1.81250e-01, 1.91549e-02, 5.77407e-01
1.97837e-01, 2.37646e-01, 2.17742e-01, 2.19649e-02, 5.51758e-01
2.37646e-01, 2.85417e-01, 2.61531e-01, 2.49564e-02, 5.22421e-01
2.85417e-01, 3.42742e-01, 3.14079e-01, 2.81093e-02, 4.90352e-01
3.42742e-01, 4.11531e-01, 3.77136e-01, 3.12572e-02, 4.54387e-01
4.11531e-01, 4.94079e-01, 4.52805e-01, 3.42964e-02, 4.15474e-01
4.94079e-01, 5.93136e-01, 5.43608e-01, 3.70417e-02, 3.73943e-01
5.93136e-01, 7.12005e-01, 6.52571e-01, 3.93127e-02, 3.30724e-01
7.12005e-01, 8.54648e-01, 7.83326e-01, 4.08940e-02, 2.86688e-01
8.54648e-01, 1.02582e+00, 9.40233e-01, 4.16221e-02, 2.43161e-01
1.02582e+00, 1.23122e+00, 1.12852e+00, 4.13820e-02, 2.01465e-01
1.23122e+00, 1.47771e+00, 1.35447e+00, 4.01486e-02, 1.62884e-01
1.47771e+00, 1.77349e+00, 1.62560e+00, 3.79942e-02, 1.28453e-01
1.77349e+00, 2.12843e+00, 1.95096e+00, 3.50752e-02, 9.88200e-02
2.12843e+00, 2.55436e+00, 2.34140e+00, 3.15897e-02, 7.41668e-02
2.55436e+00, 3.06548e+00, 2.80992e+00, 2.77317e-02, 5.42573e-02
3.06548e+00, 3.67881e+00, 3.37214e+00, 2.36588e-02, 3.85739e-02
3.67881e+00, 4.41482e+00, 4.04681e+00, 1.94986e-02, 2.64926e-02
4.41482e+00, 5.29802e+00, 4.85642e+00, 1.53747e-02, 1.74079e-02
5.29802e+00, 6.35787e+00, 5.82794e+00, 1.14381e-02, 1.07923e-02
6.35787e+00, 7.62968e+00, 6.99378e+00, 7.87584e-03, 6.19259e-03
7.62968e+00, 9.15586e+00, 8.39277e+00, 4.89059e-03, 3.20447e-03
9.15586e+00, 1.09873e+01, 1.00716e+01, 2.64679e-03, 1.44522e-03
1.09873e+01, 1.31850e+01, 1.20861e+01, 1.19555e-03, 5.44001e-04
1.31850e+01, 1.58222e+01, 1.45036e+01, 4.27475e-04, 1.62092e-04
1.58222e+01, 1.89869e+01, 1.74045e+01, 1.13590e-04, 3.58929e-05
1.89869e+01, 2.27845e+01, 2.08857e+01, 2.08202e-05, 5.48244e-06
2.27845e+01, 2.73417e+01, 2.50631e+01, 2.41078e-06, 5.29011e-07
2.73417e+01, 3.28102e+01, 3.00759e+01, 1.58982e-07, 2.90719e-08
3.28102e+01, 3.93725e+01, 3.60914e+01, 5.28714e-09, 8.05686e-10
3.93725e+01, 4.72473e+01, 4.33099e+01, 7.68841e-11, 9.76338e-12
4.72473e+01, 5.66969e+01, 5.19721e+01, 4.13330e-13, 4.37400e-14
5.66969e+01, 6.80366e+01, 6.23668e+01, 6.73203e-16, 5.93673e-17
6.80366e+01, 8.16441e+01, 7.48404e+01, 2.61842e-19, 1.92424e-20
8.16441e+01, 9.79732e+01, 8.98087e+01, 1.82762e-23, 1.11924e-24
9.79732e+01, 1.17568e+02, 1.07771e+02, 1.62448e-28, 8.29030e-30
1.17568e+02, 1.41082e+02, 1.29325e+02, 1.21937e-34, 5.18576e-36
1.41082e+02, 1.69299e+02, 1.55190e+02, 4.72883e-42, 1.67590e-43
1.69299e+02, 2.03159e+02, 1.86229e+02, 5.25778e-51, 1.55280e-52
2.03159e+02, 2.43790e+02, 2.23475e+02, 8.25678e-62, 2.03209e-63
2.43790e+02, 2.92549e+02, 2.68170e+02, 7.80552e-75, 1.60086e-76
2.92549e+02, 3.51059e+02, 3.21804e+02, 1.59024e-90, 2.71790e-92
3.51059e+02, 4.21271e+02, 3.86165e+02, 2.02987e-109, 2.89105e-111
4.21271e+02, 5.05525e+02, 4.63398e+02, 3.68356e-132, 4.37195e-134
5.05525e+02, 6.06631e+02, 5.56078e+02, 1.60492e-159, 1.58737e-161
6.06631e+02, 7.27957e+02, 6.67294e+02, 1.99240e-192, 1.64218e-194
7.27957e+02, 8.73548e+02, 8.00753e+02, 5.48305e-232, 3.76605e-234
8.73548e+02, 1.04826e+03, 9.60903e+02, 1.56998e-279, 8.98623e-282
1.04826e+03, 1.25791e+03, 1.15308e+03, 0.00000e+00, 0.00000e+00
1.25791e+03, 1.50949e+03, 1.38370e+03, 0.00000e+00, 0.00000e+00
1.50949e+03, 1.81139e+03, 1.66044e+03, 0.00000e+00, 0.00000e+00
1.81139e+03, 2.17367e+03, 1.99253e+03, 0.00000e+00, 0.00000e+00
2.17367e+03, 2.60840e+03, 2.39104e+03, 0.00000e+00, 0.00000e+00
2.60840e+03, 3.13009e+03, 2.86924e+03, 0.00000e+00, 0.00000e+00
3.13009e+03, 3.75610e+03, 3.44309e+03, 0.00000e+00, 0.00000e+00
3.75610e+03, 4.50732e+03, 4.13171e+03, 0.00000e+00, 0.00000e+00
4.50732e+03, 5.40879e+03, 4.95806e+03, 0.00000e+00, 0.00000e+00
5.40879e+03, 6.49055e+03, 5.94967e+03, 0.00000e+00, 0.00000e+00
6.49055e+03, 7.78866e+03, 7.13960e+03, 0.00000e+00, 0.00000e+00
7.78866e+03, 9.34639e+03, 8.56752e+03, 0.00000e+00, 0.00000e+00
9.34639e+03, 1.12157e+04, 1.02810e+04, 0.00000e+00, 0.00000e+00
1.12157e+04, 1.34588e+04, 1.23372e+04, 0.00000e+00, 0.00000e+00
1.34588e+04, 1.61506e+04, 1.48047e+04, 0.00000e+00, 0.00000e+00
1.61506e+04, 1.93807e+04, 1.77656e+04, 0.00000e+00, 0.00000e+00
1.93807e+04, 2.32568e+04, 2.13187e+04, 0.00000e+00, 0.00000e+00
2.32568e+04, 2.79082e+04, 2.55825e+04, 0.00000e+00, 0.00000e+00
2.79082e+04, 3.34898e+04, 3.06990e+04, 0.00000e+00, 0.00000e+00
3.34898e+04, 4.01878e+04, 3.68388e+04, 0.00000e+00, 0.00000e+00
4.01878e+04, 4.82253e+04, 4.42065e+04, 0.00000e+00, 0.00000e+00
4.82253e+04, 5.78704e+04, 5.30478e+04, 0.00000e+00, 0.00000e+00
5.78704e+04, 6.94444e+04, 6.36574e+04, 0.00000e+00, 0.00000e+00
6.94444e+04, 8.33333e+04, 7.63889e+04, 0.00000e+00, 0.00000e+00
8.33333e+04, 1.00000e+05, 9.16667e+04, 0.00000e+00, 0.00000e+00
