# time = 8.545454545454545e-01# start, end, pivot, particles, density
0.00000e+00, 2.00000e-02, 1.00000e-02, 0.00000e+00, 0.00000e+00
2.00000e-02, 4.00000e-02, 3.00000e-02, 0.00000e+00, 0.00000e+00
4.00000e-02, 6.00000e-02, 5.00000e-02, 0.00000e+00, 0.00000e+00
6.00000e-02, 8.00000e-02, 7.00000e-02, 0.00000e+00, 0.00000e+00
8.00000e-02, 1.00000e-01, 9.00000e-02, 0.00000e+00, 0.00000e+00
1.00000e-01, 1.20000e-01, 1.10000e-01, 0.00000e+00, 0.00000e+00
1.20000e-01, 1.40000e-01, 1.30000e-01, 0.00000e+00, 0.00000e+00
1.40000e-01, 1.60000e-01, 1.50000e-01, 0.00000e+00, 0.00000e+00
1.60000e-01, 1.80000e-01, 1.70000e-01, 0.00000e+00, 0.00000e+00
1.80000e-01, 2.00000e-01, 1.90000e-01, 0.00000e+00, 0.00000e+00
2.00000e-01, 2.20000e-01, 2.10000e-01, 0.00000e+00, 0.00000e+00
2.20000e-01, 2.40000e-01, 2.30000e-01, 0.00000e+00, 0.00000e+00
2.40000e-01, 2.60000e-01, 2.50000e-01, 0.00000e+00, 0.00000e+00
2.60000e-01, 2.80000e-01, 2.70000e-01, 0.00000e+00, 0.00000e+00
2.80000e-01, 3.00000e-01, 2.90000e-01, 0.00000e+00, 0.00000e+00
3.00000e-01, 3.20000e-01, 3.10000e-01, 0.00000e+00, 0.00000e+00
3.20000e-01, 3.40000e-01, 3.30000e-01, 0.00000e+00, 0.00000e+00
3.40000e-01, 3.60000e-01, 3.50000e-01, 0.00000e+00, 0.00000e+00
3.60000e-01, 3.80000e-01, 3.70000e-01, 0.00000e+00, 0.00000e+00
3.80000e-01, 4.00000e-01, 3.90000e-01, 0.00000e+00, 0.00000e+00
4.00000e-01, 4.20000e-01, 4.10000e-01, 0.00000e+00, 0.00000e+00
4.20000e-01, 4.40000e-01, 4.30000e-01, 0.00000e+00, 0.00000e+00
4.40000e-01, 4.60000e-01, 4.50000e-01, 0.00000e+00, 0.00000e+00
4.60000e-01, 4.80000e-01, 4.70000e-01, 0.00000e+00, 0.00000e+00
4.80000e-01, 5.00000e-01, 4.90000e-01, 0.00000e+00, 0.00000e+00
5.00000e-01, 5.20000e-01, 5.10000e-01, 0.00000e+00, 0.00000e+00
5.20000e-01, 5.40000e-01, 5.30000e-01, 0.00000e+00, 0.00000e+00
5.40000e-01, 5.60000e-01, 5.50000e-01, 0.00000e+00, 0.00000e+00
5.60000e-01, 5.80000e-01, 5.70000e-01, 0.00000e+00, 0.00000e+00
5.80000e-01, 6.00000e-01, 5.90000e-01, 0.00000e+00, 0.00000e+00
6.00000e-01, 6.20000e-01, 6.10000e-01, 0.00000e+00, 0.00000e+00
6.20000e-01, 6.40000e-01, 6.30000e-01, 0.00000e+00, 0.00000e+00
6.40000e-01, 6.60000e-01, 6.50000e-01, 0.00000e+00, 0.00000e+00
6.60000e-01, 6.80000e-01, 6.70000e-01, 0.00000e+00, 0.00000e+00
6.80000e-01, 7.00000e-01, 6.90000e-01, 0.00000e+00, 0.00000e+00
7.00000e-01, 7.20000e-01, 7.10000e-01, 0.00000e+00, 0.00000e+00
7.20000e-01, 7.40000e-01, 7.30000e-01, 0.00000e+00, 0.00000e+00
7.40000e-01, 7.60000e-01, 7.50000e-01, 2.26764e-51, 1.13382e-49
7.60000e-01, 7.80000e-01, 7.70000e-01, 1.07033e-48, 5.35163e-47
7.80000e-01, 8.00000e-01, 7.90000e-01, 2.47268e-46, 1.23634e-44
8.00000e-01, 8.20000e-01, 8.10000e-01, 3.72622e-44, 1.86311e-42
8.20000e-01, 8.40000e-01, 8.30000e-01, 4.11871e-42, 2.05935e-40
8.40000e-01, 8.60000e-01, 8.50000e-01, 3.56005e-40, 1.78003e-38
8.60000e-01, 8.80000e-01, 8.70000e-01, 2.50528e-38, 1.25264e-36
8.80000e-01, 9.00000e-01, 8.90000e-01, 1.47555e-36, 7.37777e-35
9.00000e-01, 9.20000e-01, 9.10000e-01, 7.42093e-35, 3.71046e-33
9.20000e-01, 9.40000e-01, 9.30000e-01, 3.23551e-33, 1.61776e-31
9.40000e-01, 9.60000e-01, 9.50000e-01, 1.23745e-31, 6.18727e-30
9.60000e-01, 9.80000e-01, 9.70000e-01, 4.19074e-30, 2.09537e-28
9.80000e-01, 1.00000e+00, 9.90000e-01, 1.26628e-28, 6.33138e-27
1.00000e+00, 1.02000e+00, 1.01000e+00, 3.43516e-27, 1.71758e-25
1.02000e+00, 1.04000e+00, 1.03000e+00, 8.40977e-26, 4.20488e-24
1.04000e+00, 1.06000e+00, 1.05000e+00, 1.86596e-24, 9.32982e-23
1.06000e+00, 1.08000e+00, 1.07000e+00, 3.76582e-23, 1.88291e-21
1.08000e+00, 1.10000e+00, 1.09000e+00, 6.93349e-22, 3.46674e-20
1.10000e+00, 1.12000e+00, 1.11000e+00, 1.16750e-20, 5.83750e-19
1.12000e+00, 1.14000e+00, 1.13000e+00, 1.80162e-19, 9.00810e-18
1.14000e+00, 1.16000e+00, 1.15000e+00, 2.55207e-18, 1.27603e-16
1.16000e+00, 1.18000e+00, 1.17000e+00, 3.32287e-17, 1.66143e-15
1.18000e+00, 1.20000e+00, 1.19000e+00, 3.98071e-16, 1.99035e-14
1.20000e+00, 1.22000e+00, 1.21000e+00, 4.39074e-15, 2.19537e-13
1.22000e+00, 1.24000e+00, 1.23000e+00, 4.46100e-14, 2.23050e-12
1.24000e+00, 1.26000e+00, 1.25000e+00, 4.17552e-13, 2.08776e-11
1.26000e+00, 1.28000e+00, 1.27000e+00, 3.60022e-12, 1.80011e-10
1.28000e+00, 1.30000e+00, 1.29000e+00, 2.85843e-11, 1.42921e-09
1.30000e+00, 1.32000e+00, 1.31000e+00, 2.08849e-10, 1.04425e-08
1.32000e+00, 1.34000e+00, 1.33000e+00, 1.40298e-09, 7.01490e-08
1.34000e+00, 1.36000e+00, 1.35000e+00, 8.65501e-09, 4.32750e-07
1.36000e+00, 1.38000e+00, 1.37000e+00, 4.89589e-08, 2.44795e-06
1.38000e+00, 1.40000e+00, 1.39000e+00, 2.53486e-07, 1.26743e-05
1.40000e+00, 1.42000e+00, 1.41000e+00, 1.19865e-06, 5.99325e-05
1.42000e+00, 1.44000e+00, 1.43000e+00, 5.16342e-06, 2.58171e-04
1.44000e+00, 1.46000e+00, 1.45000e+00, 2.02022e-05, 1.01011e-03
1.46000e+00, 1.48000e+00, 1.47000e+00, 7.15467e-05, 3.57733e-03
1.48000e+00, 1.50000e+00, 1.49000e+00, 2.28462e-04, 1.14231e-02
1.50000e+00, 1.52000e+00, 1.51000e+00, 6.54882e-04, 3.27441e-02
1.52000e+00, 1.54000e+00, 1.53000e+00, 1.67696e-03, 8.38479e-02
1.54000e+00, 1.56000e+00, 1.55000e+00, 3.81618e-03, 1.90809e-01
1.56000e+00, 1.58000e+00, 1.57000e+00, 7.67723e-03, 3.83861e-01
1.58000e+00, 1.60000e+00, 1.59000e+00, 1.35905e-02, 6.79527e-01
1.60000e+00, 1.62000e+00, 1.61000e+00, 2.11136e-02, 1.05568e+00
1.62000e+00, 1.64000e+00, 1.63000e+00, 2.88353e-02, 1.44176e+00
1.64000e+00, 1.66000e+00, 1.65000e+00, 3.49636e-02, 1.74818e+00
1.66000e+00, 1.68000e+00, 1.67000e+00, 3.84807e-02, 1.92403e+00
1.68000e+00, 1.70000e+00, 1.69000e+00, 3.97732e-02, 1.98866e+00
1.70000e+00, 1.72000e+00, 1.71000e+00, 4.00000e-02, 2.00000e+00
1.72000e+00, 1.74000e+00, 1.73000e+00, 4.00000e-02, 2.00000e+00
1.74000e+00, 1.76000e+00, 1.75000e+00, 4.00000e-02, 2.00000e+00
1.76000e+00, 1.78000e+00, 1.77000e+00, 4.00000e-02, 2.00000e+00
1.78000e+00, 1.80000e+00, 1.79000e+00, 4.00000e-02, 2.00000e+00
1.80000e+00, 1.82000e+00, 1.81000e+00, 4.00000e-02, 2.00000e+00
1.82000e+00, 1.84000e+00, 1.83000e+00, 4.00000e-02, 2.00000e+00
1.84000e+00, 1.86000e+00, 1.85000e+00, 4.00000e-02, 2.00000e+00
1.86000e+00, 1.88000e+00, 1.87000e+00, 4.00000e-02, 2.00000e+00
1.88000e+00, 1.90000e+00, 1.89000e+00, 3.99997e-02, 1.99999e+00
1.90000e+00, 1.92000e+00, 1.91000e+00, 3.99988e-02, 1.99994e+00
1.92000e+00, 1.94000e+00, 1.93000e+00, 3.99948e-02, 1.99974e+00
1.94000e+00, 1.96000e+00, 1.95000e+00, 3.99798e-02, 1.99899e+00
1.96000e+00, 1.98000e+00, 1.97000e+00, 3.99285e-02, 1.99642e+00
1.98000e+00, 2.00000e+00, 1.99000e+00, 3.97715e-02, 1.98858e+00
2.00000e+00, 2.02000e+00, 2.01000e+00, 3.93451e-02, 1.96726e+00
2.02000e+00, 2.04000e+00, 2.03000e+00, 3.83230e-02, 1.91615e+00
2.04000e+00, 2.06000e+00, 2.05000e+00, 3.61838e-02, 1.80919e+00
2.06000e+00, 2.08000e+00, 2.07000e+00, 3.23228e-02, 1.61614e+00
2.08000e+00, 2.10000e+00, 2.09000e+00, 2.64095e-02, 1.32047e+00
2.10000e+00, 2.12000e+00, 2.11000e+00, 1.88864e-02, 9.44318e-01
2.12000e+00, 2.14000e+00, 2.13000e+00, 1.11647e-02, 5.58236e-01
2.14000e+00, 2.16000e+00, 2.15000e+00, 5.03642e-03, 2.51821e-01
2.16000e+00, 2.18000e+00, 2.17000e+00, 1.51932e-03, 7.59659e-02
2.18000e+00, 2.20000e+00, 2.19000e+00, 2.26764e-04, 1.13382e-02
2.20000e+00, 2.22000e+00, 2.21000e+00, 0.00000e+00, 0.00000e+00
2.22000e+00, 2.24000e+00, 2.23000e+00, 0.00000e+00, 0.00000e+00
2.24000e+00, 2.26000e+00, 2.25000e+00, 0.00000e+00, 0.00000e+00
2.26000e+00, 2.28000e+00, 2.27000e+00, 0.00000e+00, 0.00000e+00
2.28000e+00, 2.30000e+00, 2.29000e+00, 0.00000e+00, 0.00000e+00
2.30000e+00, 2.32000e+00, 2.31000e+00, 0.00000e+00, 0.00000e+00
2.32000e+00, 2.34000e+00, 2.33000e+00, 0.00000e+00, 0.00000e+00
2.34000e+00, 2.36000e+00, 2.35000e+00, 0.00000e+00, 0.00000e+00
2.36000e+00, 2.38000e+00, 2.37000e+00, 0.00000e+00, 0.00000e+00
2.38000e+00, 2.40000e+00, 2.39000e+00, 0.00000e+00, 0.00000e+00
2.40000e+00, 2.42000e+00, 2.41000e+00, 0.00000e+00, 0.00000e+00
2.42000e+00, 2.44000e+00, 2.43000e+00, 0.00000e+00, 0.00000e+00
2.44000e+00, 2.46000e+00, 2.45000e+00, 0.00000e+00, 0.00000e+00
2.46000e+00, 2.48000e+00, 2.47000e+00, 0.00000e+00, 0.00000e+00
2.48000e+00, 2.50000e+00, 2.49000e+00, 0.00000e+00, 0.00000e+00
2.50000e+00, 2.52000e+00, 2.51000e+00, 0.00000e+00, 0.00000e+00
2.52000e+00, 2.54000e+00, 2.53000e+00, 0.00000e+00, 0.00000e+00
2.54000e+00, 2.56000e+00, 2.55000e+00, 0.00000e+00, 0.00000e+00
2.56000e+00, 2.58000e+00, 2.57000e+00, 0.00000e+00, 0.00000e+00
2.58000e+00, 2.60000e+00, 2.59000e+00, 0.00000e+00, 0.00000e+00
2.60000e+00, 2.62000e+00, 2.61000e+00, 0.00000e+00, 0.00000e+00
2.62000e+00, 2.64000e+00, 2.63000e+00, 0.00000e+00, 0.00000e+00
2.64000e+00, 2.66000e+00, 2.65000e+00, 0.00000e+00, 0.00000e+00
2.66000e+00, 2.68000e+00, 2.67000e+00, 0.00000e+00, 0.00000e+00
2.68000e+00, 2.70000e+00, 2.69000e+00, 0.00000e+00, 0.00000e+00
2.70000e+00, 2.72000e+00, 2.71000e+00, 0.00000e+00, 0.00000e+00
2.72000e+00, 2.74000e+00, 2.73000e+00, 0.00000e+00, 0.00000e+00
2.74000e+00, 2.76000e+00, 2.75000e+00, 0.00000e+00, 0.00000e+00
2.76000e+00, 2.78000e+00, 2.77000e+00, 0.00000e+00, 0.00000e+00
2.78000e+00, 2.80000e+00, 2.79000e+00, 0.00000e+00, 0.00000e+00
2.80000e+00, 2.82000e+00, 2.81000e+00, 0.00000e+00, 0.00000e+00
2.82000e+00, 2.84000e+00, 2.83000e+00, 0.00000e+00, 0.00000e+00
2.84000e+00, 2.86000e+00, 2.85000e+00, 0.00000e+00, 0.00000e+00
2.86000e+00, 2.88000e+00, 2.87000e+00, 0.00000e+00, 0.00000e+00
2.88000e+00, 2.90000e+00, 2.89000e+00, 0.00000e+00, 0.00000e+00
2.90000e+00, 2.92000e+00, 2.91000e+00, 0.00000e+00, 0.00000e+00
2.92000e+00, 2.94000e+00, 2.93000e+00, 0.00000e+00, 0.00000e+00
2.94000e+00, 2.96000e+00, 2.95000e+00, 0.00000e+00, 0.00000e+00
2.96000e+00, 2.98000e+00, 2.97000e+00, 0.00000e+00, 0.00000e+00
2.98000e+00, 3.00000e+00, 2.99000e+00, 0.00000e+00, 0.00000e+00
3.00000e+00, 3.02000e+00, 3.01000e+00, 0.00000e+00, 0.00000e+00
3.02000e+00, 3.04000e+00, 3.03000e+00, 0.00000e+00, 0.00000e+00
3.04000e+00, 3.06000e+00, 3.05000e+00, 0.00000e+00, 0.00000e+00
3.06000e+00, 3.08000e+00, 3.07000e+00, 0.00000e+00, 0.00000e+00
3.08000e+00, 3.10000e+00, 3.09000e+00, 0.00000e+00, 0.00000e+00
3.10000e+00, 3.12000e+00, 3.11000e+00, 0.00000e+00, 0.00000e+00
3.12000e+00, 3.14000e+00, 3.13000e+00, 0.00000e+00, 0.00000e+00
3.14000e+00, 3.16000e+00, 3.15000e+00, 0.00000e+00, 0.00000e+00
3.16000e+00, 3.18000e+00, 3.17000e+00, 0.00000e+00, 0.00000e+00
3.18000e+00, 3.20000e+00, 3.19000e+00, 0.00000e+00, 0.00000e+00
3.20000e+00, 3.22000e+00, 3.21000e+00, 0.00000e+00, 0.00000e+00
3.22000e+00, 3.24000e+00, 3.23000e+00, 0.00000e+00, 0.00000e+00
3.24000e+00, 3.26000e+00, 3.25000e+00, 0.00000e+00, 0.00000e+00
3.26000e+00, 3.28000e+00, 3.27000e+00, 0.00000e+00, 0.00000e+00
3.28000e+00, 3.30000e+00, 3.29000e+00, 0.00000e+00, 0.00000e+00
3.30000e+00, 3.32000e+00, 3.31000e+00, 0.00000e+00, 0.00000e+00
3.32000e+00, 3.34000e+00, 3.33000e+00, 0.00000e+00, 0.00000e+00
3.34000e+00, 3.36000e+00, 3.35000e+00, 0.00000e+00, 0.00000e+00
3.36000e+00, 3.38000e+00, 3.37000e+00, 0.00000e+00, 0.00000e+00
3.38000e+00, 3.40000e+00, 3.39000e+00, 0.00000e+00, 0.00000e+00
3.40000e+00, 3.42000e+00, 3.41000e+00, 0.00000e+00, 0.00000e+00
3.42000e+00, 3.44000e+00, 3.43000e+00, 0.00000e+00, 0.00000e+00
3.44000e+00, 3.46000e+00, 3.45000e+00, 0.00000e+00, 0.00000e+00
3.46000e+00, 3.48000e+00, 3.47000e+00, 0.00000e+00, 0.00000e+00
3.48000e+00, 3.50000e+00, 3.49000e+00, 0.00000e+00, 0.00000e+00
3.50000e+00, 3.52000e+00, 3.51000e+00, 0.00000e+00, 0.00000e+00
3.52000e+00, 3.54000e+00, 3.53000e+00, 0.00000e+00, 0.00000e+00
3.54000e+00, 3.56000e+00, 3.55000e+00, 0.00000e+00, 0.00000e+00
3.56000e+00, 3.58000e+00, 3.57000e+00, 0.00000e+00, 0.00000e+00
3.58000e+00, 3.60000e+00, 3.59000e+00, 0.00000e+00, 0.00000e+00
3.60000e+00, 3.62000e+00, 3.61000e+00, 0.00000e+00, 0.00000e+00
3.62000e+00, 3.64000e+00, 3.63000e+00, 0.00000e+00, 0.00000e+00
3.64000e+00, 3.66000e+00, 3.65000e+00, 0.00000e+00, 0.00000e+00
3.66000e+00, 3.68000e+00, 3.67000e+00, 0.00000e+00, 0.00000e+00
3.68000e+00, 3.70000e+00, 3.69000e+00, 0.00000e+00, 0.00000e+00
3.70000e+00, 3.72000e+00, 3.71000e+00, 0.00000e+00, 0.00000e+00
3.72000e+00, 3.74000e+00, 3.73000e+00, 0.00000e+00, 0.00000e+00
3.74000e+00, 3.76000e+00, 3.75000e+00, 0.00000e+00, 0.00000e+00
3.76000e+00, 3.78000e+00, 3.77000e+00, 0.00000e+00, 0.00000e+00
3.78000e+00, 3.80000e+00, 3.79000e+00, 0.00000e+00, 0.00000e+00
3.80000e+00, 3.82000e+00, 3.81000e+00, 0.00000e+00, 0.00000e+00
3.82000e+00, 3.84000e+00, 3.83000e+00, 0.00000e+00, 0.00000e+00
3.84000e+00, 3.86000e+00, 3.85000e+00, 0.00000e+00, 0.00000e+00
3.86000e+00, 3.88000e+00, 3.87000e+00, 0.00000e+00, 0.00000e+00
3.88000e+00, 3.90000e+00, 3.89000e+00, 0.00000e+00, 0.00000e+00
3.90000e+00, 3.92000e+00, 3.91000e+00, 0.00000e+00, 0.00000e+00
3.92000e+00, 3.94000e+00, 3.93000e+00, 0.00000e+00, 0.00000e+00
3.94000e+00, 3.96000e+00, 3.95000e+00, 0.00000e+00, 0.00000e+00
3.96000e+00, 3.98000e+00, 3.97000e+00, 0.00000e+00, 0.00000e+00
3.98000e+00, 4.00000e+00, 3.99000e+00, 0.00000e+00, 0.00000e+00
