# time = 9.454545454545454e-01# start, end, pivot, particles, density
0.00000e+00, 2.00000e-02, 1.00000e-02, 0.00000e+00, 0.00000e+00
2.00000e-02, 4.00000e-02, 3.00000e-02, 0.00000e+00, 0.00000e+00
4.00000e-02, 6.00000e-02, 5.00000e-02, 0.00000e+00, 0.00000e+00
6.00000e-02, 8.00000e-02, 7.00000e-02, 0.00000e+00, 0.00000e+00
8.00000e-02, 1.00000e-01, 9.00000e-02, 0.00000e+00, 0.00000e+00
1.00000e-01, 1.20000e-01, 1.10000e-01, 0.00000e+00, 0.00000e+00
1.20000e-01, 1.40000e-01, 1.30000e-01, 0.00000e+00, 0.00000e+00
1.40000e-01, 1.60000e-01, 1.50000e-01, 0.00000e+00, 0.00000e+00
1.60000e-01, 1.80000e-01, 1.70000e-01, 0.00000e+00, 0.00000e+00
1.80000e-01, 2.00000e-01, 1.90000e-01, 0.00000e+00, 0.00000e+00
2.00000e-01, 2.20000e-01, 2.10000e-01, 0.00000e+00, 0.00000e+00
2.20000e-01, 2.40000e-01, 2.30000e-01, 0.00000e+00, 0.00000e+00
2.40000e-01, 2.60000e-01, 2.50000e-01, 0.00000e+00, 0.00000e+00
2.60000e-01, 2.80000e-01, 2.70000e-01, 0.00000e+00, 0.00000e+00
2.80000e-01, 3.00000e-01, 2.90000e-01, 0.00000e+00, 0.00000e+00
3.00000e-01, 3.20000e-01, 3.10000e-01, 0.00000e+00, 0.00000e+00
3.20000e-01, 3.40000e-01, 3.30000e-01, 0.00000e+00, 0.00000e+00
3.40000e-01, 3.60000e-01, 3.50000e-01, 0.00000e+00, 0.00000e+00
3.60000e-01, 3.80000e-01, 3.70000e-01, 0.00000e+00, 0.00000e+00
3.80000e-01, 4.00000e-01, 3.90000e-01, 0.00000e+00, 0.00000e+00
4.00000e-01, 4.20000e-01, 4.10000e-01, 0.00000e+00, 0.00000e+00
4.20000e-01, 4.40000e-01, 4.30000e-01, 0.00000e+00, 0.00000e+00
4.40000e-01, 4.60000e-01, 4.50000e-01, 0.00000e+00, 0.00000e+00
4.60000e-01, 4.80000e-01, 4.70000e-01, 0.00000e+00, 0.00000e+00
4.80000e-01, 5.00000e-01, 4.90000e-01, 0.00000e+00, 0.00000e+00
5.00000e-01, 5.20000e-01, 5.10000e-01, 0.00000e+00, 0.00000e+00
5.20000e-01, 5.40000e-01, 5.30000e-01, 0.00000e+00, 0.00000e+00
5.40000e-01, 5.60000e-01, 5.50000e-01, 0.00000e+00, 0.00000e+00
5.60000e-01, 5.80000e-01, 5.70000e-01, 0.00000e+00, 0.00000e+00
5.80000e-01, 6.00000e-01, 5.90000e-01, 0.00000e+00, 0.00000e+00
6.00000e-01, 6.20000e-01, 6.10000e-01, 0.00000e+00, 0.00000e+00
6.20000e-01, 6.40000e-01, 6.30000e-01, 0.00000e+00, 0.00000e+00
6.40000e-01, 6.60000e-01, 6.50000e-01, 0.00000e+00, 0.00000e+00
6.60000e-01, 6.80000e-01, 6.70000e-01, 0.00000e+00, 0.00000e+00
6.80000e-01, 7.00000e-01, 6.90000e-01, 0.00000e+00, 0.00000e+00
7.00000e-01, 7.20000e-01, 7.10000e-01, 0.00000e+00, 0.00000e+00
7.20000e-01, 7.40000e-01, 7.30000e-01, 0.00000e+00, 0.00000e+00
7.40000e-01, 7.60000e-01, 7.50000e-01, 1.40803e-56, 7.04013e-55
7.60000e-01, 7.80000e-01, 7.70000e-01, 7.34989e-54, 3.67495e-52
7.80000e-01, 8.00000e-01, 7.90000e-01, 1.88171e-51, 9.40856e-50
8.00000e-01, 8.20000e-01, 8.10000e-01, 3.14922e-49, 1.57461e-47
8.20000e-01, 8.40000e-01, 8.30000e-01, 3.87449e-47, 1.93724e-45
8.40000e-01, 8.60000e-01, 8.50000e-01, 3.73626e-45, 1.86813e-43
8.60000e-01, 8.80000e-01, 8.70000e-01, 2.94049e-43, 1.47024e-41
8.80000e-01, 9.00000e-01, 8.90000e-01, 1.94179e-41, 9.70895e-40
9.00000e-01, 9.20000e-01, 9.10000e-01, 1.09785e-39, 5.48924e-38
9.20000e-01, 9.40000e-01, 9.30000e-01, 5.39597e-38, 2.69799e-36
9.40000e-01, 9.60000e-01, 9.50000e-01, 2.33326e-36, 1.16663e-34
9.60000e-01, 9.80000e-01, 9.70000e-01, 8.96107e-35, 4.48054e-33
9.80000e-01, 1.00000e+00, 9.90000e-01, 3.08053e-33, 1.54027e-31
1.00000e+00, 1.02000e+00, 1.01000e+00, 9.53979e-32, 4.76990e-30
1.02000e+00, 1.04000e+00, 1.03000e+00, 2.67556e-30, 1.33778e-28
1.04000e+00, 1.06000e+00, 1.05000e+00, 6.82653e-29, 3.41326e-27
1.06000e+00, 1.08000e+00, 1.07000e+00, 1.59053e-27, 7.95264e-26
1.08000e+00, 1.10000e+00, 1.09000e+00, 3.39496e-26, 1.69748e-24
1.10000e+00, 1.12000e+00, 1.11000e+00, 6.65682e-25, 3.32841e-23
1.12000e+00, 1.14000e+00, 1.13000e+00, 1.20182e-23, 6.00912e-22
1.14000e+00, 1.16000e+00, 1.15000e+00, 2.00174e-22, 1.00087e-20
1.16000e+00, 1.18000e+00, 1.17000e+00, 3.08087e-21, 1.54043e-19
1.18000e+00, 1.20000e+00, 1.19000e+00, 4.38760e-20, 2.19380e-18
1.20000e+00, 1.22000e+00, 1.21000e+00, 5.78818e-19, 2.89409e-17
1.22000e+00, 1.24000e+00, 1.23000e+00, 7.07928e-18, 3.53964e-16
1.24000e+00, 1.26000e+00, 1.25000e+00, 8.03233e-17, 4.01616e-15
1.26000e+00, 1.28000e+00, 1.27000e+00, 8.45829e-16, 4.22915e-14
1.28000e+00, 1.30000e+00, 1.29000e+00, 8.26814e-15, 4.13407e-13
1.30000e+00, 1.32000e+00, 1.31000e+00, 7.50282e-14, 3.75141e-12
1.32000e+00, 1.34000e+00, 1.33000e+00, 6.31915e-13, 3.15957e-11
1.34000e+00, 1.36000e+00, 1.35000e+00, 4.93795e-12, 2.46898e-10
1.36000e+00, 1.38000e+00, 1.37000e+00, 3.57801e-11, 1.78900e-09
1.38000e+00, 1.40000e+00, 1.39000e+00, 2.40217e-10, 1.20108e-08
1.40000e+00, 1.42000e+00, 1.41000e+00, 1.49279e-09, 7.46397e-08
1.42000e+00, 1.44000e+00, 1.43000e+00, 8.57629e-09, 4.28814e-07
1.44000e+00, 1.46000e+00, 1.45000e+00, 4.54845e-08, 2.27423e-06
1.46000e+00, 1.48000e+00, 1.47000e+00, 2.22301e-07, 1.11150e-05
1.48000e+00, 1.50000e+00, 1.49000e+00, 9.99207e-07, 4.99603e-05
1.50000e+00, 1.52000e+00, 1.51000e+00, 4.12095e-06, 2.06047e-04
1.52000e+00, 1.54000e+00, 1.53000e+00, 1.55528e-05, 7.77642e-04
1.54000e+00, 1.56000e+00, 1.55000e+00, 5.35527e-05, 2.67764e-03
1.56000e+00, 1.58000e+00, 1.57000e+00, 1.67661e-04, 8.38307e-03
1.58000e+00, 1.60000e+00, 1.59000e+00, 4.75461e-04, 2.37731e-02
1.60000e+00, 1.62000e+00, 1.61000e+00, 1.21623e-03, 6.08117e-02
1.62000e+00, 1.64000e+00, 1.63000e+00, 2.79385e-03, 1.39692e-01
1.64000e+00, 1.66000e+00, 1.65000e+00, 5.73716e-03, 2.86858e-01
1.66000e+00, 1.68000e+00, 1.67000e+00, 1.04874e-02, 5.24371e-01
1.68000e+00, 1.70000e+00, 1.69000e+00, 1.70133e-02, 8.50667e-01
1.70000e+00, 1.72000e+00, 1.71000e+00, 2.44846e-02, 1.22423e+00
1.72000e+00, 1.74000e+00, 1.73000e+00, 3.14082e-02, 1.57041e+00
1.74000e+00, 1.76000e+00, 1.75000e+00, 3.63870e-02, 1.81935e+00
1.76000e+00, 1.78000e+00, 1.77000e+00, 3.89862e-02, 1.94931e+00
1.78000e+00, 1.80000e+00, 1.79000e+00, 3.98592e-02, 1.99296e+00
1.80000e+00, 1.82000e+00, 1.81000e+00, 4.00000e-02, 2.00000e+00
1.82000e+00, 1.84000e+00, 1.83000e+00, 4.00000e-02, 2.00000e+00
1.84000e+00, 1.86000e+00, 1.85000e+00, 4.00000e-02, 2.00000e+00
1.86000e+00, 1.88000e+00, 1.87000e+00, 4.00000e-02, 2.00000e+00
1.88000e+00, 1.90000e+00, 1.89000e+00, 4.00000e-02, 2.00000e+00
1.90000e+00, 1.92000e+00, 1.91000e+00, 4.00000e-02, 2.00000e+00
1.92000e+00, 1.94000e+00, 1.93000e+00, 4.00000e-02, 2.00000e+00
1.94000e+00, 1.96000e+00, 1.95000e+00, 4.00000e-02, 2.00000e+00
1.96000e+00, 1.98000e+00, 1.97000e+00, 3.99998e-02, 1.99999e+00
1.98000e+00, 2.00000e+00, 1.99000e+00, 3.99990e-02, 1.99995e+00
2.00000e+00, 2.02000e+00, 2.01000e+00, 3.99959e-02, 1.99979e+00
2.02000e+00, 2.04000e+00, 2.03000e+00, 3.99844e-02, 1.99922e+00
2.04000e+00, 2.06000e+00, 2.05000e+00, 3.99464e-02, 1.99732e+00
2.06000e+00, 2.08000e+00, 2.07000e+00, 3.98323e-02, 1.99162e+00
2.08000e+00, 2.10000e+00, 2.09000e+00, 3.95245e-02, 1.97623e+00
2.10000e+00, 2.12000e+00, 2.11000e+00, 3.87838e-02, 1.93919e+00
2.12000e+00, 2.14000e+00, 2.13000e+00, 3.72062e-02, 1.86031e+00
2.14000e+00, 2.16000e+00, 2.15000e+00, 3.42628e-02, 1.71314e+00
2.16000e+00, 2.18000e+00, 2.17000e+00, 2.95126e-02, 1.47563e+00
2.18000e+00, 2.20000e+00, 2.19000e+00, 2.29867e-02, 1.14933e+00
2.20000e+00, 2.22000e+00, 2.21000e+00, 1.55154e-02, 7.75769e-01
2.22000e+00, 2.24000e+00, 2.23000e+00, 8.59177e-03, 4.29588e-01
2.24000e+00, 2.26000e+00, 2.25000e+00, 3.61299e-03, 1.80650e-01
2.26000e+00, 2.28000e+00, 2.27000e+00, 1.01378e-03, 5.06889e-02
2.28000e+00, 2.30000e+00, 2.29000e+00, 1.40803e-04, 7.04013e-03
2.30000e+00, 2.32000e+00, 2.31000e+00, 0.00000e+00, 0.00000e+00
2.32000e+00, 2.34000e+00, 2.33000e+00, 0.00000e+00, 0.00000e+00
2.34000e+00, 2.36000e+00, 2.35000e+00, 0.00000e+00, 0.00000e+00
2.36000e+00, 2.38000e+00, 2.37000e+00, 0.00000e+00, 0.00000e+00
2.38000e+00, 2.40000e+00, 2.39000e+00, 0.00000e+00, 0.00000e+00
2.40000e+00, 2.42000e+00, 2.41000e+00, 0.00000e+00, 0.00000e+00
2.42000e+00, 2.44000e+00, 2.43000e+00, 0.00000e+00, 0.00000e+00
2.44000e+00, 2.46000e+00, 2.45000e+00, 0.00000e+00, 0.00000e+00
2.46000e+00, 2.48000e+00, 2.47000e+00, 0.00000e+00, 0.00000e+00
2.48000e+00, 2.50000e+00, 2.49000e+00, 0.00000e+00, 0.00000e+00
2.50000e+00, 2.52000e+00, 2.51000e+00, 0.00000e+00, 0.00000e+00
2.52000e+00, 2.54000e+00, 2.53000e+00, 0.00000e+00, 0.00000e+00
2.54000e+00, 2.56000e+00, 2.55000e+00, 0.00000e+00, 0.00000e+00
2.56000e+00, 2.58000e+00, 2.57000e+00, 0.00000e+00, 0.00000e+00
2.58000e+00, 2.60000e+00, 2.59000e+00, 0.00000e+00, 0.00000e+00
2.60000e+00, 2.62000e+00, 2.61000e+00, 0.00000e+00, 0.00000e+00
2.62000e+00, 2.64000e+00, 2.63000e+00, 0.00000e+00, 0.00000e+00
2.64000e+00, 2.66000e+00, 2.65000e+00, 0.00000e+00, 0.00000e+00
2.66000e+00, 2.68000e+00, 2.67000e+00, 0.00000e+00, 0.00000e+00
2.68000e+00, 2.70000e+00, 2.69000e+00, 0.00000e+00, 0.00000e+00
2.70000e+00, 2.72000e+00, 2.71000e+00, 0.00000e+00, 0.00000e+00
2.72000e+00, 2.74000e+00, 2.73000e+00, 0.00000e+00, 0.00000e+00
2.74000e+00, 2.76000e+00, 2.75000e+00, 0.00000e+00, 0.00000e+00
2.76000e+00, 2.78000e+00, 2.77000e+00, 0.00000e+00, 0.00000e+00
2.78000e+00, 2.80000e+00, 2.79000e+00, 0.00000e+00, 0.00000e+00
2.80000e+00, 2.82000e+00, 2.81000e+00, 0.00000e+00, 0.00000e+00
2.82000e+00, 2.84000e+00, 2.83000e+00, 0.00000e+00, 0.00000e+00
2.84000e+00, 2.86000e+00, 2.85000e+00, 0.00000e+00, 0.00000e+00
2.86000e+00, 2.88000e+00, 2.87000e+00, 0.00000e+00, 0.00000e+00
2.88000e+00, 2.90000e+00, 2.89000e+00, 0.00000e+00, 0.00000e+00
2.90000e+00, 2.92000e+00, 2.91000e+00, 0.00000e+00, 0.00000e+00
2.92000e+00, 2.94000e+00, 2.93000e+00, 0.00000e+00, 0.00000e+00
2.94000e+00, 2.96000e+00, 2.95000e+00, 0.00000e+00, 0.00000e+00
2.96000e+00, 2.98000e+00, 2.97000e+00, 0.00000e+00, 0.00000e+00
2.98000e+00, 3.00000e+00, 2.99000e+00, 0.00000e+00, 0.00000e+00
3.00000e+00, 3.02000e+00, 3.01000e+00, 0.00000e+00, 0.00000e+00
3.02000e+00, 3.04000e+00, 3.03000e+00, 0.00000e+00, 0.00000e+00
3.04000e+00, 3.06000e+00, 3.05000e+00, 0.00000e+00, 0.00000e+00
3.06000e+00, 3.08000e+00, 3.07000e+00, 0.00000e+00, 0.00000e+00
3.08000e+00, 3.10000e+00, 3.09000e+00, 0.00000e+00, 0.00000e+00
3.10000e+00, 3.12000e+00, 3.11000e+00, 0.00000e+00, 0.00000e+00
3.12000e+00, 3.14000e+00, 3.13000e+00, 0.00000e+00, 0.00000e+00
3.14000e+00, 3.16000e+00, 3.15000e+00, 0.00000e+00, 0.00000e+00
3.16000e+00, 3.18000e+00, 3.17000e+00, 0.00000e+00, 0.00000e+00
3.18000e+00, 3.20000e+00, 3.19000e+00, 0.00000e+00, 0.00000e+00
3.20000e+00, 3.22000e+00, 3.21000e+00, 0.00000e+00, 0.00000e+00
3.22000e+00, 3.24000e+00, 3.23000e+00, 0.00000e+00, 0.00000e+00
3.24000e+00, 3.26000e+00, 3.25000e+00, 0.00000e+00, 0.00000e+00
3.26000e+00, 3.28000e+00, 3.27000e+00, 0.00000e+00, 0.00000e+00
3.28000e+00, 3.30000e+00, 3.29000e+00, 0.00000e+00, 0.00000e+00
3.30000e+00, 3.32000e+00, 3.31000e+00, 0.00000e+00, 0.00000e+00
3.32000e+00, 3.34000e+00, 3.33000e+00, 0.00000e+00, 0.00000e+00
3.34000e+00, 3.36000e+00, 3.35000e+00, 0.00000e+00, 0.00000e+00
3.36000e+00, 3.38000e+00, 3.37000e+00, 0.00000e+00, 0.00000e+00
3.38000e+00, 3.40000e+00, 3.39000e+00, 0.00000e+00, 0.00000e+00
3.40000e+00, 3.42000e+00, 3.41000e+00, 0.00000e+00, 0.00000e+00
3.42000e+00, 3.44000e+00, 3.43000e+00, 0.00000e+00, 0.00000e+00
3.44000e+00, 3.46000e+00, 3.45000e+00, 0.00000e+00, 0.00000e+00
3.46000e+00, 3.48000e+00, 3.47000e+00, 0.00000e+00, 0.00000e+00
3.48000e+00, 3.50000e+00, 3.49000e+00, 0.00000e+00, 0.00000e+00
3.50000e+00, 3.52000e+00, 3.51000e+00, 0.00000e+00, 0.00000e+00
3.52000e+00, 3.54000e+00, 3.53000e+00, 0.00000e+00, 0.00000e+00
3.54000e+00, 3.56000e+00, 3.55000e+00, 0.00000e+00, 0.00000e+00
3.56000e+00, 3.58000e+00, 3.57000e+00, 0.00000e+00, 0.00000e+00
3.58000e+00, 3.60000e+00, 3.59000e+00, 0.00000e+00, 0.00000e+00
3.60000e+00, 3.62000e+00, 3.61000e+00, 0.00000e+00, 0.00000e+00
3.62000e+00, 3.64000e+00, 3.63000e+00, 0.00000e+00, 0.00000e+00
3.64000e+00, 3.66000e+00, 3.65000e+00, 0.00000e+00, 0.00000e+00
3.66000e+00, 3.68000e+00, 3.67000e+00, 0.00000e+00, 0.00000e+00
3.68000e+00, 3.70000e+00, 3.69000e+00, 0.00000e+00, 0.00000e+00
3.70000e+00, 3.72000e+00, 3.71000e+00, 0.00000e+00, 0.00000e+00
3.72000e+00, 3.74000e+00, 3.73000e+00, 0.00000e+00, 0.00000e+00
3.74000e+00, 3.76000e+00, 3.75000e+00, 0.00000e+00, 0.00000e+00
3.76000e+00, 3.78000e+00, 3.77000e+00, 0.00000e+00, 0.00000e+00
3.78000e+00, 3.80000e+00, 3.79000e+00, 0.00000e+00, 0.00000e+00
3.80000e+00, 3.82000e+00, 3.81000e+00, 0.00000e+00, 0.00000e+00
3.82000e+00, 3.84000e+00, 3.83000e+00, 0.00000e+00, 0.00000e+00
3.84000e+00, 3.86000e+00, 3.85000e+00, 0.00000e+00, 0.00000e+00
3.86000e+00, 3.88000e+00, 3.87000e+00, 0.00000e+00, 0.00000e+00
3.88000e+00, 3.90000e+00, 3.89000e+00, 0.00000e+00, 0.00000e+00
3.90000e+00, 3.92000e+00, 3.91000e+00, 0.00000e+00, 0.00000e+00
3.92000e+00, 3.94000e+00, 3.93000e+00, 0.00000e+00, 0.00000e+00
3.94000e+00, 3.96000e+00, 3.95000e+00, 0.00000e+00, 0.00000e+00
3.96000e+00, 3.98000e+00, 3.97000e+00, 0.00000e+00, 0.00000e+00
3.98000e+00, 4.00000e+00, 3.99000e+00, 0.00000e+00, 0.00000e+00
