# time = 8.727272727272727e-01# start, end, pivot, particles, density
0.00000e+00, 2.00000e-02, 1.00000e-02, 0.00000e+00, 0.00000e+00
2.00000e-02, 4.00000e-02, 3.00000e-02, 0.00000e+00, 0.00000e+00
4.00000e-02, 6.00000e-02, 5.00000e-02, 0.00000e+00, 0.00000e+00
6.00000e-02, 8.00000e-02, 7.00000e-02, 0.00000e+00, 0.00000e+00
8.00000e-02, 1.00000e-01, 9.00000e-02, 0.00000e+00, 0.00000e+00
1.00000e-01, 1.20000e-01, 1.10000e-01, 0.00000e+00, 0.00000e+00
1.20000e-01, 1.40000e-01, 1.30000e-01, 0.00000e+00, 0.00000e+00
1.40000e-01, 1.60000e-01, 1.50000e-01, 0.00000e+00, 0.00000e+00
1.60000e-01, 1.80000e-01, 1.70000e-01, 0.00000e+00, 0.00000e+00
1.80000e-01, 2.00000e-01, 1.90000e-01, 0.00000e+00, 0.00000e+00
2.00000e-01, 2.20000e-01, 2.10000e-01, 0.00000e+00, 0.00000e+00
2.20000e-01, 2.40000e-01, 2.30000e-01, 0.00000e+00, 0.00000e+00
2.40000e-01, 2.60000e-01, 2.50000e-01, 0.00000e+00, 0.00000e+00
2.60000e-01, 2.80000e-01, 2.70000e-01, 0.00000e+00, 0.00000e+00
2.80000e-01, 3.00000e-01, 2.90000e-01, 0.00000e+00, 0.00000e+00
3.00000e-01, 3.20000e-01, 3.10000e-01, 0.00000e+00, 0.00000e+00
3.20000e-01, 3.40000e-01, 3.30000e-01, 0.00000e+00, 0.00000e+00
3.40000e-01, 3.60000e-01, 3.50000e-01, 0.00000e+00, 0.00000e+00
3.60000e-01, 3.80000e-01, 3.70000e-01, 0.00000e+00, 0.00000e+00
3.80000e-01, 4.00000e-01, 3.90000e-01, 0.00000e+00, 0.00000e+00
4.00000e-01, 4.20000e-01, 4.10000e-01, 0.00000e+00, 0.00000e+00
4.20000e-01, 4.40000e-01, 4.30000e-01, 0.00000e+00, 0.00000e+00
4.40000e-01, 4.60000e-01, 4.50000e-01, 0.00000e+00, 0.00000e+00
4.60000e-01, 4.80000e-01, 4.70000e-01, 0.00000e+00, 0.00000e+00
4.80000e-01, 5.00000e-01, 4.90000e-01, 0.00000e+00, 0.00000e+00
5.00000e-01, 5.20000e-01, 5.10000e-01, 0.00000e+00, 0.00000e+00
5.20000e-01, 5.40000e-01, 5.30000e-01, 0.00000e+00, 0.00000e+00
5.40000e-01, 5.60000e-01, 5.50000e-01, 0.00000e+00, 0.00000e+00
5.60000e-01, 5.80000e-01, 5.70000e-01, 0.00000e+00, 0.00000e+00
5.80000e-01, 6.00000e-01, 5.90000e-01, 0.00000e+00, 0.00000e+00
6.00000e-01, 6.20000e-01, 6.10000e-01, 0.00000e+00, 0.00000e+00
6.20000e-01, 6.40000e-01, 6.30000e-01, 0.00000e+00, 0.00000e+00
6.40000e-01, 6.60000e-01, 6.50000e-01, 0.00000e+00, 0.00000e+00
6.60000e-01, 6.80000e-01, 6.70000e-01, 0.00000e+00, 0.00000e+00
6.80000e-01, 7.00000e-01, 6.90000e-01, 0.00000e+00, 0.00000e+00
7.00000e-01, 7.20000e-01, 7.10000e-01, 0.00000e+00, 0.00000e+00
7.20000e-01, 7.40000e-01, 7.30000e-01, 0.00000e+00, 0.00000e+00
7.40000e-01, 7.60000e-01, 7.50000e-01, 2.06149e-52, 1.03074e-50
7.60000e-01, 7.80000e-01, 7.70000e-01, 9.93638e-50, 4.96819e-48
7.80000e-01, 8.00000e-01, 7.90000e-01, 2.34519e-47, 1.17260e-45
8.00000e-01, 8.20000e-01, 8.10000e-01, 3.61226e-45, 1.80613e-43
8.20000e-01, 8.40000e-01, 8.30000e-01, 4.08302e-43, 2.04151e-41
8.40000e-01, 8.60000e-01, 8.50000e-01, 3.61084e-41, 1.80542e-39
8.60000e-01, 8.80000e-01, 8.70000e-01, 2.60117e-39, 1.30058e-37
8.80000e-01, 9.00000e-01, 8.90000e-01, 1.56916e-37, 7.84582e-36
9.00000e-01, 9.20000e-01, 9.10000e-01, 8.08771e-36, 4.04386e-34
9.20000e-01, 9.40000e-01, 9.30000e-01, 3.61600e-34, 1.80800e-32
9.40000e-01, 9.60000e-01, 9.50000e-01, 1.41910e-32, 7.09548e-31
9.60000e-01, 9.80000e-01, 9.70000e-01, 4.93472e-31, 2.46736e-29
9.80000e-01, 1.00000e+00, 9.90000e-01, 1.53214e-29, 7.66068e-28
1.00000e+00, 1.02000e+00, 1.01000e+00, 4.27403e-28, 2.13702e-26
1.02000e+00, 1.04000e+00, 1.03000e+00, 1.07681e-26, 5.38406e-25
1.04000e+00, 1.06000e+00, 1.05000e+00, 2.46086e-25, 1.23043e-23
1.06000e+00, 1.08000e+00, 1.07000e+00, 5.11981e-24, 2.55990e-22
1.08000e+00, 1.10000e+00, 1.09000e+00, 9.72665e-23, 4.86332e-21
1.10000e+00, 1.12000e+00, 1.11000e+00, 1.69168e-21, 8.45840e-20
1.12000e+00, 1.14000e+00, 1.13000e+00, 2.69920e-20, 1.34960e-18
1.14000e+00, 1.16000e+00, 1.15000e+00, 3.95790e-19, 1.97895e-17
1.16000e+00, 1.18000e+00, 1.17000e+00, 5.34085e-18, 2.67043e-16
1.18000e+00, 1.20000e+00, 1.19000e+00, 6.63961e-17, 3.31981e-15
1.20000e+00, 1.22000e+00, 1.21000e+00, 7.61041e-16, 3.80521e-14
1.22000e+00, 1.24000e+00, 1.23000e+00, 8.04704e-15, 4.02352e-13
1.24000e+00, 1.26000e+00, 1.25000e+00, 7.85138e-14, 3.92569e-12
1.26000e+00, 1.28000e+00, 1.27000e+00, 7.06885e-13, 3.53443e-11
1.28000e+00, 1.30000e+00, 1.29000e+00, 5.87149e-12, 2.93575e-10
1.30000e+00, 1.32000e+00, 1.31000e+00, 4.49720e-11, 2.24860e-09
1.32000e+00, 1.34000e+00, 1.33000e+00, 3.17406e-10, 1.58703e-08
1.34000e+00, 1.36000e+00, 1.35000e+00, 2.06226e-09, 1.03113e-07
1.36000e+00, 1.38000e+00, 1.37000e+00, 1.23190e-08, 6.15950e-07
1.38000e+00, 1.40000e+00, 1.39000e+00, 6.75523e-08, 3.37762e-06
1.40000e+00, 1.42000e+00, 1.41000e+00, 3.39410e-07, 1.69705e-05
1.42000e+00, 1.44000e+00, 1.43000e+00, 1.55908e-06, 7.79542e-05
1.44000e+00, 1.46000e+00, 1.45000e+00, 6.53058e-06, 3.26529e-04
1.46000e+00, 1.48000e+00, 1.47000e+00, 2.48699e-05, 1.24349e-03
1.48000e+00, 1.50000e+00, 1.49000e+00, 8.58117e-05, 4.29059e-03
1.50000e+00, 1.52000e+00, 1.51000e+00, 2.67228e-04, 1.33614e-02
1.52000e+00, 1.54000e+00, 1.53000e+00, 7.47798e-04, 3.73899e-02
1.54000e+00, 1.56000e+00, 1.55000e+00, 1.87143e-03, 9.35716e-02
1.56000e+00, 1.58000e+00, 1.57000e+00, 4.16719e-03, 2.08359e-01
1.58000e+00, 1.60000e+00, 1.59000e+00, 8.21480e-03, 4.10740e-01
1.60000e+00, 1.62000e+00, 1.61000e+00, 1.42745e-02, 7.13723e-01
1.62000e+00, 1.64000e+00, 1.63000e+00, 2.18156e-02, 1.09078e+00
1.64000e+00, 1.66000e+00, 1.65000e+00, 2.93924e-02, 1.46962e+00
1.66000e+00, 1.68000e+00, 1.67000e+00, 3.52833e-02, 1.76417e+00
1.68000e+00, 1.70000e+00, 1.69000e+00, 3.85982e-02, 1.92991e+00
1.70000e+00, 1.72000e+00, 1.71000e+00, 3.97939e-02, 1.98969e+00
1.72000e+00, 1.74000e+00, 1.73000e+00, 4.00000e-02, 2.00000e+00
1.74000e+00, 1.76000e+00, 1.75000e+00, 4.00000e-02, 2.00000e+00
1.76000e+00, 1.78000e+00, 1.77000e+00, 4.00000e-02, 2.00000e+00
1.78000e+00, 1.80000e+00, 1.79000e+00, 4.00000e-02, 2.00000e+00
1.80000e+00, 1.82000e+00, 1.81000e+00, 4.00000e-02, 2.00000e+00
1.82000e+00, 1.84000e+00, 1.83000e+00, 4.00000e-02, 2.00000e+00
1.84000e+00, 1.86000e+00, 1.85000e+00, 4.00000e-02, 2.00000e+00
1.86000e+00, 1.88000e+00, 1.87000e+00, 4.00000e-02, 2.00000e+00
1.88000e+00, 1.90000e+00, 1.89000e+00, 3.99999e-02, 2.00000e+00
1.90000e+00, 1.92000e+00, 1.91000e+00, 3.99997e-02, 1.99998e+00
1.92000e+00, 1.94000e+00, 1.93000e+00, 3.99984e-02, 1.99992e+00
1.94000e+00, 1.96000e+00, 1.95000e+00, 3.99935e-02, 1.99967e+00
1.96000e+00, 1.98000e+00, 1.97000e+00, 3.99751e-02, 1.99876e+00
1.98000e+00, 2.00000e+00, 1.99000e+00, 3.99142e-02, 1.99571e+00
2.00000e+00, 2.02000e+00, 2.01000e+00, 3.97328e-02, 1.98664e+00
2.02000e+00, 2.04000e+00, 2.03000e+00, 3.92522e-02, 1.96261e+00
2.04000e+00, 2.06000e+00, 2.05000e+00, 3.81286e-02, 1.90643e+00
2.06000e+00, 2.08000e+00, 2.07000e+00, 3.58328e-02, 1.79164e+00
2.08000e+00, 2.10000e+00, 2.09000e+00, 3.17852e-02, 1.58926e+00
2.10000e+00, 2.12000e+00, 2.11000e+00, 2.57255e-02, 1.28628e+00
2.12000e+00, 2.14000e+00, 2.13000e+00, 1.81844e-02, 9.09220e-01
2.14000e+00, 2.16000e+00, 2.15000e+00, 1.06076e-02, 5.30380e-01
2.16000e+00, 2.18000e+00, 2.17000e+00, 4.71669e-03, 2.35834e-01
2.18000e+00, 2.20000e+00, 2.19000e+00, 1.40181e-03, 7.00906e-02
2.20000e+00, 2.22000e+00, 2.21000e+00, 2.06149e-04, 1.03074e-02
2.22000e+00, 2.24000e+00, 2.23000e+00, 0.00000e+00, 0.00000e+00
2.24000e+00, 2.26000e+00, 2.25000e+00, 0.00000e+00, 0.00000e+00
2.26000e+00, 2.28000e+00, 2.27000e+00, 0.00000e+00, 0.00000e+00
2.28000e+00, 2.30000e+00, 2.29000e+00, 0.00000e+00, 0.00000e+00
2.30000e+00, 2.32000e+00, 2.31000e+00, 0.00000e+00, 0.00000e+00
2.32000e+00, 2.34000e+00, 2.33000e+00, 0.00000e+00, 0.00000e+00
2.34000e+00, 2.36000e+00, 2.35000e+00, 0.00000e+00, 0.00000e+00
2.36000e+00, 2.38000e+00, 2.37000e+00, 0.00000e+00, 0.00000e+00
2.38000e+00, 2.40000e+00, 2.39000e+00, 0.00000e+00, 0.00000e+00
2.40000e+00, 2.42000e+00, 2.41000e+00, 0.00000e+00, 0.00000e+00
2.42000e+00, 2.44000e+00, 2.43000e+00, 0.00000e+00, 0.00000e+00
2.44000e+00, 2.46000e+00, 2.45000e+00, 0.00000e+00, 0.00000e+00
2.46000e+00, 2.48000e+00, 2.47000e+00, 0.00000e+00, 0.00000e+00
2.48000e+00, 2.50000e+00, 2.49000e+00, 0.00000e+00, 0.00000e+00
2.50000e+00, 2.52000e+00, 2.51000e+00, 0.00000e+00, 0.00000e+00
2.52000e+00, 2.54000e+00, 2.53000e+00, 0.00000e+00, 0.00000e+00
2.54000e+00, 2.56000e+00, 2.55000e+00, 0.00000e+00, 0.00000e+00
2.56000e+00, 2.58000e+00, 2.57000e+00, 0.00000e+00, 0.00000e+00
2.58000e+00, 2.60000e+00, 2.59000e+00, 0.00000e+00, 0.00000e+00
2.60000e+00, 2.62000e+00, 2.61000e+00, 0.00000e+00, 0.00000e+00
2.62000e+00, 2.64000e+00, 2.63000e+00, 0.00000e+00, 0.00000e+00
2.64000e+00, 2.66000e+00, 2.65000e+00, 0.00000e+00, 0.00000e+00
2.66000e+00, 2.68000e+00, 2.67000e+00, 0.00000e+00, 0.00000e+00
2.68000e+00, 2.70000e+00, 2.69000e+00, 0.00000e+00, 0.00000e+00
2.70000e+00, 2.72000e+00, 2.71000e+00, 0.00000e+00, 0.00000e+00
2.72000e+00, 2.74000e+00, 2.73000e+00, 0.00000e+00, 0.00000e+00
2.74000e+00, 2.76000e+00, 2.75000e+00, 0.00000e+00, 0.00000e+00
2.76000e+00, 2.78000e+00, 2.77000e+00, 0.00000e+00, 0.00000e+00
2.78000e+00, 2.80000e+00, 2.79000e+00, 0.00000e+00, 0.00000e+00
2.80000e+00, 2.82000e+00, 2.81000e+00, 0.00000e+00, 0.00000e+00
2.82000e+00, 2.84000e+00, 2.83000e+00, 0.00000e+00, 0.00000e+00
2.84000e+00, 2.86000e+00, 2.85000e+00, 0.00000e+00, 0.00000e+00
2.86000e+00, 2.88000e+00, 2.87000e+00, 0.00000e+00, 0.00000e+00
2.88000e+00, 2.90000e+00, 2.89000e+00, 0.00000e+00, 0.00000e+00
2.90000e+00, 2.92000e+00, 2.91000e+00, 0.00000e+00, 0.00000e+00
2.92000e+00, 2.94000e+00, 2.93000e+00, 0.00000e+00, 0.00000e+00
2.94000e+00, 2.96000e+00, 2.95000e+00, 0.00000e+00, 0.00000e+00
2.96000e+00, 2.98000e+00, 2.97000e+00, 0.00000e+00, 0.00000e+00
2.98000e+00, 3.00000e+00, 2.99000e+00, 0.00000e+00, 0.00000e+00
3.00000e+00, 3.02000e+00, 3.01000e+00, 0.00000e+00, 0.00000e+00
3.02000e+00, 3.04000e+00, 3.03000e+00, 0.00000e+00, 0.00000e+00
3.04000e+00, 3.06000e+00, 3.05000e+00, 0.00000e+00, 0.00000e+00
3.06000e+00, 3.08000e+00, 3.07000e+00, 0.00000e+00, 0.00000e+00
3.08000e+00, 3.10000e+00, 3.09000e+00, 0.00000e+00, 0.00000e+00
3.10000e+00, 3.12000e+00, 3.11000e+00, 0.00000e+00, 0.00000e+00
3.12000e+00, 3.14000e+00, 3.13000e+00, 0.00000e+00, 0.00000e+00
3.14000e+00, 3.16000e+00, 3.15000e+00, 0.00000e+00, 0.00000e+00
3.16000e+00, 3.18000e+00, 3.17000e+00, 0.00000e+00, 0.00000e+00
3.18000e+00, 3.20000e+00, 3.19000e+00, 0.00000e+00, 0.00000e+00
3.20000e+00, 3.22000e+00, 3.21000e+00, 0.00000e+00, 0.00000e+00
3.22000e+00, 3.24000e+00, 3.23000e+00, 0.00000e+00, 0.00000e+00
3.24000e+00, 3.26000e+00, 3.25000e+00, 0.00000e+00, 0.00000e+00
3.26000e+00, 3.28000e+00, 3.27000e+00, 0.00000e+00, 0.00000e+00
3.28000e+00, 3.30000e+00, 3.29000e+00, 0.00000e+00, 0.00000e+00
3.30000e+00, 3.32000e+00, 3.31000e+00, 0.00000e+00, 0.00000e+00
3.32000e+00, 3.34000e+00, 3.33000e+00, 0.00000e+00, 0.00000e+00
3.34000e+00, 3.36000e+00, 3.35000e+00, 0.00000e+00, 0.00000e+00
3.36000e+00, 3.38000e+00, 3.37000e+00, 0.00000e+00, 0.00000e+00
3.38000e+00, 3.40000e+00, 3.39000e+00, 0.00000e+00, 0.00000e+00
3.40000e+00, 3.42000e+00, 3.41000e+00, 0.00000e+00, 0.00000e+00
3.42000e+00, 3.44000e+00, 3.43000e+00, 0.00000e+00, 0.00000e+00
3.44000e+00, 3.46000e+00, 3.45000e+00, 0.00000e+00, 0.00000e+00
3.46000e+00, 3.48000e+00, 3.47000e+00, 0.00000e+00, 0.00000e+00
3.48000e+00, 3.50000e+00, 3.49000e+00, 0.00000e+00, 0.00000e+00
3.50000e+00, 3.52000e+00, 3.51000e+00, 0.00000e+00, 0.00000e+00
3.52000e+00, 3.54000e+00, 3.53000e+00, 0.00000e+00, 0.00000e+00
3.54000e+00, 3.56000e+00, 3.55000e+00, 0.00000e+00, 0.00000e+00
3.56000e+00, 3.58000e+00, 3.57000e+00, 0.00000e+00, 0.00000e+00
3.58000e+00, 3.60000e+00, 3.59000e+00, 0.00000e+00, 0.00000e+00
3.60000e+00, 3.62000e+00, 3.61000e+00, 0.00000e+00, 0.00000e+00
3.62000e+00, 3.64000e+00, 3.63000e+00, 0.00000e+00, 0.00000e+00
3.64000e+00, 3.66000e+00, 3.65000e+00, 0.00000e+00, 0.00000e+00
3.66000e+00, 3.68000e+00, 3.67000e+00, 0.00000e+00, 0.00000e+00
3.68000e+00, 3.70000e+00, 3.69000e+00, 0.00000e+00, 0.00000e+00
3.70000e+00, 3.72000e+00, 3.71000e+00, 0.00000e+00, 0.00000e+00
3.72000e+00, 3.74000e+00, 3.73000e+00, 0.00000e+00, 0.00000e+00
3.74000e+00, 3.76000e+00, 3.75000e+00, 0.00000e+00, 0.00000e+00
3.76000e+00, 3.78000e+00, 3.77000e+00, 0.00000e+00, 0.00000e+00
3.78000e+00, 3.80000e+00, 3.79000e+00, 0.00000e+00, 0.00000e+00
3.80000e+00, 3.82000e+00, 3.81000e+00, 0.00000e+00, 0.00000e+00
3.82000e+00, 3.84000e+00, 3.83000e+00, 0.00000e+00, 0.00000e+00
3.84000e+00, 3.86000e+00, 3.85000e+00, 0.00000e+00, 0.00000e+00
3.86000e+00, 3.88000e+00, 3.87000e+00, 0.00000e+00, 0.00000e+00
3.88000e+00, 3.90000e+00, 3.89000e+00, 0.00000e+00, 0.00000e+00
3.90000e+00, 3.92000e+00, 3.91000e+00, 0.00000e+00, 0.00000e+00
3.92000e+00, 3.94000e+00, 3.93000e+00, 0.00000e+00, 0.00000e+00
3.94000e+00, 3.96000e+00, 3.95000e+00, 0.00000e+00, 0.00000e+00
3.96000e+00, 3.98000e+00, 3.97000e+00, 0.00000e+00, 0.00000e+00
3.98000e+00, 4.00000e+00, 3.99000e+00, 0.00000e+00, 0.00000e+00
