# time = 7.999999999999999e-01# start, end, pivot, particles, density
0.00000e+00, 2.00000e-02, 1.00000e-02, 0.00000e+00, 0.00000e+00
2.00000e-02, 4.00000e-02, 3.00000e-02, 0.00000e+00, 0.00000e+00
4.00000e-02, 6.00000e-02, 5.00000e-02, 0.00000e+00, 0.00000e+00
6.00000e-02, 8.00000e-02, 7.00000e-02, 0.00000e+00, 0.00000e+00
8.00000e-02, 1.00000e-01, 9.00000e-02, 0.00000e+00, 0.00000e+00
1.00000e-01, 1.20000e-01, 1.10000e-01, 0.00000e+00, 0.00000e+00
1.20000e-01, 1.40000e-01, 1.30000e-01, 0.00000e+00, 0.00000e+00
1.40000e-01, 1.60000e-01, 1.50000e-01, 0.00000e+00, 0.00000e+00
1.60000e-01, 1.80000e-01, 1.70000e-01, 0.00000e+00, 0.00000e+00
1.80000e-01, 2.00000e-01, 1.90000e-01, 0.00000e+00, 0.00000e+00
2.00000e-01, 2.20000e-01, 2.10000e-01, 0.00000e+00, 0.00000e+00
2.20000e-01, 2.40000e-01, 2.30000e-01, 0.00000e+00, 0.00000e+00
2.40000e-01, 2.60000e-01, 2.50000e-01, 0.00000e+00, 0.00000e+00
2.60000e-01, 2.80000e-01, 2.70000e-01, 0.00000e+00, 0.00000e+00
2.80000e-01, 3.00000e-01, 2.90000e-01, 0.00000e+00, 0.00000e+00
3.00000e-01, 3.20000e-01, 3.10000e-01, 0.00000e+00, 0.00000e+00
3.20000e-01, 3.40000e-01, 3.30000e-01, 0.00000e+00, 0.00000e+00
3.40000e-01, 3.60000e-01, 3.50000e-01, 0.00000e+00, 0.00000e+00
3.60000e-01, 3.80000e-01, 3.70000e-01, 0.00000e+00, 0.00000e+00
3.80000e-01, 4.00000e-01, 3.90000e-01, 0.00000e+00, 0.00000e+00
4.00000e-01, 4.20000e-01, 4.10000e-01, 0.00000e+00, 0.00000e+00
4.20000e-01, 4.40000e-01, 4.30000e-01, 0.00000e+00, 0.00000e+00
4.40000e-01, 4.60000e-01, 4.50000e-01, 0.00000e+00, 0.00000e+00
4.60000e-01, 4.80000e-01, 4.70000e-01, 0.00000e+00, 0.00000e+00
4.80000e-01, 5.00000e-01, 4.90000e-01, 0.00000e+00, 0.00000e+00
5.00000e-01, 5.20000e-01, 5.10000e-01, 0.00000e+00, 0.00000e+00
5.20000e-01, 5.40000e-01, 5.30000e-01, 0.00000e+00, 0.00000e+00
5.40000e-01, 5.60000e-01, 5.50000e-01, 0.00000e+00, 0.00000e+00
5.60000e-01, 5.80000e-01, 5.70000e-01, 0.00000e+00, 0.00000e+00
5.80000e-01, 6.00000e-01, 5.90000e-01, 0.00000e+00, 0.00000e+00
6.00000e-01, 6.20000e-01, 6.10000e-01, 0.00000e+00, 0.00000e+00
6.20000e-01, 6.40000e-01, 6.30000e-01, 0.00000e+00, 0.00000e+00
6.40000e-01, 6.60000e-01, 6.50000e-01, 0.00000e+00, 0.00000e+00
6.60000e-01, 6.80000e-01, 6.70000e-01, 0.00000e+00, 0.00000e+00
6.80000e-01, 7.00000e-01, 6.90000e-01, 0.00000e+00, 0.00000e+00
7.00000e-01, 7.20000e-01, 7.10000e-01, 0.00000e+00, 0.00000e+00
7.20000e-01, 7.40000e-01, 7.30000e-01, 0.00000e+00, 0.00000e+00
7.40000e-01, 7.60000e-01, 7.50000e-01, 3.01823e-48, 1.50911e-46
7.60000e-01, 7.80000e-01, 7.70000e-01, 1.33406e-45, 6.67028e-44
7.80000e-01, 8.00000e-01, 7.90000e-01, 2.88186e-43, 1.44093e-41
8.00000e-01, 8.20000e-01, 8.10000e-01, 4.05471e-41, 2.02736e-39
8.20000e-01, 8.40000e-01, 8.30000e-01, 4.17779e-39, 2.08890e-37
8.40000e-01, 8.60000e-01, 8.50000e-01, 3.36057e-37, 1.68028e-35
8.60000e-01, 8.80000e-01, 8.70000e-01, 2.19697e-35, 1.09848e-33
8.80000e-01, 9.00000e-01, 8.90000e-01, 1.19988e-33, 5.99939e-32
9.00000e-01, 9.20000e-01, 9.10000e-01, 5.58493e-32, 2.79247e-30
9.20000e-01, 9.40000e-01, 9.30000e-01, 2.24906e-30, 1.12453e-28
9.40000e-01, 9.60000e-01, 9.50000e-01, 7.92787e-29, 3.96394e-27
9.60000e-01, 9.80000e-01, 9.70000e-01, 2.46895e-27, 1.23447e-25
9.80000e-01, 1.00000e+00, 9.90000e-01, 6.84402e-26, 3.42201e-24
1.00000e+00, 1.02000e+00, 1.01000e+00, 1.69902e-24, 8.49512e-23
1.02000e+00, 1.04000e+00, 1.03000e+00, 3.79622e-23, 1.89811e-21
1.04000e+00, 1.06000e+00, 1.05000e+00, 7.66584e-22, 3.83292e-20
1.06000e+00, 1.08000e+00, 1.07000e+00, 1.40379e-20, 7.01895e-19
1.08000e+00, 1.10000e+00, 1.09000e+00, 2.33772e-19, 1.16886e-17
1.10000e+00, 1.12000e+00, 1.11000e+00, 3.54829e-18, 1.77414e-16
1.12000e+00, 1.14000e+00, 1.13000e+00, 4.91774e-17, 2.45887e-15
1.14000e+00, 1.16000e+00, 1.15000e+00, 6.23221e-16, 3.11610e-14
1.16000e+00, 1.18000e+00, 1.17000e+00, 7.22927e-15, 3.61464e-13
1.18000e+00, 1.20000e+00, 1.19000e+00, 7.68103e-14, 3.84051e-12
1.20000e+00, 1.22000e+00, 1.21000e+00, 7.47770e-13, 3.73885e-11
1.22000e+00, 1.24000e+00, 1.23000e+00, 6.67044e-12, 3.33522e-10
1.24000e+00, 1.26000e+00, 1.25000e+00, 5.45074e-11, 2.72537e-09
1.26000e+00, 1.28000e+00, 1.27000e+00, 4.07765e-10, 2.03882e-08
1.28000e+00, 1.30000e+00, 1.29000e+00, 2.79007e-09, 1.39504e-07
1.30000e+00, 1.32000e+00, 1.31000e+00, 1.74390e-08, 8.71952e-07
1.32000e+00, 1.34000e+00, 1.33000e+00, 9.94090e-08, 4.97045e-06
1.34000e+00, 1.36000e+00, 1.35000e+00, 5.15764e-07, 2.57882e-05
1.36000e+00, 1.38000e+00, 1.37000e+00, 2.42966e-06, 1.21483e-04
1.38000e+00, 1.40000e+00, 1.39000e+00, 1.03622e-05, 5.18111e-04
1.40000e+00, 1.42000e+00, 1.41000e+00, 3.98757e-05, 1.99378e-03
1.42000e+00, 1.44000e+00, 1.43000e+00, 1.37913e-04, 6.89567e-03
1.44000e+00, 1.46000e+00, 1.45000e+00, 4.26775e-04, 2.13387e-02
1.46000e+00, 1.48000e+00, 1.47000e+00, 1.17567e-03, 5.87837e-02
1.48000e+00, 1.50000e+00, 1.49000e+00, 2.86720e-03, 1.43360e-01
1.50000e+00, 1.52000e+00, 1.51000e+00, 6.15439e-03, 3.07719e-01
1.52000e+00, 1.54000e+00, 1.53000e+00, 1.15628e-02, 5.78139e-01
1.54000e+00, 1.56000e+00, 1.55000e+00, 1.89379e-02, 9.46894e-01
1.56000e+00, 1.58000e+00, 1.57000e+00, 2.70325e-02, 1.35162e+00
1.58000e+00, 1.60000e+00, 1.59000e+00, 3.38851e-02, 1.69425e+00
1.60000e+00, 1.62000e+00, 1.61000e+00, 3.80683e-02, 1.90342e+00
1.62000e+00, 1.64000e+00, 1.63000e+00, 3.96982e-02, 1.98491e+00
1.64000e+00, 1.66000e+00, 1.65000e+00, 4.00000e-02, 2.00000e+00
1.66000e+00, 1.68000e+00, 1.67000e+00, 4.00000e-02, 2.00000e+00
1.68000e+00, 1.70000e+00, 1.69000e+00, 4.00000e-02, 2.00000e+00
1.70000e+00, 1.72000e+00, 1.71000e+00, 4.00000e-02, 2.00000e+00
1.72000e+00, 1.74000e+00, 1.73000e+00, 4.00000e-02, 2.00000e+00
1.74000e+00, 1.76000e+00, 1.75000e+00, 4.00000e-02, 2.00000e+00
1.76000e+00, 1.78000e+00, 1.77000e+00, 4.00000e-02, 2.00000e+00
1.78000e+00, 1.80000e+00, 1.79000e+00, 4.00000e-02, 2.00000e+00
1.80000e+00, 1.82000e+00, 1.81000e+00, 4.00000e-02, 2.00000e+00
1.82000e+00, 1.84000e+00, 1.83000e+00, 3.99999e-02, 2.00000e+00
1.84000e+00, 1.86000e+00, 1.85000e+00, 3.99995e-02, 1.99997e+00
1.86000e+00, 1.88000e+00, 1.87000e+00, 3.99976e-02, 1.99988e+00
1.88000e+00, 1.90000e+00, 1.89000e+00, 3.99896e-02, 1.99948e+00
1.90000e+00, 1.92000e+00, 1.91000e+00, 3.99601e-02, 1.99801e+00
1.92000e+00, 1.94000e+00, 1.93000e+00, 3.98621e-02, 1.99310e+00
1.94000e+00, 1.96000e+00, 1.95000e+00, 3.95732e-02, 1.97866e+00
1.96000e+00, 1.98000e+00, 1.97000e+00, 3.88243e-02, 1.94122e+00
1.98000e+00, 2.00000e+00, 1.99000e+00, 3.71328e-02, 1.85664e+00
2.00000e+00, 2.02000e+00, 2.01000e+00, 3.38456e-02, 1.69228e+00
2.02000e+00, 2.04000e+00, 2.03000e+00, 2.84372e-02, 1.42186e+00
2.04000e+00, 2.06000e+00, 2.05000e+00, 2.10621e-02, 1.05311e+00
2.06000e+00, 2.08000e+00, 2.07000e+00, 1.29675e-02, 6.48375e-01
2.08000e+00, 2.10000e+00, 2.09000e+00, 6.11493e-03, 3.05746e-01
2.10000e+00, 2.12000e+00, 2.11000e+00, 1.93167e-03, 9.65833e-02
2.12000e+00, 2.14000e+00, 2.13000e+00, 3.01823e-04, 1.50911e-02
2.14000e+00, 2.16000e+00, 2.15000e+00, 0.00000e+00, 0.00000e+00
2.16000e+00, 2.18000e+00, 2.17000e+00, 0.00000e+00, 0.00000e+00
2.18000e+00, 2.20000e+00, 2.19000e+00, 0.00000e+00, 0.00000e+00
2.20000e+00, 2.22000e+00, 2.21000e+00, 0.00000e+00, 0.00000e+00
2.22000e+00, 2.24000e+00, 2.23000e+00, 0.00000e+00, 0.00000e+00
2.24000e+00, 2.26000e+00, 2.25000e+00, 0.00000e+00, 0.00000e+00
2.26000e+00, 2.28000e+00, 2.27000e+00, 0.00000e+00, 0.00000e+00
2.28000e+00, 2.30000e+00, 2.29000e+00, 0.00000e+00, 0.00000e+00
2.30000e+00, 2.32000e+00, 2.31000e+00, 0.00000e+00, 0.00000e+00
2.32000e+00, 2.34000e+00, 2.33000e+00, 0.00000e+00, 0.00000e+00
2.34000e+00, 2.36000e+00, 2.35000e+00, 0.00000e+00, 0.00000e+00
2.36000e+00, 2.38000e+00, 2.37000e+00, 0.00000e+00, 0.00000e+00
2.38000e+00, 2.40000e+00, 2.39000e+00, 0.00000e+00, 0.00000e+00
2.40000e+00, 2.42000e+00, 2.41000e+00, 0.00000e+00, 0.00000e+00
2.42000e+00, 2.44000e+00, 2.43000e+00, 0.00000e+00, 0.00000e+00
2.44000e+00, 2.46000e+00, 2.45000e+00, 0.00000e+00, 0.00000e+00
2.46000e+00, 2.48000e+00, 2.47000e+00, 0.00000e+00, 0.00000e+00
2.48000e+00, 2.50000e+00, 2.49000e+00, 0.00000e+00, 0.00000e+00
2.50000e+00, 2.52000e+00, 2.51000e+00, 0.00000e+00, 0.00000e+00
2.52000e+00, 2.54000e+00, 2.53000e+00, 0.00000e+00, 0.00000e+00
2.54000e+00, 2.56000e+00, 2.55000e+00, 0.00000e+00, 0.00000e+00
2.56000e+00, 2.58000e+00, 2.57000e+00, 0.00000e+00, 0.00000e+00
2.58000e+00, 2.60000e+00, 2.59000e+00, 0.00000e+00, 0.00000e+00
2.60000e+00, 2.62000e+00, 2.61000e+00, 0.00000e+00, 0.00000e+00
2.62000e+00, 2.64000e+00, 2.63000e+00, 0.00000e+00, 0.00000e+00
2.64000e+00, 2.66000e+00, 2.65000e+00, 0.00000e+00, 0.00000e+00
2.66000e+00, 2.68000e+00, 2.67000e+00, 0.00000e+00, 0.00000e+00
2.68000e+00, 2.70000e+00, 2.69000e+00, 0.00000e+00, 0.00000e+00
2.70000e+00, 2.72000e+00, 2.71000e+00, 0.00000e+00, 0.00000e+00
2.72000e+00, 2.74000e+00, 2.73000e+00, 0.00000e+00, 0.00000e+00
2.74000e+00, 2.76000e+00, 2.75000e+00, 0.00000e+00, 0.00000e+00
2.76000e+00, 2.78000e+00, 2.77000e+00, 0.00000e+00, 0.00000e+00
2.78000e+00, 2.80000e+00, 2.79000e+00, 0.00000e+00, 0.00000e+00
2.80000e+00, 2.82000e+00, 2.81000e+00, 0.00000e+00, 0.00000e+00
2.82000e+00, 2.84000e+00, 2.83000e+00, 0.00000e+00, 0.00000e+00
2.84000e+00, 2.86000e+00, 2.85000e+00, 0.00000e+00, 0.00000e+00
2.86000e+00, 2.88000e+00, 2.87000e+00, 0.00000e+00, 0.00000e+00
2.88000e+00, 2.90000e+00, 2.89000e+00, 0.00000e+00, 0.00000e+00
2.90000e+00, 2.92000e+00, 2.91000e+00, 0.00000e+00, 0.00000e+00
2.92000e+00, 2.94000e+00, 2.93000e+00, 0.00000e+00, 0.00000e+00
2.94000e+00, 2.96000e+00, 2.95000e+00, 0.00000e+00, 0.00000e+00
2.96000e+00, 2.98000e+00, 2.97000e+00, 0.00000e+00, 0.00000e+00
2.98000e+00, 3.00000e+00, 2.99000e+00, 0.00000e+00, 0.00000e+00
3.00000e+00, 3.02000e+00, 3.01000e+00, 0.00000e+00, 0.00000e+00
3.02000e+00, 3.04000e+00, 3.03000e+00, 0.00000e+00, 0.00000e+00
3.04000e+00, 3.06000e+00, 3.05000e+00, 0.00000e+00, 0.00000e+00
3.06000e+00, 3.08000e+00, 3.07000e+00, 0.00000e+00, 0.00000e+00
3.08000e+00, 3.10000e+00, 3.09000e+00, 0.00000e+00, 0.00000e+00
3.10000e+00, 3.12000e+00, 3.11000e+00, 0.00000e+00, 0.00000e+00
3.12000e+00, 3.14000e+00, 3.13000e+00, 0.00000e+00, 0.00000e+00
3.14000e+00, 3.16000e+00, 3.15000e+00, 0.00000e+00, 0.00000e+00
3.16000e+00, 3.18000e+00, 3.17000e+00, 0.00000e+00, 0.00000e+00
3.18000e+00, 3.20000e+00, 3.19000e+00, 0.00000e+00, 0.00000e+00
3.20000e+00, 3.22000e+00, 3.21000e+00, 0.00000e+00, 0.00000e+00
3.22000e+00, 3.24000e+00, 3.23000e+00, 0.00000e+00, 0.00000e+00
3.24000e+00, 3.26000e+00, 3.25000e+00, 0.00000e+00, 0.00000e+00
3.26000e+00, 3.28000e+00, 3.27000e+00, 0.00000e+00, 0.00000e+00
3.28000e+00, 3.30000e+00, 3.29000e+00, 0.00000e+00, 0.00000e+00
3.30000e+00, 3.32000e+00, 3.31000e+00, 0.00000e+00, 0.00000e+00
3.32000e+00, 3.34000e+00, 3.33000e+00, 0.00000e+00, 0.00000e+00
3.34000e+00, 3.36000e+00, 3.35000e+00, 0.00000e+00, 0.00000e+00
3.36000e+00, 3.38000e+00, 3.37000e+00, 0.00000e+00, 0.00000e+00
3.38000e+00, 3.40000e+00, 3.39000e+00, 0.00000e+00, 0.00000e+00
3.40000e+00, 3.42000e+00, 3.41000e+00, 0.00000e+00, 0.00000e+00
3.42000e+00, 3.44000e+00, 3.43000e+00, 0.00000e+00, 0.00000e+00
3.44000e+00, 3.46000e+00, 3.45000e+00, 0.00000e+00, 0.00000e+00
3.46000e+00, 3.48000e+00, 3.47000e+00, 0.00000e+00, 0.00000e+00
3.48000e+00, 3.50000e+00, 3.49000e+00, 0.00000e+00, 0.00000e+00
3.50000e+00, 3.52000e+00, 3.51000e+00, 0.00000e+00, 0.00000e+00
3.52000e+00, 3.54000e+00, 3.53000e+00, 0.00000e+00, 0.00000e+00
3.54000e+00, 3.56000e+00, 3.55000e+00, 0.00000e+00, 0.00000e+00
3.56000e+00, 3.58000e+00, 3.57000e+00, 0.00000e+00, 0.00000e+00
3.58000e+00, 3.60000e+00, 3.59000e+00, 0.00000e+00, 0.00000e+00
3.60000e+00, 3.62000e+00, 3.61000e+00, 0.00000e+00, 0.00000e+00
3.62000e+00, 3.64000e+00, 3.63000e+00, 0.00000e+00, 0.00000e+00
3.64000e+00, 3.66000e+00, 3.65000e+00, 0.00000e+00, 0.00000e+00
3.66000e+00, 3.68000e+00, 3.67000e+00, 0.00000e+00, 0.00000e+00
3.68000e+00, 3.70000e+00, 3.69000e+00, 0.00000e+00, 0.00000e+00
3.70000e+00, 3.72000e+00, 3.71000e+00, 0.00000e+00, 0.00000e+00
3.72000e+00, 3.74000e+00, 3.73000e+00, 0.00000e+00, 0.00000e+00
3.74000e+00, 3.76000e+00, 3.75000e+00, 0.00000e+00, 0.00000e+00
3.76000e+00, 3.78000e+00, 3.77000e+00, 0.00000e+00, 0.00000e+00
3.78000e+00, 3.80000e+00, 3.79000e+00, 0.00000e+00, 0.00000e+00
3.80000e+00, 3.82000e+00, 3.81000e+00, 0.00000e+00, 0.00000e+00
3.82000e+00, 3.84000e+00, 3.83000e+00, 0.00000e+00, 0.00000e+00
3.84000e+00, 3.86000e+00, 3.85000e+00, 0.00000e+00, 0.00000e+00
3.86000e+00, 3.88000e+00, 3.87000e+00, 0.00000e+00, 0.00000e+00
3.88000e+00, 3.90000e+00, 3.89000e+00, 0.00000e+00, 0.00000e+00
3.90000e+00, 3.92000e+00, 3.91000e+00, 0.00000e+00, 0.00000e+00
3.92000e+00, 3.94000e+00, 3.93000e+00, 0.00000e+00, 0.00000e+00
3.94000e+00, 3.96000e+00, 3.95000e+00, 0.00000e+00, 0.00000e+00
3.96000e+00, 3.98000e+00, 3.97000e+00, 0.00000e+00, 0.00000e+00
3.98000e+00, 4.00000e+00, 3.99000e+00, 0.00000e+00, 0.00000e+00
