# time = 6.181818181818182e-01# start, end, pivot, particles, density
0.00000e+00, 2.00000e-02, 1.00000e-02, 0.00000e+00, 0.00000e+00
2.00000e-02, 4.00000e-02, 3.00000e-02, 0.00000e+00, 0.00000e+00
4.00000e-02, 6.00000e-02, 5.00000e-02, 0.00000e+00, 0.00000e+00
6.00000e-02, 8.00000e-02, 7.00000e-02, 0.00000e+00, 0.00000e+00
8.00000e-02, 1.00000e-01, 9.00000e-02, 0.00000e+00, 0.00000e+00
1.00000e-01, 1.20000e-01, 1.10000e-01, 0.00000e+00, 0.00000e+00
1.20000e-01, 1.40000e-01, 1.30000e-01, 0.00000e+00, 0.00000e+00
1.40000e-01, 1.60000e-01, 1.50000e-01, 0.00000e+00, 0.00000e+00
1.60000e-01, 1.80000e-01, 1.70000e-01, 0.00000e+00, 0.00000e+00
1.80000e-01, 2.00000e-01, 1.90000e-01, 0.00000e+00, 0.00000e+00
2.00000e-01, 2.20000e-01, 2.10000e-01, 0.00000e+00, 0.00000e+00
2.20000e-01, 2.40000e-01, 2.30000e-01, 0.00000e+00, 0.00000e+00
2.40000e-01, 2.60000e-01, 2.50000e-01, 0.00000e+00, 0.00000e+00
2.60000e-01, 2.80000e-01, 2.70000e-01, 0.00000e+00, 0.00000e+00
2.80000e-01, 3.00000e-01, 2.90000e-01, 0.00000e+00, 0.00000e+00
3.00000e-01, 3.20000e-01, 3.10000e-01, 0.00000e+00, 0.00000e+00
3.20000e-01, 3.40000e-01, 3.30000e-01, 0.00000e+00, 0.00000e+00
3.40000e-01, 3.60000e-01, 3.50000e-01, 0.00000e+00, 0.00000e+00
3.60000e-01, 3.80000e-01, 3.70000e-01, 0.00000e+00, 0.00000e+00
3.80000e-01, 4.00000e-01, 3.90000e-01, 0.00000e+00, 0.00000e+00
4.00000e-01, 4.20000e-01, 4.10000e-01, 0.00000e+00, 0.00000e+00
4.20000e-01, 4.40000e-01, 4.30000e-01, 0.00000e+00, 0.00000e+00
4.40000e-01, 4.60000e-01, 4.50000e-01, 0.00000e+00, 0.00000e+00
4.60000e-01, 4.80000e-01, 4.70000e-01, 0.00000e+00, 0.00000e+00
4.80000e-01, 5.00000e-01, 4.90000e-01, 0.00000e+00, 0.00000e+00
5.00000e-01, 5.20000e-01, 5.10000e-01, 0.00000e+00, 0.00000e+00
5.20000e-01, 5.40000e-01, 5.30000e-01, 0.00000e+00, 0.00000e+00
5.40000e-01, 5.60000e-01, 5.50000e-01, 0.00000e+00, 0.00000e+00
5.60000e-01, 5.80000e-01, 5.70000e-01, 0.00000e+00, 0.00000e+00
5.80000e-01, 6.00000e-01, 5.90000e-01, 0.00000e+00, 0.00000e+00
6.00000e-01, 6.20000e-01, 6.10000e-01, 0.00000e+00, 0.00000e+00
6.20000e-01, 6.40000e-01, 6.30000e-01, 0.00000e+00, 0.00000e+00
6.40000e-01, 6.60000e-01, 6.50000e-01, 0.00000e+00, 0.00000e+00
6.60000e-01, 6.80000e-01, 6.70000e-01, 0.00000e+00, 0.00000e+00
6.80000e-01, 7.00000e-01, 6.90000e-01, 0.00000e+00, 0.00000e+00
7.00000e-01, 7.20000e-01, 7.10000e-01, 0.00000e+00, 0.00000e+00
7.20000e-01, 7.40000e-01, 7.30000e-01, 0.00000e+00, 0.00000e+00
7.40000e-01, 7.60000e-01, 7.50000e-01, 7.82850e-38, 3.91425e-36
7.60000e-01, 7.80000e-01, 7.70000e-01, 2.67735e-35, 1.33867e-33
7.80000e-01, 8.00000e-01, 7.90000e-01, 4.44518e-33, 2.22259e-31
8.00000e-01, 8.20000e-01, 8.10000e-01, 4.77295e-31, 2.38647e-29
8.20000e-01, 8.40000e-01, 8.30000e-01, 3.72512e-29, 1.86256e-27
8.40000e-01, 8.60000e-01, 8.50000e-01, 2.25188e-27, 1.12594e-25
8.60000e-01, 8.80000e-01, 8.70000e-01, 1.09716e-25, 5.48580e-24
8.80000e-01, 9.00000e-01, 8.90000e-01, 4.42644e-24, 2.21322e-22
9.00000e-01, 9.20000e-01, 9.10000e-01, 1.50774e-22, 7.53869e-21
9.20000e-01, 9.40000e-01, 9.30000e-01, 4.39906e-21, 2.19953e-19
9.40000e-01, 9.60000e-01, 9.50000e-01, 1.11159e-19, 5.55795e-18
9.60000e-01, 9.80000e-01, 9.70000e-01, 2.45353e-18, 1.22676e-16
9.80000e-01, 1.00000e+00, 9.90000e-01, 4.76212e-17, 2.38106e-15
1.00000e+00, 1.02000e+00, 1.01000e+00, 8.17021e-16, 4.08511e-14
1.02000e+00, 1.04000e+00, 1.03000e+00, 1.24406e-14, 6.22029e-13
1.04000e+00, 1.06000e+00, 1.05000e+00, 1.68632e-13, 8.43161e-12
1.06000e+00, 1.08000e+00, 1.07000e+00, 2.03930e-12, 1.01965e-10
1.08000e+00, 1.10000e+00, 1.09000e+00, 2.20333e-11, 1.10167e-09
1.10000e+00, 1.12000e+00, 1.11000e+00, 2.12839e-10, 1.06420e-08
1.12000e+00, 1.14000e+00, 1.13000e+00, 1.83832e-09, 9.19160e-08
1.14000e+00, 1.16000e+00, 1.15000e+00, 1.41884e-08, 7.09418e-07
1.16000e+00, 1.18000e+00, 1.17000e+00, 9.77327e-08, 4.88663e-06
1.18000e+00, 1.20000e+00, 1.19000e+00, 5.99659e-07, 2.99830e-05
1.20000e+00, 1.22000e+00, 1.21000e+00, 3.26866e-06, 1.63433e-04
1.22000e+00, 1.24000e+00, 1.23000e+00, 1.57737e-05, 7.88687e-04
1.24000e+00, 1.26000e+00, 1.25000e+00, 6.71006e-05, 3.35503e-03
1.26000e+00, 1.28000e+00, 1.27000e+00, 2.50298e-04, 1.25149e-02
1.28000e+00, 1.30000e+00, 1.29000e+00, 8.13577e-04, 4.06789e-02
1.30000e+00, 1.32000e+00, 1.31000e+00, 2.28758e-03, 1.14379e-01
1.32000e+00, 1.34000e+00, 1.33000e+00, 5.51877e-03, 2.75938e-01
1.34000e+00, 1.36000e+00, 1.35000e+00, 1.13276e-02, 5.66382e-01
1.36000e+00, 1.38000e+00, 1.37000e+00, 1.96428e-02, 9.82138e-01
1.38000e+00, 1.40000e+00, 1.39000e+00, 2.87191e-02, 1.43596e+00
1.40000e+00, 1.42000e+00, 1.41000e+00, 3.57726e-02, 1.78863e+00
1.42000e+00, 1.44000e+00, 1.43000e+00, 3.92171e-02, 1.96086e+00
1.44000e+00, 1.46000e+00, 1.45000e+00, 4.00000e-02, 2.00000e+00
1.46000e+00, 1.48000e+00, 1.47000e+00, 4.00000e-02, 2.00000e+00
1.48000e+00, 1.50000e+00, 1.49000e+00, 4.00000e-02, 2.00000e+00
1.50000e+00, 1.52000e+00, 1.51000e+00, 4.00000e-02, 2.00000e+00
1.52000e+00, 1.54000e+00, 1.53000e+00, 4.00000e-02, 2.00000e+00
1.54000e+00, 1.56000e+00, 1.55000e+00, 4.00000e-02, 2.00000e+00
1.56000e+00, 1.58000e+00, 1.57000e+00, 4.00000e-02, 2.00000e+00
1.58000e+00, 1.60000e+00, 1.59000e+00, 4.00000e-02, 2.00000e+00
1.60000e+00, 1.62000e+00, 1.61000e+00, 4.00000e-02, 2.00000e+00
1.62000e+00, 1.64000e+00, 1.63000e+00, 4.00000e-02, 2.00000e+00
1.64000e+00, 1.66000e+00, 1.65000e+00, 4.00000e-02, 2.00000e+00
1.66000e+00, 1.68000e+00, 1.67000e+00, 3.99999e-02, 2.00000e+00
1.68000e+00, 1.70000e+00, 1.69000e+00, 3.99994e-02, 1.99997e+00
1.70000e+00, 1.72000e+00, 1.71000e+00, 3.99967e-02, 1.99984e+00
1.72000e+00, 1.74000e+00, 1.73000e+00, 3.99842e-02, 1.99921e+00
1.74000e+00, 1.76000e+00, 1.75000e+00, 3.99329e-02, 1.99664e+00
1.76000e+00, 1.78000e+00, 1.77000e+00, 3.97497e-02, 1.98749e+00
1.78000e+00, 1.80000e+00, 1.79000e+00, 3.91864e-02, 1.95932e+00
1.80000e+00, 1.82000e+00, 1.81000e+00, 3.77124e-02, 1.88562e+00
1.82000e+00, 1.84000e+00, 1.83000e+00, 3.44812e-02, 1.72406e+00
1.84000e+00, 1.86000e+00, 1.85000e+00, 2.86724e-02, 1.43362e+00
1.86000e+00, 1.88000e+00, 1.87000e+00, 2.03572e-02, 1.01786e+00
1.88000e+00, 1.90000e+00, 1.89000e+00, 1.12809e-02, 5.64044e-01
1.90000e+00, 1.92000e+00, 1.91000e+00, 4.22739e-03, 2.11370e-01
1.92000e+00, 1.94000e+00, 1.93000e+00, 7.82850e-04, 3.91425e-02
1.94000e+00, 1.96000e+00, 1.95000e+00, 0.00000e+00, 0.00000e+00
1.96000e+00, 1.98000e+00, 1.97000e+00, 0.00000e+00, 0.00000e+00
1.98000e+00, 2.00000e+00, 1.99000e+00, 0.00000e+00, 0.00000e+00
2.00000e+00, 2.02000e+00, 2.01000e+00, 0.00000e+00, 0.00000e+00
2.02000e+00, 2.04000e+00, 2.03000e+00, 0.00000e+00, 0.00000e+00
2.04000e+00, 2.06000e+00, 2.05000e+00, 0.00000e+00, 0.00000e+00
2.06000e+00, 2.08000e+00, 2.07000e+00, 0.00000e+00, 0.00000e+00
2.08000e+00, 2.10000e+00, 2.09000e+00, 0.00000e+00, 0.00000e+00
2.10000e+00, 2.12000e+00, 2.11000e+00, 0.00000e+00, 0.00000e+00
2.12000e+00, 2.14000e+00, 2.13000e+00, 0.00000e+00, 0.00000e+00
2.14000e+00, 2.16000e+00, 2.15000e+00, 0.00000e+00, 0.00000e+00
2.16000e+00, 2.18000e+00, 2.17000e+00, 0.00000e+00, 0.00000e+00
2.18000e+00, 2.20000e+00, 2.19000e+00, 0.00000e+00, 0.00000e+00
2.20000e+00, 2.22000e+00, 2.21000e+00, 0.00000e+00, 0.00000e+00
2.22000e+00, 2.24000e+00, 2.23000e+00, 0.00000e+00, 0.00000e+00
2.24000e+00, 2.26000e+00, 2.25000e+00, 0.00000e+00, 0.00000e+00
2.26000e+00, 2.28000e+00, 2.27000e+00, 0.00000e+00, 0.00000e+00
2.28000e+00, 2.30000e+00, 2.29000e+00, 0.00000e+00, 0.00000e+00
2.30000e+00, 2.32000e+00, 2.31000e+00, 0.00000e+00, 0.00000e+00
2.32000e+00, 2.34000e+00, 2.33000e+00, 0.00000e+00, 0.00000e+00
2.34000e+00, 2.36000e+00, 2.35000e+00, 0.00000e+00, 0.00000e+00
2.36000e+00, 2.38000e+00, 2.37000e+00, 0.00000e+00, 0.00000e+00
2.38000e+00, 2.40000e+00, 2.39000e+00, 0.00000e+00, 0.00000e+00
2.40000e+00, 2.42000e+00, 2.41000e+00, 0.00000e+00, 0.00000e+00
2.42000e+00, 2.44000e+00, 2.43000e+00, 0.00000e+00, 0.00000e+00
2.44000e+00, 2.46000e+00, 2.45000e+00, 0.00000e+00, 0.00000e+00
2.46000e+00, 2.48000e+00, 2.47000e+00, 0.00000e+00, 0.00000e+00
2.48000e+00, 2.50000e+00, 2.49000e+00, 0.00000e+00, 0.00000e+00
2.50000e+00, 2.52000e+00, 2.51000e+00, 0.00000e+00, 0.00000e+00
2.52000e+00, 2.54000e+00, 2.53000e+00, 0.00000e+00, 0.00000e+00
2.54000e+00, 2.56000e+00, 2.55000e+00, 0.00000e+00, 0.00000e+00
2.56000e+00, 2.58000e+00, 2.57000e+00, 0.00000e+00, 0.00000e+00
2.58000e+00, 2.60000e+00, 2.59000e+00, 0.00000e+00, 0.00000e+00
2.60000e+00, 2.62000e+00, 2.61000e+00, 0.00000e+00, 0.00000e+00
2.62000e+00, 2.64000e+00, 2.63000e+00, 0.00000e+00, 0.00000e+00
2.64000e+00, 2.66000e+00, 2.65000e+00, 0.00000e+00, 0.00000e+00
2.66000e+00, 2.68000e+00, 2.67000e+00, 0.00000e+00, 0.00000e+00
2.68000e+00, 2.70000e+00, 2.69000e+00, 0.00000e+00, 0.00000e+00
2.70000e+00, 2.72000e+00, 2.71000e+00, 0.00000e+00, 0.00000e+00
2.72000e+00, 2.74000e+00, 2.73000e+00, 0.00000e+00, 0.00000e+00
2.74000e+00, 2.76000e+00, 2.75000e+00, 0.00000e+00, 0.00000e+00
2.76000e+00, 2.78000e+00, 2.77000e+00, 0.00000e+00, 0.00000e+00
2.78000e+00, 2.80000e+00, 2.79000e+00, 0.00000e+00, 0.00000e+00
2.80000e+00, 2.82000e+00, 2.81000e+00, 0.00000e+00, 0.00000e+00
2.82000e+00, 2.84000e+00, 2.83000e+00, 0.00000e+00, 0.00000e+00
2.84000e+00, 2.86000e+00, 2.85000e+00, 0.00000e+00, 0.00000e+00
2.86000e+00, 2.88000e+00, 2.87000e+00, 0.00000e+00, 0.00000e+00
2.88000e+00, 2.90000e+00, 2.89000e+00, 0.00000e+00, 0.00000e+00
2.90000e+00, 2.92000e+00, 2.91000e+00, 0.00000e+00, 0.00000e+00
2.92000e+00, 2.94000e+00, 2.93000e+00, 0.00000e+00, 0.00000e+00
2.94000e+00, 2.96000e+00, 2.95000e+00, 0.00000e+00, 0.00000e+00
2.96000e+00, 2.98000e+00, 2.97000e+00, 0.00000e+00, 0.00000e+00
2.98000e+00, 3.00000e+00, 2.99000e+00, 0.00000e+00, 0.00000e+00
3.00000e+00, 3.02000e+00, 3.01000e+00, 0.00000e+00, 0.00000e+00
3.02000e+00, 3.04000e+00, 3.03000e+00, 0.00000e+00, 0.00000e+00
3.04000e+00, 3.06000e+00, 3.05000e+00, 0.00000e+00, 0.00000e+00
3.06000e+00, 3.08000e+00, 3.07000e+00, 0.00000e+00, 0.00000e+00
3.08000e+00, 3.10000e+00, 3.09000e+00, 0.00000e+00, 0.00000e+00
3.10000e+00, 3.12000e+00, 3.11000e+00, 0.00000e+00, 0.00000e+00
3.12000e+00, 3.14000e+00, 3.13000e+00, 0.00000e+00, 0.00000e+00
3.14000e+00, 3.16000e+00, 3.15000e+00, 0.00000e+00, 0.00000e+00
3.16000e+00, 3.18000e+00, 3.17000e+00, 0.00000e+00, 0.00000e+00
3.18000e+00, 3.20000e+00, 3.19000e+00, 0.00000e+00, 0.00000e+00
3.20000e+00, 3.22000e+00, 3.21000e+00, 0.00000e+00, 0.00000e+00
3.22000e+00, 3.24000e+00, 3.23000e+00, 0.00000e+00, 0.00000e+00
3.24000e+00, 3.26000e+00, 3.25000e+00, 0.00000e+00, 0.00000e+00
3.26000e+00, 3.28000e+00, 3.27000e+00, 0.00000e+00, 0.00000e+00
3.28000e+00, 3.30000e+00, 3.29000e+00, 0.00000e+00, 0.00000e+00
3.30000e+00, 3.32000e+00, 3.31000e+00, 0.00000e+00, 0.00000e+00
3.32000e+00, 3.34000e+00, 3.33000e+00, 0.00000e+00, 0.00000e+00
3.34000e+00, 3.36000e+00, 3.35000e+00, 0.00000e+00, 0.00000e+00
3.36000e+00, 3.38000e+00, 3.37000e+00, 0.00000e+00, 0.00000e+00
3.38000e+00, 3.40000e+00, 3.39000e+00, 0.00000e+00, 0.00000e+00
3.40000e+00, 3.42000e+00, 3.41000e+00, 0.00000e+00, 0.00000e+00
3.42000e+00, 3.44000e+00, 3.43000e+00, 0.00000e+00, 0.00000e+00
3.44000e+00, 3.46000e+00, 3.45000e+00, 0.00000e+00, 0.00000e+00
3.46000e+00, 3.48000e+00, 3.47000e+00, 0.00000e+00, 0.00000e+00
3.48000e+00, 3.50000e+00, 3.49000e+00, 0.00000e+00, 0.00000e+00
3.50000e+00, 3.52000e+00, 3.51000e+00, 0.00000e+00, 0.00000e+00
3.52000e+00, 3.54000e+00, 3.53000e+00, 0.00000e+00, 0.00000e+00
3.54000e+00, 3.56000e+00, 3.55000e+00, 0.00000e+00, 0.00000e+00
3.56000e+00, 3.58000e+00, 3.57000e+00, 0.00000e+00, 0.00000e+00
3.58000e+00, 3.60000e+00, 3.59000e+00, 0.00000e+00, 0.00000e+00
3.60000e+00, 3.62000e+00, 3.61000e+00, 0.00000e+00, 0.00000e+00
3.62000e+00, 3.64000e+00, 3.63000e+00, 0.00000e+00, 0.00000e+00
3.64000e+00, 3.66000e+00, 3.65000e+00, 0.00000e+00, 0.00000e+00
3.66000e+00, 3.68000e+00, 3.67000e+00, 0.00000e+00, 0.00000e+00
3.68000e+00, 3.70000e+00, 3.69000e+00, 0.00000e+00, 0.00000e+00
3.70000e+00, 3.72000e+00, 3.71000e+00, 0.00000e+00, 0.00000e+00
3.72000e+00, 3.74000e+00, 3.73000e+00, 0.00000e+00, 0.00000e+00
3.74000e+00, 3.76000e+00, 3.75000e+00, 0.00000e+00, 0.00000e+00
3.76000e+00, 3.78000e+00, 3.77000e+00, 0.00000e+00, 0.00000e+00
3.78000e+00, 3.80000e+00, 3.79000e+00, 0.00000e+00, 0.00000e+00
3.80000e+00, 3.82000e+00, 3.81000e+00, 0.00000e+00, 0.00000e+00
3.82000e+00, 3.84000e+00, 3.83000e+00, 0.00000e+00, 0.00000e+00
3.84000e+00, 3.86000e+00, 3.85000e+00, 0.00000e+00, 0.00000e+00
3.86000e+00, 3.88000e+00, 3.87000e+00, 0.00000e+00, 0.00000e+00
3.88000e+00, 3.90000e+00, 3.89000e+00, 0.00000e+00, 0.00000e+00
3.90000e+00, 3.92000e+00, 3.91000e+00, 0.00000e+00, 0.00000e+00
3.92000e+00, 3.94000e+00, 3.93000e+00, 0.00000e+00, 0.00000e+00
3.94000e+00, 3.96000e+00, 3.95000e+00, 0.00000e+00, 0.00000e+00
3.96000e+00, 3.98000e+00, 3.97000e+00, 0.00000e+00, 0.00000e+00
3.98000e+00, 4.00000e+00, 3.99000e+00, 0.00000e+00, 0.00000e+00
