# time = 9.818181818181818e-01# start, end, pivot, particles, density
0.00000e+00, 2.00000e-02, 1.00000e-02, 0.00000e+00, 0.00000e+00
2.00000e-02, 4.00000e-02, 3.00000e-02, 0.00000e+00, 0.00000e+00
4.00000e-02, 6.00000e-02, 5.00000e-02, 0.00000e+00, 0.00000e+00
6.00000e-02, 8.00000e-02, 7.00000e-02, 0.00000e+00, 0.00000e+00
8.00000e-02, 1.00000e-01, 9.00000e-02, 0.00000e+00, 0.00000e+00
1.00000e-01, 1.20000e-01, 1.10000e-01, 0.00000e+00, 0.00000e+00
1.20000e-01, 1.40000e-01, 1.30000e-01, 0.00000e+00, 0.00000e+00
1.40000e-01, 1.60000e-01, 1.50000e-01, 0.00000e+00, 0.00000e+00
1.60000e-01, 1.80000e-01, 1.70000e-01, 0.00000e+00, 0.00000e+00
1.80000e-01, 2.00000e-01, 1.90000e-01, 0.00000e+00, 0.00000e+00
2.00000e-01, 2.20000e-01, 2.10000e-01, 0.00000e+00, 0.00000e+00
2.20000e-01, 2.40000e-01, 2.30000e-01, 0.00000e+00, 0.00000e+00
2.40000e-01, 2.60000e-01, 2.50000e-01, 0.00000e+00, 0.00000e+00
2.60000e-01, 2.80000e-01, 2.70000e-01, 0.00000e+00, 0.00000e+00
2.80000e-01, 3.00000e-01, 2.90000e-01, 0.00000e+00, 0.00000e+00
3.00000e-01, 3.20000e-01, 3.10000e-01, 0.00000e+00, 0.00000e+00
3.20000e-01, 3.40000e-01, 3.30000e-01, 0.00000e+00, 0.00000e+00
3.40000e-01, 3.60000e-01, 3.50000e-01, 0.00000e+00, 0.00000e+00
3.60000e-01, 3.80000e-01, 3.70000e-01, 0.00000e+00, 0.00000e+00
3.80000e-01, 4.00000e-01, 3.90000e-01, 0.00000e+00, 0.00000e+00
4.00000e-01, 4.20000e-01, 4.10000e-01, 0.00000e+00, 0.00000e+00
4.20000e-01, 4.40000e-01, 4.30000e-01, 0.00000e+00, 0.00000e+00
4.40000e-01, 4.60000e-01, 4.50000e-01, 0.00000e+00, 0.00000e+00
4.60000e-01, 4.80000e-01, 4.70000e-01, 0.00000e+00, 0.00000e+00
4.80000e-01, 5.00000e-01, 4.90000e-01, 0.00000e+00, 0.00000e+00
5.00000e-01, 5.20000e-01, 5.10000e-01, 0.00000e+00, 0.00000e+00
5.20000e-01, 5.40000e-01, 5.30000e-01, 0.00000e+00, 0.00000e+00
5.40000e-01, 5.60000e-01, 5.50000e-01, 0.00000e+00, 0.00000e+00
5.60000e-01, 5.80000e-01, 5.70000e-01, 0.00000e+00, 0.00000e+00
5.80000e-01, 6.00000e-01, 5.90000e-01, 0.00000e+00, 0.00000e+00
6.00000e-01, 6.20000e-01, 6.10000e-01, 0.00000e+00, 0.00000e+00
6.20000e-01, 6.40000e-01, 6.30000e-01, 0.00000e+00, 0.00000e+00
6.40000e-01, 6.60000e-01, 6.50000e-01, 0.00000e+00, 0.00000e+00
6.60000e-01, 6.80000e-01, 6.70000e-01, 0.00000e+00, 0.00000e+00
6.80000e-01, 7.00000e-01, 6.90000e-01, 0.00000e+00, 0.00000e+00
7.00000e-01, 7.20000e-01, 7.10000e-01, 0.00000e+00, 0.00000e+00
7.20000e-01, 7.40000e-01, 7.30000e-01, 0.00000e+00, 0.00000e+00
7.40000e-01, 7.60000e-01, 7.50000e-01, 1.16366e-58, 5.81829e-57
7.60000e-01, 7.80000e-01, 7.70000e-01, 6.30702e-56, 3.15351e-54
7.80000e-01, 8.00000e-01, 7.90000e-01, 1.67778e-53, 8.38892e-52
8.00000e-01, 8.20000e-01, 8.10000e-01, 2.91976e-51, 1.45988e-49
8.20000e-01, 8.40000e-01, 8.30000e-01, 3.73814e-49, 1.86907e-47
8.40000e-01, 8.60000e-01, 8.50000e-01, 3.75426e-47, 1.87713e-45
8.60000e-01, 8.80000e-01, 8.70000e-01, 3.07974e-45, 1.53987e-43
8.80000e-01, 9.00000e-01, 8.90000e-01, 2.12169e-43, 1.06085e-41
9.00000e-01, 9.20000e-01, 9.10000e-01, 1.25257e-41, 6.26285e-40
9.20000e-01, 9.40000e-01, 9.30000e-01, 6.43459e-40, 3.21729e-38
9.40000e-01, 9.60000e-01, 9.50000e-01, 2.91094e-38, 1.45547e-36
9.60000e-01, 9.80000e-01, 9.70000e-01, 1.17084e-36, 5.85421e-35
9.80000e-01, 1.00000e+00, 9.90000e-01, 4.21990e-35, 2.10995e-33
1.00000e+00, 1.02000e+00, 1.01000e+00, 1.37165e-33, 6.85825e-32
1.02000e+00, 1.04000e+00, 1.03000e+00, 4.04262e-32, 2.02131e-30
1.04000e+00, 1.06000e+00, 1.05000e+00, 1.08526e-30, 5.42629e-29
1.06000e+00, 1.08000e+00, 1.07000e+00, 2.66396e-29, 1.33198e-27
1.08000e+00, 1.10000e+00, 1.09000e+00, 5.99890e-28, 2.99945e-26
1.10000e+00, 1.12000e+00, 1.11000e+00, 1.24275e-26, 6.21375e-25
1.12000e+00, 1.14000e+00, 1.13000e+00, 2.37412e-25, 1.18706e-23
1.14000e+00, 1.16000e+00, 1.15000e+00, 4.19096e-24, 2.09548e-22
1.16000e+00, 1.18000e+00, 1.17000e+00, 6.84807e-23, 3.42404e-21
1.18000e+00, 1.20000e+00, 1.19000e+00, 1.03728e-21, 5.18640e-20
1.20000e+00, 1.22000e+00, 1.21000e+00, 1.45820e-20, 7.29101e-19
1.22000e+00, 1.24000e+00, 1.23000e+00, 1.90440e-19, 9.52200e-18
1.24000e+00, 1.26000e+00, 1.25000e+00, 2.31232e-18, 1.15616e-16
1.26000e+00, 1.28000e+00, 1.27000e+00, 2.61175e-17, 1.30588e-15
1.28000e+00, 1.30000e+00, 1.29000e+00, 2.74521e-16, 1.37261e-14
1.30000e+00, 1.32000e+00, 1.31000e+00, 2.68573e-15, 1.34287e-13
1.32000e+00, 1.34000e+00, 1.33000e+00, 2.44570e-14, 1.22285e-12
1.34000e+00, 1.36000e+00, 1.35000e+00, 2.07265e-13, 1.03633e-11
1.36000e+00, 1.38000e+00, 1.37000e+00, 1.63414e-12, 8.17068e-11
1.38000e+00, 1.40000e+00, 1.39000e+00, 1.19803e-11, 5.99014e-10
1.40000e+00, 1.42000e+00, 1.41000e+00, 8.16127e-11, 4.08063e-09
1.42000e+00, 1.44000e+00, 1.43000e+00, 5.16147e-10, 2.58074e-08
1.44000e+00, 1.46000e+00, 1.45000e+00, 3.02719e-09, 1.51359e-07
1.46000e+00, 1.48000e+00, 1.47000e+00, 1.64431e-08, 8.22157e-07
1.48000e+00, 1.50000e+00, 1.49000e+00, 8.25924e-08, 4.12962e-06
1.50000e+00, 1.52000e+00, 1.51000e+00, 3.82935e-07, 1.91468e-05
1.52000e+00, 1.54000e+00, 1.53000e+00, 1.63547e-06, 8.17737e-05
1.54000e+00, 1.56000e+00, 1.55000e+00, 6.41904e-06, 3.20952e-04
1.56000e+00, 1.58000e+00, 1.57000e+00, 2.30909e-05, 1.15455e-03
1.58000e+00, 1.60000e+00, 1.59000e+00, 7.59005e-05, 3.79503e-03
1.60000e+00, 1.62000e+00, 1.61000e+00, 2.27203e-04, 1.13602e-02
1.62000e+00, 1.64000e+00, 1.63000e+00, 6.17063e-04, 3.08532e-02
1.64000e+00, 1.66000e+00, 1.65000e+00, 1.51436e-03, 7.57180e-02
1.66000e+00, 1.68000e+00, 1.67000e+00, 3.34393e-03, 1.67197e-01
1.68000e+00, 1.70000e+00, 1.69000e+00, 6.61552e-03, 3.30776e-01
1.70000e+00, 1.72000e+00, 1.71000e+00, 1.16818e-02, 5.84088e-01
1.72000e+00, 1.74000e+00, 1.73000e+00, 1.83672e-02, 9.18362e-01
1.74000e+00, 1.76000e+00, 1.75000e+00, 2.57274e-02, 1.28637e+00
1.76000e+00, 1.78000e+00, 1.77000e+00, 3.22938e-02, 1.61469e+00
1.78000e+00, 1.80000e+00, 1.79000e+00, 3.68453e-02, 1.84227e+00
1.80000e+00, 1.82000e+00, 1.81000e+00, 3.91389e-02, 1.95694e+00
1.82000e+00, 1.84000e+00, 1.83000e+00, 3.98836e-02, 1.99418e+00
1.84000e+00, 1.86000e+00, 1.85000e+00, 4.00000e-02, 2.00000e+00
1.86000e+00, 1.88000e+00, 1.87000e+00, 4.00000e-02, 2.00000e+00
1.88000e+00, 1.90000e+00, 1.89000e+00, 4.00000e-02, 2.00000e+00
1.90000e+00, 1.92000e+00, 1.91000e+00, 4.00000e-02, 2.00000e+00
1.92000e+00, 1.94000e+00, 1.93000e+00, 4.00000e-02, 2.00000e+00
1.94000e+00, 1.96000e+00, 1.95000e+00, 4.00000e-02, 2.00000e+00
1.96000e+00, 1.98000e+00, 1.97000e+00, 4.00000e-02, 2.00000e+00
1.98000e+00, 2.00000e+00, 1.99000e+00, 3.99999e-02, 2.00000e+00
2.00000e+00, 2.02000e+00, 2.01000e+00, 3.99996e-02, 1.99998e+00
2.02000e+00, 2.04000e+00, 2.03000e+00, 3.99984e-02, 1.99992e+00
2.04000e+00, 2.06000e+00, 2.05000e+00, 3.99936e-02, 1.99968e+00
2.06000e+00, 2.08000e+00, 2.07000e+00, 3.99769e-02, 1.99885e+00
2.08000e+00, 2.10000e+00, 2.09000e+00, 3.99241e-02, 1.99620e+00
2.10000e+00, 2.12000e+00, 2.11000e+00, 3.97728e-02, 1.98864e+00
2.12000e+00, 2.14000e+00, 2.13000e+00, 3.93829e-02, 1.96915e+00
2.14000e+00, 2.16000e+00, 2.15000e+00, 3.84856e-02, 1.92428e+00
2.16000e+00, 2.18000e+00, 2.17000e+00, 3.66561e-02, 1.83280e+00
2.18000e+00, 2.20000e+00, 2.19000e+00, 3.33845e-02, 1.66922e+00
2.20000e+00, 2.22000e+00, 2.21000e+00, 2.83182e-02, 1.41591e+00
2.22000e+00, 2.24000e+00, 2.23000e+00, 2.16328e-02, 1.08164e+00
2.24000e+00, 2.26000e+00, 2.25000e+00, 1.42726e-02, 7.13631e-01
2.26000e+00, 2.28000e+00, 2.27000e+00, 7.70620e-03, 3.85310e-01
2.28000e+00, 2.30000e+00, 2.29000e+00, 3.15467e-03, 1.57734e-01
2.30000e+00, 2.32000e+00, 2.31000e+00, 8.61106e-04, 4.30553e-02
2.32000e+00, 2.34000e+00, 2.33000e+00, 1.16366e-04, 5.81829e-03
2.34000e+00, 2.36000e+00, 2.35000e+00, 0.00000e+00, 0.00000e+00
2.36000e+00, 2.38000e+00, 2.37000e+00, 0.00000e+00, 0.00000e+00
2.38000e+00, 2.40000e+00, 2.39000e+00, 0.00000e+00, 0.00000e+00
2.40000e+00, 2.42000e+00, 2.41000e+00, 0.00000e+00, 0.00000e+00
2.42000e+00, 2.44000e+00, 2.43000e+00, 0.00000e+00, 0.00000e+00
2.44000e+00, 2.46000e+00, 2.45000e+00, 0.00000e+00, 0.00000e+00
2.46000e+00, 2.48000e+00, 2.47000e+00, 0.00000e+00, 0.00000e+00
2.48000e+00, 2.50000e+00, 2.49000e+00, 0.00000e+00, 0.00000e+00
2.50000e+00, 2.52000e+00, 2.51000e+00, 0.00000e+00, 0.00000e+00
2.52000e+00, 2.54000e+00, 2.53000e+00, 0.00000e+00, 0.00000e+00
2.54000e+00, 2.56000e+00, 2.55000e+00, 0.00000e+00, 0.00000e+00
2.56000e+00, 2.58000e+00, 2.57000e+00, 0.00000e+00, 0.00000e+00
2.58000e+00, 2.60000e+00, 2.59000e+00, 0.00000e+00, 0.00000e+00
2.60000e+00, 2.62000e+00, 2.61000e+00, 0.00000e+00, 0.00000e+00
2.62000e+00, 2.64000e+00, 2.63000e+00, 0.00000e+00, 0.00000e+00
2.64000e+00, 2.66000e+00, 2.65000e+00, 0.00000e+00, 0.00000e+00
2.66000e+00, 2.68000e+00, 2.67000e+00, 0.00000e+00, 0.00000e+00
2.68000e+00, 2.70000e+00, 2.69000e+00, 0.00000e+00, 0.00000e+00
2.70000e+00, 2.72000e+00, 2.71000e+00, 0.00000e+00, 0.00000e+00
2.72000e+00, 2.74000e+00, 2.73000e+00, 0.00000e+00, 0.00000e+00
2.74000e+00, 2.76000e+00, 2.75000e+00, 0.00000e+00, 0.00000e+00
2.76000e+00, 2.78000e+00, 2.77000e+00, 0.00000e+00, 0.00000e+00
2.78000e+00, 2.80000e+00, 2.79000e+00, 0.00000e+00, 0.00000e+00
2.80000e+00, 2.82000e+00, 2.81000e+00, 0.00000e+00, 0.00000e+00
2.82000e+00, 2.84000e+00, 2.83000e+00, 0.00000e+00, 0.00000e+00
2.84000e+00, 2.86000e+00, 2.85000e+00, 0.00000e+00, 0.00000e+00
2.86000e+00, 2.88000e+00, 2.87000e+00, 0.00000e+00, 0.00000e+00
2.88000e+00, 2.90000e+00, 2.89000e+00, 0.00000e+00, 0.00000e+00
2.90000e+00, 2.92000e+00, 2.91000e+00, 0.00000e+00, 0.00000e+00
2.92000e+00, 2.94000e+00, 2.93000e+00, 0.00000e+00, 0.00000e+00
2.94000e+00, 2.96000e+00, 2.95000e+00, 0.00000e+00, 0.00000e+00
2.96000e+00, 2.98000e+00, 2.97000e+00, 0.00000e+00, 0.00000e+00
2.98000e+00, 3.00000e+00, 2.99000e+00, 0.00000e+00, 0.00000e+00
3.00000e+00, 3.02000e+00, 3.01000e+00, 0.00000e+00, 0.00000e+00
3.02000e+00, 3.04000e+00, 3.03000e+00, 0.00000e+00, 0.00000e+00
3.04000e+00, 3.06000e+00, 3.05000e+00, 0.00000e+00, 0.00000e+00
3.06000e+00, 3.08000e+00, 3.07000e+00, 0.00000e+00, 0.00000e+00
3.08000e+00, 3.10000e+00, 3.09000e+00, 0.00000e+00, 0.00000e+00
3.10000e+00, 3.12000e+00, 3.11000e+00, 0.00000e+00, 0.00000e+00
3.12000e+00, 3.14000e+00, 3.13000e+00, 0.00000e+00, 0.00000e+00
3.14000e+00, 3.16000e+00, 3.15000e+00, 0.00000e+00, 0.00000e+00
3.16000e+00, 3.18000e+00, 3.17000e+00, 0.00000e+00, 0.00000e+00
3.18000e+00, 3.20000e+00, 3.19000e+00, 0.00000e+00, 0.00000e+00
3.20000e+00, 3.22000e+00, 3.21000e+00, 0.00000e+00, 0.00000e+00
3.22000e+00, 3.24000e+00, 3.23000e+00, 0.00000e+00, 0.00000e+00
3.24000e+00, 3.26000e+00, 3.25000e+00, 0.00000e+00, 0.00000e+00
3.26000e+00, 3.28000e+00, 3.27000e+00, 0.00000e+00, 0.00000e+00
3.28000e+00, 3.30000e+00, 3.29000e+00, 0.00000e+00, 0.00000e+00
3.30000e+00, 3.32000e+00, 3.31000e+00, 0.00000e+00, 0.00000e+00
3.32000e+00, 3.34000e+00, 3.33000e+00, 0.00000e+00, 0.00000e+00
3.34000e+00, 3.36000e+00, 3.35000e+00, 0.00000e+00, 0.00000e+00
3.36000e+00, 3.38000e+00, 3.37000e+00, 0.00000e+00, 0.00000e+00
3.38000e+00, 3.40000e+00, 3.39000e+00, 0.00000e+00, 0.00000e+00
3.40000e+00, 3.42000e+00, 3.41000e+00, 0.00000e+00, 0.00000e+00
3.42000e+00, 3.44000e+00, 3.43000e+00, 0.00000e+00, 0.00000e+00
3.44000e+00, 3.46000e+00, 3.45000e+00, 0.00000e+00, 0.00000e+00
3.46000e+00, 3.48000e+00, 3.47000e+00, 0.00000e+00, 0.00000e+00
3.48000e+00, 3.50000e+00, 3.49000e+00, 0.00000e+00, 0.00000e+00
3.50000e+00, 3.52000e+00, 3.51000e+00, 0.00000e+00, 0.00000e+00
3.52000e+00, 3.54000e+00, 3.53000e+00, 0.00000e+00, 0.00000e+00
3.54000e+00, 3.56000e+00, 3.55000e+00, 0.00000e+00, 0.00000e+00
3.56000e+00, 3.58000e+00, 3.57000e+00, 0.00000e+00, 0.00000e+00
3.58000e+00, 3.60000e+00, 3.59000e+00, 0.00000e+00, 0.00000e+00
3.60000e+00, 3.62000e+00, 3.61000e+00, 0.00000e+00, 0.00000e+00
3.62000e+00, 3.64000e+00, 3.63000e+00, 0.00000e+00, 0.00000e+00
3.64000e+00, 3.66000e+00, 3.65000e+00, 0.00000e+00, 0.00000e+00
3.66000e+00, 3.68000e+00, 3.67000e+00, 0.00000e+00, 0.00000e+00
3.68000e+00, 3.70000e+00, 3.69000e+00, 0.00000e+00, 0.00000e+00
3.70000e+00, 3.72000e+00, 3.71000e+00, 0.00000e+00, 0.00000e+00
3.72000e+00, 3.74000e+00, 3.73000e+00, 0.00000e+00, 0.00000e+00
3.74000e+00, 3.76000e+00, 3.75000e+00, 0.00000e+00, 0.00000e+00
3.76000e+00, 3.78000e+00, 3.77000e+00, 0.00000e+00, 0.00000e+00
3.78000e+00, 3.80000e+00, 3.79000e+00, 0.00000e+00, 0.00000e+00
3.80000e+00, 3.82000e+00, 3.81000e+00, 0.00000e+00, 0.00000e+00
3.82000e+00, 3.84000e+00, 3.83000e+00, 0.00000e+00, 0.00000e+00
3.84000e+00, 3.86000e+00, 3.85000e+00, 0.00000e+00, 0.00000e+00
3.86000e+00, 3.88000e+00, 3.87000e+00, 0.00000e+00, 0.00000e+00
3.88000e+00, 3.90000e+00, 3.89000e+00, 0.00000e+00, 0.00000e+00
3.90000e+00, 3.92000e+00, 3.91000e+00, 0.00000e+00, 0.00000e+00
3.92000e+00, 3.94000e+00, 3.93000e+00, 0.00000e+00, 0.00000e+00
3.94000e+00, 3.96000e+00, 3.95000e+00, 0.00000e+00, 0.00000e+00
3.96000e+00, 3.98000e+00, 3.97000e+00, 0.00000e+00, 0.00000e+00
3.98000e+00, 4.00000e+00, 3.99000e+00, 0.00000e+00, 0.00000e+00
