# time = 4.300000000000000e-01# start, end, pivot, particles, density
0.00000e+00, 4.82987e-08, 2.41493e-08, 7.40188e-30, 1.53252e-22
4.82987e-08, 1.06257e-07, 7.72779e-08, 1.41616e-28, 2.44341e-21
1.06257e-07, 1.75807e-07, 1.41032e-07, 8.68569e-28, 1.24884e-20
1.75807e-07, 2.59267e-07, 2.17537e-07, 3.52352e-27, 4.22180e-20
2.59267e-07, 3.59420e-07, 3.09343e-07, 1.15911e-26, 1.15735e-19
3.59420e-07, 4.79602e-07, 4.19511e-07, 3.36338e-26, 2.79856e-19
4.79602e-07, 6.23821e-07, 5.51712e-07, 8.98612e-26, 6.23088e-19
6.23821e-07, 7.96884e-07, 7.10353e-07, 2.26633e-25, 1.30954e-18
7.96884e-07, 1.00456e-06, 9.00722e-07, 5.48085e-25, 2.63914e-18
1.00456e-06, 1.25377e-06, 1.12917e-06, 1.28442e-24, 5.15395e-18
1.25377e-06, 1.55282e-06, 1.40330e-06, 2.93829e-24, 9.82533e-18
1.55282e-06, 1.91169e-06, 1.73225e-06, 6.59667e-24, 1.83821e-17
1.91169e-06, 2.34232e-06, 2.12700e-06, 1.45920e-23, 3.38848e-17
2.34232e-06, 2.85909e-06, 2.60070e-06, 3.18985e-23, 6.17275e-17
2.85909e-06, 3.47920e-06, 3.16914e-06, 6.90712e-23, 1.11384e-16
3.47920e-06, 4.22334e-06, 3.85127e-06, 1.48417e-22, 1.99448e-16
4.22334e-06, 5.11631e-06, 4.66982e-06, 3.16923e-22, 3.54910e-16
5.11631e-06, 6.18787e-06, 5.65209e-06, 6.73292e-22, 6.28328e-16
6.18787e-06, 7.47374e-06, 6.83080e-06, 1.42441e-21, 1.10774e-15
7.47374e-06, 9.01679e-06, 8.24526e-06, 3.00309e-21, 1.94621e-15
9.01679e-06, 1.08684e-05, 9.94261e-06, 6.31352e-21, 3.40966e-15
1.08684e-05, 1.30904e-05, 1.19794e-05, 1.32421e-20, 5.95957e-15
1.30904e-05, 1.57568e-05, 1.44236e-05, 2.77204e-20, 1.03963e-14
1.57568e-05, 1.89565e-05, 1.73566e-05, 5.79357e-20, 1.81068e-14
1.89565e-05, 2.27961e-05, 2.08763e-05, 1.20925e-19, 3.14942e-14
2.27961e-05, 2.74036e-05, 2.50998e-05, 2.52119e-19, 5.47191e-14
2.74036e-05, 3.29326e-05, 3.01681e-05, 5.25167e-19, 9.49837e-14
3.29326e-05, 3.95674e-05, 3.62500e-05, 1.09310e-18, 1.64751e-13
3.95674e-05, 4.75292e-05, 4.35483e-05, 2.27376e-18, 2.85584e-13
4.75292e-05, 5.70833e-05, 5.23063e-05, 4.72716e-18, 4.94776e-13
5.70833e-05, 6.85483e-05, 6.28158e-05, 9.82351e-18, 8.56828e-13
6.85483e-05, 8.23063e-05, 7.54273e-05, 2.04067e-17, 1.48327e-12
8.23063e-05, 9.88158e-05, 9.05610e-05, 4.23788e-17, 2.56692e-12
9.88158e-05, 1.18627e-04, 1.08722e-04, 8.79857e-17, 4.44115e-12
1.18627e-04, 1.42401e-04, 1.30514e-04, 1.82635e-16, 7.68220e-12
1.42401e-04, 1.70930e-04, 1.56665e-04, 3.79033e-16, 1.32861e-11
1.70930e-04, 2.05164e-04, 1.88047e-04, 7.86511e-16, 2.29744e-11
2.05164e-04, 2.46245e-04, 2.25704e-04, 1.63184e-15, 3.97225e-11
2.46245e-04, 2.95542e-04, 2.70893e-04, 3.38535e-15, 6.86723e-11
2.95542e-04, 3.54699e-04, 3.25120e-04, 7.02247e-15, 1.18710e-10
3.54699e-04, 4.25687e-04, 3.90193e-04, 1.45660e-14, 2.05190e-10
4.25687e-04, 5.10872e-04, 4.68280e-04, 3.02107e-14, 3.54646e-10
5.10872e-04, 6.13095e-04, 5.61984e-04, 6.26548e-14, 6.12924e-10
6.13095e-04, 7.35763e-04, 6.74429e-04, 1.29934e-13, 1.05924e-09
7.35763e-04, 8.82963e-04, 8.09363e-04, 2.69443e-13, 1.83044e-09
8.82963e-04, 1.05960e-03, 9.71284e-04, 5.58712e-13, 3.16298e-09
1.05960e-03, 1.27157e-03, 1.16559e-03, 1.15847e-12, 5.46529e-09
1.27157e-03, 1.52594e-03, 1.39876e-03, 2.40193e-12, 9.44291e-09
1.52594e-03, 1.83117e-03, 1.67855e-03, 4.97975e-12, 1.63145e-08
1.83117e-03, 2.19745e-03, 2.01431e-03, 1.03235e-11, 2.81845e-08
2.19745e-03, 2.63699e-03, 2.41722e-03, 2.14001e-11, 4.86875e-08
2.63699e-03, 3.16444e-03, 2.90072e-03, 4.43575e-11, 8.40985e-08
3.16444e-03, 3.79738e-03, 3.48091e-03, 9.19340e-11, 1.45250e-07
3.79738e-03, 4.55690e-03, 4.17714e-03, 1.90518e-10, 2.50839e-07
4.55690e-03, 5.46833e-03, 5.01262e-03, 3.94764e-10, 4.33127e-07
5.46833e-03, 6.56204e-03, 6.01519e-03, 8.17844e-10, 7.47768e-07
6.56204e-03, 7.87450e-03, 7.21827e-03, 1.69403e-09, 1.29073e-06
7.87450e-03, 9.44945e-03, 8.66198e-03, 3.50812e-09, 2.22745e-06
9.44945e-03, 1.13394e-02, 1.03944e-02, 7.26290e-09, 3.84293e-06
1.13394e-02, 1.36073e-02, 1.24734e-02, 1.50316e-08, 6.62792e-06
1.36073e-02, 1.63288e-02, 1.49681e-02, 3.10981e-08, 1.14268e-05
1.63288e-02, 1.95946e-02, 1.79617e-02, 6.43076e-08, 1.96911e-05
1.95946e-02, 2.35136e-02, 2.15541e-02, 1.32907e-07, 3.39138e-05
2.35136e-02, 2.82164e-02, 2.58650e-02, 2.74504e-07, 5.83706e-05
2.82164e-02, 3.38597e-02, 3.10381e-02, 5.66501e-07, 1.00384e-04
3.38597e-02, 4.06317e-02, 3.72457e-02, 1.16799e-06, 1.72474e-04
4.06317e-02, 4.87581e-02, 4.46949e-02, 2.40535e-06, 2.95993e-04
4.87581e-02, 5.85098e-02, 5.36339e-02, 4.94678e-06, 5.07275e-04
5.85098e-02, 7.02118e-02, 6.43608e-02, 1.01566e-05, 8.67939e-04
7.02118e-02, 8.42542e-02, 7.72330e-02, 2.08122e-05, 1.48210e-03
8.42542e-02, 1.01105e-01, 9.26796e-02, 4.25457e-05, 2.52484e-03
1.01105e-01, 1.21326e-01, 1.11216e-01, 8.67278e-05, 4.28898e-03
1.21326e-01, 1.45591e-01, 1.33459e-01, 1.76189e-04, 7.26095e-03
1.45591e-01, 1.74710e-01, 1.60151e-01, 3.56470e-04, 1.22421e-02
1.74710e-01, 2.09652e-01, 1.92181e-01, 7.17689e-04, 2.05394e-02
2.09652e-01, 2.51582e-01, 2.30617e-01, 1.43647e-03, 3.42584e-02
2.51582e-01, 3.01899e-01, 2.76740e-01, 2.85493e-03, 5.67395e-02
3.01899e-01, 3.62278e-01, 3.32088e-01, 5.62638e-03, 9.31832e-02
3.62278e-01, 4.34734e-01, 3.98506e-01, 1.09767e-02, 1.51495e-01
4.34734e-01, 5.21681e-01, 4.78207e-01, 2.11569e-02, 2.43332e-01
5.21681e-01, 6.26017e-01, 5.73849e-01, 4.01923e-02, 3.85219e-01
6.26017e-01, 7.51221e-01, 6.88619e-01, 7.50425e-02, 5.99365e-01
7.51221e-01, 9.01465e-01, 8.26343e-01, 1.37239e-01, 9.13440e-01
9.01465e-01, 1.08176e+00, 9.91611e-01, 2.44855e-01, 1.35810e+00
1.08176e+00, 1.29811e+00, 1.18993e+00, 4.24163e-01, 1.96053e+00
1.29811e+00, 1.55773e+00, 1.42792e+00, 7.09419e-01, 2.73251e+00
1.55773e+00, 1.86928e+00, 1.71350e+00, 1.13800e+00, 3.65273e+00
1.86928e+00, 2.24313e+00, 2.05621e+00, 1.73729e+00, 4.64696e+00
2.24313e+00, 2.69176e+00, 2.46745e+00, 2.50135e+00, 5.57558e+00
2.69176e+00, 3.23011e+00, 2.96094e+00, 3.36142e+00, 6.24392e+00
3.23011e+00, 3.87613e+00, 3.55312e+00, 4.16646e+00, 6.44940e+00
3.87613e+00, 4.65136e+00, 4.26375e+00, 4.70048e+00, 6.06336e+00
4.65136e+00, 5.58163e+00, 5.11650e+00, 4.75726e+00, 5.11384e+00
5.58163e+00, 6.69796e+00, 6.13980e+00, 4.25382e+00, 3.81056e+00
6.69796e+00, 8.03755e+00, 7.36776e+00, 3.30954e+00, 2.47056e+00
8.03755e+00, 9.64506e+00, 8.84131e+00, 2.20881e+00, 1.37406e+00
9.64506e+00, 1.15741e+01, 1.06096e+01, 1.24990e+00, 6.47947e-01
1.15741e+01, 1.38889e+01, 1.27315e+01, 5.94978e-01, 2.57030e-01
1.38889e+01, 1.66667e+01, 1.52778e+01, 2.37481e-01, 8.54933e-02
1.66667e+01, 2.00000e+01, 1.83333e+01, 5.86498e-02, 1.75949e-02
