# time = 9.700000000000000e-01# start, end, pivot, particles, density
0.00000e+00, 4.82987e-08, 2.41493e-08, 6.54609e-30, 1.35533e-22
4.82987e-08, 1.06257e-07, 7.72779e-08, 1.02717e-28, 1.77225e-21
1.06257e-07, 1.75807e-07, 1.41032e-07, 5.57808e-28, 8.02023e-21
1.75807e-07, 2.59267e-07, 2.17537e-07, 2.10520e-27, 2.52240e-20
2.59267e-07, 3.59420e-07, 3.09343e-07, 6.60759e-27, 6.59755e-20
3.59420e-07, 4.79602e-07, 4.19511e-07, 1.85591e-26, 1.54425e-19
4.79602e-07, 6.23821e-07, 5.51712e-07, 4.84312e-26, 3.35817e-19
6.23821e-07, 7.96884e-07, 7.10353e-07, 1.20016e-25, 6.93484e-19
7.96884e-07, 1.00456e-06, 9.00722e-07, 2.86372e-25, 1.37894e-18
1.00456e-06, 1.25377e-06, 1.12917e-06, 6.64131e-25, 2.66494e-18
1.25377e-06, 1.55282e-06, 1.40330e-06, 1.50685e-24, 5.03873e-18
1.55282e-06, 1.91169e-06, 1.73225e-06, 3.36088e-24, 9.36536e-18
1.91169e-06, 2.34232e-06, 2.12700e-06, 7.39535e-24, 1.71731e-17
2.34232e-06, 2.85909e-06, 2.60070e-06, 1.60978e-23, 3.11512e-17
2.85909e-06, 3.47920e-06, 3.16914e-06, 3.47370e-23, 5.60169e-17
3.47920e-06, 4.22334e-06, 3.85127e-06, 7.44308e-23, 1.00023e-16
4.22334e-06, 5.11631e-06, 4.66982e-06, 1.58569e-22, 1.77575e-16
5.11631e-06, 6.18787e-06, 5.65209e-06, 3.36235e-22, 3.13781e-16
6.18787e-06, 7.47374e-06, 6.83080e-06, 7.10221e-22, 5.52327e-16
7.47374e-06, 9.01679e-06, 8.24526e-06, 1.49544e-21, 9.69145e-16
9.01679e-06, 1.08684e-05, 9.94261e-06, 3.14056e-21, 1.69608e-15
1.08684e-05, 1.30904e-05, 1.19794e-05, 6.58124e-21, 2.96187e-15
1.30904e-05, 1.57568e-05, 1.44236e-05, 1.37668e-20, 5.16309e-15
1.57568e-05, 1.89565e-05, 1.73566e-05, 2.87551e-20, 8.98693e-15
1.89565e-05, 2.27961e-05, 2.08763e-05, 5.99882e-20, 1.56236e-14
2.27961e-05, 2.74036e-05, 2.50998e-05, 1.25018e-19, 2.71336e-14
2.74036e-05, 3.29326e-05, 3.01681e-05, 2.60324e-19, 4.70832e-14
3.29326e-05, 3.95674e-05, 3.62500e-05, 5.41688e-19, 8.16433e-14
3.95674e-05, 4.75292e-05, 4.35483e-05, 1.12650e-18, 1.41488e-13
4.75292e-05, 5.70833e-05, 5.23063e-05, 2.34154e-18, 2.45081e-13
5.70833e-05, 6.85483e-05, 6.28158e-05, 4.86514e-18, 4.24348e-13
6.85483e-05, 8.23063e-05, 7.54273e-05, 1.01051e-17, 7.34494e-13
8.23063e-05, 9.88158e-05, 9.05610e-05, 2.09830e-17, 1.27096e-12
9.88158e-05, 1.18627e-04, 1.08722e-04, 4.35602e-17, 2.19874e-12
1.18627e-04, 1.42401e-04, 1.30514e-04, 9.04123e-17, 3.80303e-12
1.42401e-04, 1.70930e-04, 1.56665e-04, 1.87626e-16, 6.57679e-12
1.70930e-04, 2.05164e-04, 1.88047e-04, 3.89312e-16, 1.13720e-11
2.05164e-04, 2.46245e-04, 2.25704e-04, 8.07705e-16, 1.96612e-11
2.46245e-04, 2.95542e-04, 2.70893e-04, 1.67557e-15, 3.39892e-11
2.95542e-04, 3.54699e-04, 3.25120e-04, 3.47566e-15, 5.87535e-11
3.54699e-04, 4.25687e-04, 3.90193e-04, 7.20908e-15, 1.01553e-10
4.25687e-04, 5.10872e-04, 4.68280e-04, 1.49518e-14, 1.75520e-10
5.10872e-04, 6.13095e-04, 5.61984e-04, 3.10087e-14, 3.03344e-10
6.13095e-04, 7.35763e-04, 6.74429e-04, 6.43056e-14, 5.24227e-10
7.35763e-04, 8.82963e-04, 8.09363e-04, 1.33350e-13, 9.05905e-10
8.82963e-04, 1.05960e-03, 9.71284e-04, 2.76513e-13, 1.56540e-09
1.05960e-03, 1.27157e-03, 1.16559e-03, 5.73348e-13, 2.70487e-09
1.27157e-03, 1.52594e-03, 1.39876e-03, 1.18877e-12, 4.67353e-09
1.52594e-03, 1.83117e-03, 1.67855e-03, 2.46465e-12, 8.07460e-09
1.83117e-03, 2.19745e-03, 2.01431e-03, 5.10961e-12, 1.39499e-08
2.19745e-03, 2.63699e-03, 2.41722e-03, 1.05923e-11, 2.40987e-08
2.63699e-03, 3.16444e-03, 2.90072e-03, 2.19564e-11, 4.16276e-08
3.16444e-03, 3.79738e-03, 3.48091e-03, 4.55085e-11, 7.19006e-08
3.79738e-03, 4.55690e-03, 4.17714e-03, 9.43150e-11, 1.24177e-07
4.55690e-03, 5.46833e-03, 5.01262e-03, 1.95441e-10, 2.14434e-07
5.46833e-03, 6.56204e-03, 6.01519e-03, 4.04940e-10, 3.70243e-07
6.56204e-03, 7.87450e-03, 7.21827e-03, 8.38863e-10, 6.39154e-07
7.87450e-03, 9.44945e-03, 8.66198e-03, 1.73741e-09, 1.10316e-06
9.44945e-03, 1.13394e-02, 1.03944e-02, 3.59759e-09, 1.90355e-06
1.13394e-02, 1.36073e-02, 1.24734e-02, 7.44722e-09, 3.28371e-06
1.36073e-02, 1.63288e-02, 1.49681e-02, 1.54109e-08, 5.66261e-06
1.63288e-02, 1.95946e-02, 1.79617e-02, 3.18772e-08, 9.76086e-06
1.95946e-02, 2.35136e-02, 2.15541e-02, 6.59048e-08, 1.68168e-05
2.35136e-02, 2.82164e-02, 2.58650e-02, 1.36175e-07, 2.89562e-05
2.82164e-02, 3.38597e-02, 3.10381e-02, 2.81168e-07, 4.98231e-05
3.38597e-02, 4.06317e-02, 3.72457e-02, 5.80048e-07, 8.56540e-05
4.06317e-02, 4.87581e-02, 4.46949e-02, 1.19541e-06, 1.47102e-04
4.87581e-02, 5.85098e-02, 5.36339e-02, 2.46057e-06, 2.52323e-04
5.85098e-02, 7.02118e-02, 6.43608e-02, 5.05724e-06, 4.32169e-04
7.02118e-02, 8.42542e-02, 7.72330e-02, 1.03758e-05, 7.38894e-04
8.42542e-02, 1.01105e-01, 9.26796e-02, 2.12429e-05, 1.26064e-03
1.01105e-01, 1.21326e-01, 1.11216e-01, 4.33809e-05, 2.14533e-03
1.21326e-01, 1.45591e-01, 1.33459e-01, 8.83202e-05, 3.63978e-03
1.45591e-01, 1.74710e-01, 1.60151e-01, 1.79158e-04, 6.15276e-03
1.74710e-01, 2.09652e-01, 1.92181e-01, 3.61837e-04, 1.03554e-02
2.09652e-01, 2.51582e-01, 2.30617e-01, 7.26966e-04, 1.73375e-02
2.51582e-01, 3.01899e-01, 2.76740e-01, 1.45141e-03, 2.88457e-02
3.01899e-01, 3.62278e-01, 3.32088e-01, 2.87614e-03, 4.76342e-02
3.62278e-01, 4.34734e-01, 3.98506e-01, 5.64847e-03, 7.79575e-02
4.34734e-01, 5.21681e-01, 4.78207e-01, 1.09747e-02, 1.26223e-01
5.21681e-01, 6.26017e-01, 5.73849e-01, 2.10521e-02, 2.01772e-01
6.26017e-01, 7.51221e-01, 6.88619e-01, 3.97710e-02, 3.17651e-01
7.51221e-01, 9.01465e-01, 8.26343e-01, 7.37796e-02, 4.91065e-01
9.01465e-01, 1.08176e+00, 9.91611e-01, 1.33941e-01, 7.42905e-01
1.08176e+00, 1.29811e+00, 1.18993e+00, 2.36995e-01, 1.09542e+00
1.29811e+00, 1.55773e+00, 1.42792e+00, 4.06787e-01, 1.56684e+00
1.55773e+00, 1.86928e+00, 1.71350e+00, 6.73624e-01, 2.16220e+00
1.86928e+00, 2.24313e+00, 2.05621e+00, 1.06943e+00, 2.86056e+00
2.24313e+00, 2.69176e+00, 2.46745e+00, 1.61608e+00, 3.60228e+00
2.69176e+00, 3.23011e+00, 2.96094e+00, 2.30595e+00, 4.28336e+00
3.23011e+00, 3.87613e+00, 3.55312e+00, 3.07946e+00, 4.76680e+00
3.87613e+00, 4.65136e+00, 4.26375e+00, 3.81251e+00, 4.91793e+00
4.65136e+00, 5.58163e+00, 5.11650e+00, 4.33294e+00, 4.65771e+00
5.58163e+00, 6.69796e+00, 6.13980e+00, 4.47656e+00, 4.01008e+00
6.69796e+00, 8.03755e+00, 7.36776e+00, 4.16619e+00, 3.11004e+00
8.03755e+00, 9.64506e+00, 8.84131e+00, 3.46554e+00, 2.15585e+00
9.64506e+00, 1.15741e+01, 1.06096e+01, 2.56134e+00, 1.32780e+00
1.15741e+01, 1.38889e+01, 1.27315e+01, 1.67587e+00, 7.23976e-01
1.38889e+01, 1.66667e+01, 1.52778e+01, 9.69434e-01, 3.48996e-01
1.66667e+01, 2.00000e+01, 1.83333e+01, 3.16389e-01, 9.49166e-02
