# time = 5.200000000000000e-01# start, end, pivot, particles, density
0.00000e+00, 4.82987e-08, 2.41493e-08, 7.25185e-30, 1.50146e-22
4.82987e-08, 1.06257e-07, 7.72779e-08, 1.34223e-28, 2.31584e-21
1.06257e-07, 1.75807e-07, 1.41032e-07, 8.06386e-28, 1.15943e-20
1.75807e-07, 2.59267e-07, 2.17537e-07, 3.23160e-27, 3.87203e-20
2.59267e-07, 3.59420e-07, 3.09343e-07, 1.05478e-26, 1.05318e-19
3.59420e-07, 4.79602e-07, 4.19511e-07, 3.04423e-26, 2.53300e-19
4.79602e-07, 6.23821e-07, 5.51712e-07, 8.10214e-26, 5.61794e-19
6.23821e-07, 7.96884e-07, 7.10353e-07, 2.03756e-25, 1.17735e-18
7.96884e-07, 1.00456e-06, 9.00722e-07, 4.91690e-25, 2.36759e-18
1.00456e-06, 1.25377e-06, 1.12917e-06, 1.15033e-24, 4.61588e-18
1.25377e-06, 1.55282e-06, 1.40330e-06, 2.62807e-24, 8.78797e-18
1.55282e-06, 1.91169e-06, 1.73225e-06, 5.89402e-24, 1.64241e-17
1.91169e-06, 2.34232e-06, 2.12700e-06, 1.30268e-23, 3.02501e-17
2.34232e-06, 2.85909e-06, 2.60070e-06, 2.84576e-23, 5.50689e-17
2.85909e-06, 3.47920e-06, 3.16914e-06, 6.15867e-23, 9.93148e-17
3.47920e-06, 4.22334e-06, 3.85127e-06, 1.32275e-22, 1.77756e-16
4.22334e-06, 5.11631e-06, 4.66982e-06, 2.82351e-22, 3.16194e-16
5.11631e-06, 6.18787e-06, 5.65209e-06, 5.99665e-22, 5.59618e-16
6.18787e-06, 7.47374e-06, 6.83080e-06, 1.26833e-21, 9.86356e-16
7.47374e-06, 9.01679e-06, 8.24526e-06, 2.67349e-21, 1.73260e-15
9.01679e-06, 1.08684e-05, 9.94261e-06, 5.61962e-21, 3.03492e-15
1.08684e-05, 1.30904e-05, 1.19794e-05, 1.17851e-20, 5.30383e-15
1.30904e-05, 1.57568e-05, 1.44236e-05, 2.46675e-20, 9.25128e-15
1.57568e-05, 1.89565e-05, 1.73566e-05, 5.15501e-20, 1.61111e-14
1.89565e-05, 2.27961e-05, 2.08763e-05, 1.07588e-19, 2.80207e-14
2.27961e-05, 2.74036e-05, 2.50998e-05, 2.24298e-19, 4.86809e-14
2.74036e-05, 3.29326e-05, 3.01681e-05, 4.67190e-19, 8.44978e-14
3.29326e-05, 3.95674e-05, 3.62500e-05, 9.72376e-19, 1.46557e-13
3.95674e-05, 4.75292e-05, 4.35483e-05, 2.02257e-18, 2.54035e-13
4.75292e-05, 5.70833e-05, 5.23063e-05, 4.20481e-18, 4.40104e-13
5.70833e-05, 6.85483e-05, 6.28158e-05, 8.73779e-18, 7.62129e-13
6.85483e-05, 8.23063e-05, 7.54273e-05, 1.81509e-17, 1.31930e-12
8.23063e-05, 9.88158e-05, 9.05610e-05, 3.76935e-17, 2.28313e-12
9.88158e-05, 1.18627e-04, 1.08722e-04, 7.82570e-17, 3.95009e-12
1.18627e-04, 1.42401e-04, 1.30514e-04, 1.62439e-16, 6.83269e-12
1.42401e-04, 1.70930e-04, 1.56665e-04, 3.37115e-16, 1.18168e-11
1.70930e-04, 2.05164e-04, 1.88047e-04, 6.99524e-16, 2.04335e-11
2.05164e-04, 2.46245e-04, 2.25704e-04, 1.45135e-15, 3.53290e-11
2.46245e-04, 2.95542e-04, 2.70893e-04, 3.01090e-15, 6.10765e-11
2.95542e-04, 3.54699e-04, 3.25120e-04, 6.24569e-15, 1.05579e-10
3.54699e-04, 4.25687e-04, 3.90193e-04, 1.29548e-14, 1.82493e-10
4.25687e-04, 5.10872e-04, 4.68280e-04, 2.68689e-14, 3.15416e-10
5.10872e-04, 6.13095e-04, 5.61984e-04, 5.57240e-14, 5.45123e-10
6.13095e-04, 7.35763e-04, 6.74429e-04, 1.15561e-13, 9.42065e-10
7.35763e-04, 8.82963e-04, 8.09363e-04, 2.39637e-13, 1.62796e-09
8.82963e-04, 1.05960e-03, 9.71284e-04, 4.96908e-13, 2.81310e-09
1.05960e-03, 1.27157e-03, 1.16559e-03, 1.03033e-12, 4.86074e-09
1.27157e-03, 1.52594e-03, 1.39876e-03, 2.13624e-12, 8.39839e-09
1.52594e-03, 1.83117e-03, 1.67855e-03, 4.42894e-12, 1.45099e-08
1.83117e-03, 2.19745e-03, 2.01431e-03, 9.18166e-12, 2.50671e-08
2.19745e-03, 2.63699e-03, 2.41722e-03, 1.90332e-11, 4.33026e-08
2.63699e-03, 3.16444e-03, 2.90072e-03, 3.94518e-11, 7.47976e-08
3.16444e-03, 3.79738e-03, 3.48091e-03, 8.17674e-11, 1.29187e-07
3.79738e-03, 4.55690e-03, 4.17714e-03, 1.69451e-10, 2.23102e-07
4.55690e-03, 5.46833e-03, 5.01262e-03, 3.51118e-10, 3.85239e-07
5.46833e-03, 6.56204e-03, 6.01519e-03, 7.27432e-10, 6.65103e-07
6.56204e-03, 7.87450e-03, 7.21827e-03, 1.50679e-09, 1.14807e-06
7.87450e-03, 9.44945e-03, 8.66198e-03, 3.12044e-09, 1.98129e-06
9.44945e-03, 1.13394e-02, 1.03944e-02, 6.46046e-09, 3.41835e-06
1.13394e-02, 1.36073e-02, 1.24734e-02, 1.33713e-08, 5.89584e-06
1.36073e-02, 1.63288e-02, 1.49681e-02, 2.76644e-08, 1.01651e-05
1.63288e-02, 1.95946e-02, 1.79617e-02, 5.72099e-08, 1.75178e-05
1.95946e-02, 2.35136e-02, 2.15541e-02, 1.18245e-07, 3.01725e-05
2.35136e-02, 2.82164e-02, 2.58650e-02, 2.44239e-07, 5.19351e-05
2.82164e-02, 3.38597e-02, 3.10381e-02, 5.04087e-07, 8.93244e-05
3.38597e-02, 4.06317e-02, 3.72457e-02, 1.03941e-06, 1.53487e-04
4.06317e-02, 4.87581e-02, 4.46949e-02, 2.14084e-06, 2.63442e-04
4.87581e-02, 5.85098e-02, 5.36339e-02, 4.40344e-06, 4.51558e-04
5.85098e-02, 7.02118e-02, 6.43608e-02, 9.04270e-06, 7.72748e-04
7.02118e-02, 8.42542e-02, 7.72330e-02, 1.85336e-05, 1.31983e-03
8.42542e-02, 1.01105e-01, 9.26796e-02, 3.78977e-05, 2.24900e-03
1.01105e-01, 1.21326e-01, 1.11216e-01, 7.72773e-05, 3.82162e-03
1.21326e-01, 1.45591e-01, 1.33459e-01, 1.57050e-04, 6.47220e-03
1.45591e-01, 1.74710e-01, 1.60151e-01, 3.17891e-04, 1.09172e-02
1.74710e-01, 2.09652e-01, 1.92181e-01, 6.40370e-04, 1.83267e-02
2.09652e-01, 2.51582e-01, 2.30617e-01, 1.28256e-03, 3.05879e-02
2.51582e-01, 3.01899e-01, 2.76740e-01, 2.55108e-03, 5.07007e-02
3.01899e-01, 3.62278e-01, 3.32088e-01, 5.03240e-03, 8.33458e-02
3.62278e-01, 4.34734e-01, 3.98506e-01, 9.82928e-03, 1.35659e-01
4.34734e-01, 5.21681e-01, 4.78207e-01, 1.89721e-02, 2.18204e-01
5.21681e-01, 6.26017e-01, 5.73849e-01, 3.61034e-02, 3.46029e-01
6.26017e-01, 7.51221e-01, 6.88619e-01, 6.75481e-02, 5.39506e-01
7.51221e-01, 9.01465e-01, 8.26343e-01, 1.23845e-01, 8.24293e-01
9.01465e-01, 1.08176e+00, 9.91611e-01, 2.21640e-01, 1.22933e+00
1.08176e+00, 1.29811e+00, 1.18993e+00, 3.85398e-01, 1.78135e+00
1.29811e+00, 1.55773e+00, 1.42792e+00, 6.47576e-01, 2.49430e+00
1.55773e+00, 1.86928e+00, 1.71350e+00, 1.04474e+00, 3.35341e+00
1.86928e+00, 2.24313e+00, 2.05621e+00, 1.60626e+00, 4.29646e+00
2.24313e+00, 2.69176e+00, 2.46745e+00, 2.33315e+00, 5.20066e+00
2.69176e+00, 3.23011e+00, 2.96094e+00, 3.17016e+00, 5.88863e+00
3.23011e+00, 3.87613e+00, 3.55312e+00, 3.98428e+00, 6.16740e+00
3.87613e+00, 4.65136e+00, 4.26375e+00, 4.57451e+00, 5.90086e+00
4.65136e+00, 5.58163e+00, 5.11650e+00, 4.73402e+00, 5.08885e+00
5.58163e+00, 6.69796e+00, 6.13980e+00, 4.35461e+00, 3.90084e+00
6.69796e+00, 8.03755e+00, 7.36776e+00, 3.51194e+00, 2.62165e+00
8.03755e+00, 9.64506e+00, 8.84131e+00, 2.45259e+00, 1.52571e+00
9.64506e+00, 1.15741e+01, 1.06096e+01, 1.46845e+00, 7.61246e-01
1.15741e+01, 1.38889e+01, 1.27315e+01, 7.48955e-01, 3.23549e-01
1.38889e+01, 1.66667e+01, 1.52778e+01, 3.24610e-01, 1.16860e-01
1.66667e+01, 2.00000e+01, 1.83333e+01, 8.57702e-02, 2.57311e-02
