# time = 1.200000000000000e-01# start, end, pivot, particles, density
0.00000e+00, 4.82987e-08, 2.41493e-08, 7.94282e-30, 1.64452e-22
4.82987e-08, 1.06257e-07, 7.72779e-08, 1.70388e-28, 2.93982e-21
1.06257e-07, 1.75807e-07, 1.41032e-07, 1.12341e-27, 1.61525e-20
1.75807e-07, 2.59267e-07, 2.17537e-07, 4.75534e-27, 5.69774e-20
2.59267e-07, 3.59420e-07, 3.09343e-07, 1.60721e-26, 1.60477e-19
3.59420e-07, 4.79602e-07, 4.19511e-07, 4.74999e-26, 3.95231e-19
4.79602e-07, 6.23821e-07, 5.51712e-07, 1.28576e-25, 8.91534e-19
6.23821e-07, 7.96884e-07, 7.10353e-07, 3.27409e-25, 1.89185e-18
7.96884e-07, 1.00456e-06, 9.00722e-07, 7.97578e-25, 3.84050e-18
1.00456e-06, 1.25377e-06, 1.12917e-06, 1.87961e-24, 7.54224e-18
1.25377e-06, 1.55282e-06, 1.40330e-06, 4.31878e-24, 1.44415e-17
1.55282e-06, 1.91169e-06, 1.73225e-06, 9.72970e-24, 2.71126e-17
1.91169e-06, 2.34232e-06, 2.12700e-06, 2.15822e-23, 5.01171e-17
2.34232e-06, 2.85909e-06, 2.60070e-06, 4.72849e-23, 9.15021e-17
2.85909e-06, 3.47920e-06, 3.16914e-06, 1.02574e-22, 1.65411e-16
3.47920e-06, 4.22334e-06, 3.85127e-06, 2.20732e-22, 2.96627e-16
4.22334e-06, 5.11631e-06, 4.66982e-06, 4.71910e-22, 5.28474e-16
5.11631e-06, 6.18787e-06, 5.65209e-06, 1.00355e-21, 9.36533e-16
6.18787e-06, 7.47374e-06, 6.83080e-06, 2.12483e-21, 1.65244e-15
7.47374e-06, 9.01679e-06, 8.24526e-06, 4.48282e-21, 2.90517e-15
9.01679e-06, 1.08684e-05, 9.94261e-06, 9.42962e-21, 5.09254e-15
1.08684e-05, 1.30904e-05, 1.19794e-05, 1.97869e-20, 8.90507e-15
1.30904e-05, 1.57568e-05, 1.44236e-05, 4.14369e-20, 1.55405e-14
1.57568e-05, 1.89565e-05, 1.73566e-05, 8.66305e-20, 2.70749e-14
1.89565e-05, 2.27961e-05, 2.08763e-05, 1.80865e-19, 4.71051e-14
2.27961e-05, 2.74036e-05, 2.50998e-05, 3.77170e-19, 8.18598e-14
2.74036e-05, 3.29326e-05, 3.01681e-05, 7.85792e-19, 1.42121e-13
3.29326e-05, 3.95674e-05, 3.62500e-05, 1.63581e-18, 2.46550e-13
3.95674e-05, 4.75292e-05, 4.35483e-05, 3.40309e-18, 4.27428e-13
4.75292e-05, 5.70833e-05, 5.23063e-05, 7.07579e-18, 7.40599e-13
5.70833e-05, 6.85483e-05, 6.28158e-05, 1.47054e-17, 1.28264e-12
6.85483e-05, 8.23063e-05, 7.54273e-05, 3.05503e-17, 2.22056e-12
8.23063e-05, 9.88158e-05, 9.05610e-05, 6.34478e-17, 3.84309e-12
9.88158e-05, 1.18627e-04, 1.08722e-04, 1.31735e-16, 6.64944e-12
1.18627e-04, 1.42401e-04, 1.30514e-04, 2.73458e-16, 1.15025e-11
1.42401e-04, 1.70930e-04, 1.56665e-04, 5.67542e-16, 1.98938e-11
1.70930e-04, 2.05164e-04, 1.88047e-04, 1.17771e-15, 3.44015e-11
2.05164e-04, 2.46245e-04, 2.25704e-04, 2.44354e-15, 5.94810e-11
2.46245e-04, 2.95542e-04, 2.70893e-04, 5.06936e-15, 1.02833e-10
2.95542e-04, 3.54699e-04, 3.25120e-04, 1.05159e-14, 1.77763e-10
3.54699e-04, 4.25687e-04, 3.90193e-04, 2.18123e-14, 3.07267e-10
4.25687e-04, 5.10872e-04, 4.68280e-04, 4.52401e-14, 5.31077e-10
5.10872e-04, 6.13095e-04, 5.61984e-04, 9.38250e-14, 9.17849e-10
6.13095e-04, 7.35763e-04, 6.74429e-04, 1.94575e-13, 1.58620e-09
7.35763e-04, 8.82963e-04, 8.09363e-04, 4.03488e-13, 2.74107e-09
8.82963e-04, 1.05960e-03, 9.71284e-04, 8.36662e-13, 4.73651e-09
1.05960e-03, 1.27157e-03, 1.16559e-03, 1.73478e-12, 8.18413e-09
1.27157e-03, 1.52594e-03, 1.39876e-03, 3.59679e-12, 1.41404e-08
1.52594e-03, 1.83117e-03, 1.67855e-03, 7.45687e-12, 2.44299e-08
1.83117e-03, 2.19745e-03, 2.01431e-03, 1.54586e-11, 4.22039e-08
2.19745e-03, 2.63699e-03, 2.41722e-03, 3.20440e-11, 7.29037e-08
2.63699e-03, 3.16444e-03, 2.90072e-03, 6.64182e-11, 1.25924e-07
3.16444e-03, 3.79738e-03, 3.48091e-03, 1.37652e-10, 2.17481e-07
3.79738e-03, 4.55690e-03, 4.17714e-03, 2.85249e-10, 3.75563e-07
4.55690e-03, 5.46833e-03, 5.01262e-03, 5.91023e-10, 6.48458e-07
5.46833e-03, 6.56204e-03, 6.01519e-03, 1.22437e-09, 1.11946e-06
6.56204e-03, 7.87450e-03, 7.21827e-03, 2.53589e-09, 1.93217e-06
7.87450e-03, 9.44945e-03, 8.66198e-03, 5.25105e-09, 3.33411e-06
9.44945e-03, 1.13394e-02, 1.03944e-02, 1.08702e-08, 5.75161e-06
1.13394e-02, 1.36073e-02, 1.24734e-02, 2.24946e-08, 9.91858e-06
1.36073e-02, 1.63288e-02, 1.49681e-02, 4.65309e-08, 1.70975e-05
1.63288e-02, 1.95946e-02, 1.79617e-02, 9.62036e-08, 2.94578e-05
1.95946e-02, 2.35136e-02, 2.15541e-02, 1.98785e-07, 5.07238e-05
2.35136e-02, 2.82164e-02, 2.58650e-02, 4.10459e-07, 8.72803e-05
2.82164e-02, 3.38597e-02, 3.10381e-02, 8.46812e-07, 1.50055e-04
3.38597e-02, 4.06317e-02, 3.72457e-02, 1.74527e-06, 2.57718e-04
4.06317e-02, 4.87581e-02, 4.46949e-02, 3.59258e-06, 4.42088e-04
4.87581e-02, 5.85098e-02, 5.36339e-02, 7.38438e-06, 7.57243e-04
5.85098e-02, 7.02118e-02, 6.43608e-02, 1.51516e-05, 1.29479e-03
7.02118e-02, 8.42542e-02, 7.72330e-02, 3.10232e-05, 2.20925e-03
8.42542e-02, 1.01105e-01, 9.26796e-02, 6.33601e-05, 3.76005e-03
1.01105e-01, 1.21326e-01, 1.11216e-01, 1.29011e-04, 6.38003e-03
1.21326e-01, 1.45591e-01, 1.33459e-01, 2.61731e-04, 1.07863e-02
1.45591e-01, 1.74710e-01, 1.60151e-01, 5.28673e-04, 1.81560e-02
1.74710e-01, 2.09652e-01, 1.92181e-01, 1.06229e-03, 3.04015e-02
2.09652e-01, 2.51582e-01, 2.30617e-01, 2.12113e-03, 5.05870e-02
2.51582e-01, 3.01899e-01, 2.76740e-01, 4.20358e-03, 8.35428e-02
3.01899e-01, 3.62278e-01, 3.32088e-01, 8.25549e-03, 1.36726e-01
3.62278e-01, 4.34734e-01, 3.98506e-01, 1.60383e-02, 2.21353e-01
4.34734e-01, 5.21681e-01, 4.78207e-01, 3.07560e-02, 3.53733e-01
5.21681e-01, 6.26017e-01, 5.73849e-01, 5.80676e-02, 5.56543e-01
6.26017e-01, 7.51221e-01, 6.88619e-01, 1.07604e-01, 8.59436e-01
7.51221e-01, 9.01465e-01, 8.26343e-01, 1.94990e-01, 1.29782e+00
9.01465e-01, 1.08176e+00, 9.91611e-01, 3.44003e-01, 1.90802e+00
1.08176e+00, 1.29811e+00, 1.18993e+00, 5.87744e-01, 2.71662e+00
1.29811e+00, 1.55773e+00, 1.42792e+00, 9.66400e-01, 3.72234e+00
1.55773e+00, 1.86928e+00, 1.71350e+00, 1.51780e+00, 4.87182e+00
1.86928e+00, 2.24313e+00, 2.05621e+00, 2.25678e+00, 6.03650e+00
2.24313e+00, 2.69176e+00, 2.46745e+00, 3.14339e+00, 7.00669e+00
2.69176e+00, 3.23011e+00, 2.96094e+00, 4.05065e+00, 7.52416e+00
3.23011e+00, 3.87613e+00, 3.55312e+00, 4.75887e+00, 7.36642e+00
3.87613e+00, 4.65136e+00, 4.26375e+00, 5.01082e+00, 6.46368e+00
4.65136e+00, 5.58163e+00, 5.11650e+00, 4.63619e+00, 4.98369e+00
5.58163e+00, 6.69796e+00, 6.13980e+00, 3.68553e+00, 3.30148e+00
6.69796e+00, 8.03755e+00, 7.36776e+00, 2.45513e+00, 1.83274e+00
8.03755e+00, 9.64506e+00, 8.84131e+00, 1.33431e+00, 8.30045e-01
9.64506e+00, 1.15741e+01, 1.06096e+01, 5.75847e-01, 2.98519e-01
1.15741e+01, 1.38889e+01, 1.27315e+01, 1.92547e-01, 8.31804e-02
1.38889e+01, 1.66667e+01, 1.52778e+01, 4.89651e-02, 1.76274e-02
1.66667e+01, 2.00000e+01, 1.83333e+01, 7.15085e-03, 2.14526e-03
