# time = 9.100000000000000e-01# start, end, pivot, particles, density
0.00000e+00, 4.82987e-08, 2.41493e-08, 6.63606e-30, 1.37396e-22
4.82987e-08, 1.06257e-07, 7.72779e-08, 1.06441e-28, 1.83650e-21
1.06257e-07, 1.75807e-07, 1.41032e-07, 5.85737e-28, 8.42180e-21
1.75807e-07, 2.59267e-07, 2.17537e-07, 2.22817e-27, 2.66974e-20
2.59267e-07, 3.59420e-07, 3.09343e-07, 7.03007e-27, 7.01939e-20
3.59420e-07, 4.79602e-07, 4.19511e-07, 1.98180e-26, 1.64899e-19
4.79602e-07, 6.23821e-07, 5.51712e-07, 5.18544e-26, 3.59553e-19
6.23821e-07, 7.96884e-07, 7.10353e-07, 1.28757e-25, 7.43991e-19
7.96884e-07, 1.00456e-06, 9.00722e-07, 3.07702e-25, 1.48165e-18
1.00456e-06, 1.25377e-06, 1.12917e-06, 7.14459e-25, 2.86689e-18
1.25377e-06, 1.55282e-06, 1.40330e-06, 1.62258e-24, 5.42573e-18
1.55282e-06, 1.91169e-06, 1.73225e-06, 3.62177e-24, 1.00923e-17
1.91169e-06, 2.34232e-06, 2.12700e-06, 7.97428e-24, 1.85175e-17
2.34232e-06, 2.85909e-06, 2.60070e-06, 1.73666e-23, 3.36065e-17
2.85909e-06, 3.47920e-06, 3.16914e-06, 3.74900e-23, 6.04565e-17
3.47920e-06, 4.22334e-06, 3.85127e-06, 8.03563e-23, 1.07986e-16
4.22334e-06, 5.11631e-06, 4.66982e-06, 1.71239e-22, 1.91764e-16
5.11631e-06, 6.18787e-06, 5.65209e-06, 3.63182e-22, 3.38928e-16
6.18787e-06, 7.47374e-06, 6.83080e-06, 7.67282e-22, 5.96701e-16
7.47374e-06, 9.01679e-06, 8.24526e-06, 1.61583e-21, 1.04717e-15
9.01679e-06, 1.08684e-05, 9.94261e-06, 3.39381e-21, 1.83285e-15
1.08684e-05, 1.30904e-05, 1.19794e-05, 7.11269e-21, 3.20105e-15
1.30904e-05, 1.57568e-05, 1.44236e-05, 1.48798e-20, 5.58051e-15
1.57568e-05, 1.89565e-05, 1.73566e-05, 3.10821e-20, 9.71419e-15
1.89565e-05, 2.27961e-05, 2.08763e-05, 6.48465e-20, 1.68889e-14
2.27961e-05, 2.74036e-05, 2.50998e-05, 1.35150e-19, 2.93325e-14
2.74036e-05, 3.29326e-05, 3.01681e-05, 2.81432e-19, 5.09010e-14
3.29326e-05, 3.95674e-05, 3.62500e-05, 5.85631e-19, 8.82663e-14
3.95674e-05, 4.75292e-05, 4.35483e-05, 1.21792e-18, 1.52970e-13
4.75292e-05, 5.70833e-05, 5.23063e-05, 2.53162e-18, 2.64976e-13
5.70833e-05, 6.85483e-05, 6.28158e-05, 5.26018e-18, 4.58805e-13
6.85483e-05, 8.23063e-05, 7.54273e-05, 1.09258e-17, 7.94147e-13
8.23063e-05, 9.88158e-05, 9.05610e-05, 2.26875e-17, 1.37420e-12
9.88158e-05, 1.18627e-04, 1.08722e-04, 4.70992e-17, 2.37737e-12
1.18627e-04, 1.42401e-04, 1.30514e-04, 9.77585e-17, 4.11204e-12
1.42401e-04, 1.70930e-04, 1.56665e-04, 2.02873e-16, 7.11123e-12
1.70930e-04, 2.05164e-04, 1.88047e-04, 4.20951e-16, 1.22962e-11
2.05164e-04, 2.46245e-04, 2.25704e-04, 8.73350e-16, 2.12592e-11
2.46245e-04, 2.95542e-04, 2.70893e-04, 1.81176e-15, 3.67518e-11
2.95542e-04, 3.54699e-04, 3.25120e-04, 3.75817e-15, 6.35291e-11
3.54699e-04, 4.25687e-04, 3.90193e-04, 7.79507e-15, 1.09808e-10
4.25687e-04, 5.10872e-04, 4.68280e-04, 1.61672e-14, 1.89788e-10
5.10872e-04, 6.13095e-04, 5.61984e-04, 3.35293e-14, 3.28002e-10
6.13095e-04, 7.35763e-04, 6.74429e-04, 6.95329e-14, 5.66841e-10
7.35763e-04, 8.82963e-04, 8.09363e-04, 1.44190e-13, 9.79545e-10
8.82963e-04, 1.05960e-03, 9.71284e-04, 2.98991e-13, 1.69265e-09
1.05960e-03, 1.27157e-03, 1.16559e-03, 6.19954e-13, 2.92474e-09
1.27157e-03, 1.52594e-03, 1.39876e-03, 1.28540e-12, 5.05342e-09
1.52594e-03, 1.83117e-03, 1.67855e-03, 2.66499e-12, 8.73092e-09
1.83117e-03, 2.19745e-03, 2.01431e-03, 5.52492e-12, 1.50837e-08
2.19745e-03, 2.63699e-03, 2.41722e-03, 1.14532e-11, 2.60573e-08
2.63699e-03, 3.16444e-03, 2.90072e-03, 2.37408e-11, 4.50108e-08
3.16444e-03, 3.79738e-03, 3.48091e-03, 4.92068e-11, 7.77437e-08
3.79738e-03, 4.55690e-03, 4.17714e-03, 1.01979e-10, 1.34267e-07
4.55690e-03, 5.46833e-03, 5.01262e-03, 2.11321e-10, 2.31857e-07
5.46833e-03, 6.56204e-03, 6.01519e-03, 4.37836e-10, 4.00321e-07
6.56204e-03, 7.87450e-03, 7.21827e-03, 9.06999e-10, 6.91070e-07
7.87450e-03, 9.44945e-03, 8.66198e-03, 1.87851e-09, 1.19274e-06
9.44945e-03, 1.13394e-02, 1.03944e-02, 3.88968e-09, 2.05810e-06
1.13394e-02, 1.36073e-02, 1.24734e-02, 8.05169e-09, 3.55024e-06
1.36073e-02, 1.63288e-02, 1.49681e-02, 1.66613e-08, 6.12207e-06
1.63288e-02, 1.95946e-02, 1.79617e-02, 3.44626e-08, 1.05525e-05
1.95946e-02, 2.35136e-02, 2.15541e-02, 7.12475e-08, 1.81801e-05
2.35136e-02, 2.82164e-02, 2.58650e-02, 1.47208e-07, 3.13023e-05
2.82164e-02, 3.38597e-02, 3.10381e-02, 3.03932e-07, 5.38569e-05
3.38597e-02, 4.06317e-02, 3.72457e-02, 6.26971e-07, 9.25829e-05
4.06317e-02, 4.87581e-02, 4.46949e-02, 1.29201e-06, 1.58990e-04
4.87581e-02, 5.85098e-02, 5.36339e-02, 2.65917e-06, 2.72689e-04
5.85098e-02, 7.02118e-02, 6.43608e-02, 5.46483e-06, 4.66999e-04
7.02118e-02, 8.42542e-02, 7.72330e-02, 1.12106e-05, 7.98340e-04
8.42542e-02, 1.01105e-01, 9.26796e-02, 2.29483e-05, 1.36184e-03
1.01105e-01, 1.21326e-01, 1.11216e-01, 4.68546e-05, 2.31712e-03
1.21326e-01, 1.45591e-01, 1.33459e-01, 9.53707e-05, 3.93034e-03
1.45591e-01, 1.74710e-01, 1.60151e-01, 1.93407e-04, 6.64210e-03
1.74710e-01, 2.09652e-01, 1.92181e-01, 3.90485e-04, 1.11752e-02
2.09652e-01, 2.51582e-01, 2.30617e-01, 7.84211e-04, 1.87027e-02
2.51582e-01, 3.01899e-01, 2.76740e-01, 1.56496e-03, 3.11023e-02
3.01899e-01, 3.62278e-01, 3.32088e-01, 3.09935e-03, 5.13309e-02
3.62278e-01, 4.34734e-01, 3.98506e-01, 6.08259e-03, 8.39490e-02
4.34734e-01, 5.21681e-01, 4.78207e-01, 1.18083e-02, 1.35810e-01
5.21681e-01, 6.26017e-01, 5.73849e-01, 2.26281e-02, 2.16877e-01
6.26017e-01, 7.51221e-01, 6.88619e-01, 4.26957e-02, 3.41010e-01
7.51221e-01, 9.01465e-01, 8.26343e-01, 7.90875e-02, 5.26393e-01
9.01465e-01, 1.08176e+00, 9.91611e-01, 1.43318e-01, 7.94915e-01
1.08176e+00, 1.29811e+00, 1.18993e+00, 2.53031e-01, 1.16954e+00
1.29811e+00, 1.55773e+00, 1.42792e+00, 4.33153e-01, 1.66840e+00
1.55773e+00, 1.86928e+00, 1.71350e+00, 7.14951e-01, 2.29485e+00
1.86928e+00, 2.24313e+00, 2.05621e+00, 1.13053e+00, 3.02397e+00
2.24313e+00, 2.69176e+00, 2.46745e+00, 1.70007e+00, 3.78951e+00
2.69176e+00, 3.23011e+00, 2.96094e+00, 2.41131e+00, 4.47905e+00
3.23011e+00, 3.87613e+00, 3.55312e+00, 3.19653e+00, 4.94802e+00
3.87613e+00, 4.65136e+00, 4.26375e+00, 3.92183e+00, 5.05895e+00
4.65136e+00, 5.58163e+00, 5.11650e+00, 4.40806e+00, 4.73846e+00
5.58163e+00, 6.69796e+00, 6.13980e+00, 4.49301e+00, 4.02482e+00
6.69796e+00, 8.03755e+00, 7.36776e+00, 4.11361e+00, 3.07079e+00
8.03755e+00, 9.64506e+00, 8.84131e+00, 3.35539e+00, 2.08732e+00
9.64506e+00, 1.15741e+01, 1.06096e+01, 2.42321e+00, 1.25619e+00
1.15741e+01, 1.38889e+01, 1.27315e+01, 1.54349e+00, 6.66788e-01
1.38889e+01, 1.66667e+01, 1.52778e+01, 8.65956e-01, 3.11744e-01
1.66667e+01, 2.00000e+01, 1.83333e+01, 2.76803e-01, 8.30409e-02
