# time = 2.100000000000000e-01# start, end, pivot, particles, density
0.00000e+00, 7.25710e-04, 3.62855e-04, 7.25447e-04, 9.99637e-01
7.25710e-04, 1.52399e-03, 1.12485e-03, 1.30198e-03, 1.63098e+00
1.52399e-03, 2.40210e-03, 1.96305e-03, 1.43059e-03, 1.62917e+00
2.40210e-03, 3.36802e-03, 2.88506e-03, 1.57173e-03, 1.62718e+00
3.36802e-03, 4.43053e-03, 3.89928e-03, 1.72662e-03, 1.62503e+00
4.43053e-03, 5.59929e-03, 5.01491e-03, 1.89651e-03, 1.62267e+00
5.59929e-03, 6.88493e-03, 6.24211e-03, 2.08274e-03, 1.62001e+00
6.88493e-03, 8.29914e-03, 7.59203e-03, 2.28694e-03, 1.61712e+00
8.29914e-03, 9.85476e-03, 9.07695e-03, 2.51082e-03, 1.61403e+00
9.85476e-03, 1.15659e-02, 1.07104e-02, 2.75581e-03, 1.61047e+00
1.15659e-02, 1.34482e-02, 1.25071e-02, 3.02438e-03, 1.60674e+00
1.34482e-02, 1.55188e-02, 1.44835e-02, 3.31807e-03, 1.60252e+00
1.55188e-02, 1.77964e-02, 1.66576e-02, 3.63960e-03, 1.59800e+00
1.77964e-02, 2.03017e-02, 1.90490e-02, 3.99066e-03, 1.59286e+00
2.03017e-02, 2.30576e-02, 2.16797e-02, 4.37494e-03, 1.58749e+00
2.30576e-02, 2.60891e-02, 2.45733e-02, 4.79385e-03, 1.58136e+00
2.60891e-02, 2.94237e-02, 2.77564e-02, 5.25123e-03, 1.57476e+00
2.94237e-02, 3.30918e-02, 3.12577e-02, 5.74990e-03, 1.56755e+00
3.30918e-02, 3.71267e-02, 3.51092e-02, 6.29289e-03, 1.55962e+00
3.71267e-02, 4.15650e-02, 3.93458e-02, 6.88333e-03, 1.55087e+00
4.15650e-02, 4.64472e-02, 4.40061e-02, 7.52581e-03, 1.54148e+00
4.64472e-02, 5.18177e-02, 4.91325e-02, 8.22263e-03, 1.53109e+00
5.18177e-02, 5.77252e-02, 5.47714e-02, 8.97759e-03, 1.51970e+00
5.77252e-02, 6.42234e-02, 6.09743e-02, 9.79549e-03, 1.50741e+00
6.42234e-02, 7.13714e-02, 6.77974e-02, 1.06781e-02, 1.49385e+00
7.13714e-02, 7.92343e-02, 7.53029e-02, 1.16311e-02, 1.47924e+00
7.92343e-02, 8.78834e-02, 8.35588e-02, 1.26552e-02, 1.46318e+00
8.78834e-02, 9.73975e-02, 9.26404e-02, 1.37558e-02, 1.44585e+00
9.73975e-02, 1.07863e-01, 1.02630e-01, 1.49338e-02, 1.42696e+00
1.07863e-01, 1.19375e-01, 1.13619e-01, 1.61904e-02, 1.40639e+00
1.19375e-01, 1.32038e-01, 1.25707e-01, 1.75280e-02, 1.38417e+00
1.32038e-01, 1.45968e-01, 1.39003e-01, 1.89458e-02, 1.36012e+00
1.45968e-01, 1.61290e-01, 1.53629e-01, 2.04442e-02, 1.33426e+00
1.61290e-01, 1.78145e-01, 1.69717e-01, 2.20167e-02, 1.30626e+00
1.78145e-01, 1.96685e-01, 1.87415e-01, 2.36593e-02, 1.27611e+00
1.96685e-01, 2.17079e-01, 2.06882e-01, 2.53673e-02, 1.24385e+00
2.17079e-01, 2.39513e-01, 2.28296e-01, 2.71284e-02, 1.20927e+00
2.39513e-01, 2.64190e-01, 2.51851e-01, 2.89283e-02, 1.17228e+00
2.64190e-01, 2.91335e-01, 2.77762e-01, 3.07536e-02, 1.13295e+00
2.91335e-01, 3.21194e-01, 3.06264e-01, 3.25818e-02, 1.09118e+00
3.21194e-01, 3.54039e-01, 3.37616e-01, 3.43894e-02, 1.04702e+00
3.54039e-01, 3.90168e-01, 3.72104e-01, 3.61472e-02, 1.00049e+00
3.90168e-01, 4.29911e-01, 4.10040e-01, 3.78225e-02, 9.51689e-01
4.29911e-01, 4.73628e-01, 4.51769e-01, 3.93782e-02, 9.00757e-01
4.73628e-01, 5.21716e-01, 4.97672e-01, 4.07733e-02, 8.47881e-01
5.21716e-01, 5.74614e-01, 5.48165e-01, 4.19612e-02, 7.93257e-01
5.74614e-01, 6.32801e-01, 6.03707e-01, 4.28975e-02, 7.37234e-01
6.32801e-01, 6.96806e-01, 6.64804e-01, 4.35347e-02, 6.80168e-01
6.96806e-01, 7.67213e-01, 7.32010e-01, 4.38254e-02, 6.22463e-01
7.67213e-01, 8.44660e-01, 8.05936e-01, 4.37281e-02, 5.64620e-01
8.44660e-01, 9.29852e-01, 8.87256e-01, 4.32069e-02, 5.07172e-01
9.29852e-01, 1.02356e+00, 9.76707e-01, 4.22353e-02, 4.50698e-01
1.02356e+00, 1.12664e+00, 1.07510e+00, 4.08010e-02, 3.95811e-01
1.12664e+00, 1.24003e+00, 1.18334e+00, 3.89046e-02, 3.43104e-01
1.24003e+00, 1.36476e+00, 1.30240e+00, 3.65676e-02, 2.93176e-01
1.36476e+00, 1.50197e+00, 1.43336e+00, 3.38341e-02, 2.46600e-01
1.50197e+00, 1.65289e+00, 1.57743e+00, 3.07665e-02, 2.03856e-01
1.65289e+00, 1.81890e+00, 1.73590e+00, 2.74479e-02, 1.65334e-01
1.81890e+00, 2.00152e+00, 1.91021e+00, 2.39782e-02, 1.31304e-01
2.00152e+00, 2.20240e+00, 2.10196e+00, 2.04683e-02, 1.01895e-01
2.20240e+00, 2.42336e+00, 2.31288e+00, 1.70334e-02, 7.70861e-02
2.42336e+00, 2.66642e+00, 2.54489e+00, 1.37836e-02, 5.67080e-02
2.66642e+00, 2.93379e+00, 2.80011e+00, 1.08155e-02, 4.04517e-02
2.93379e+00, 3.22790e+00, 3.08084e+00, 8.20384e-03, 2.78943e-02
3.22790e+00, 3.55141e+00, 3.38965e+00, 5.99516e-03, 1.85313e-02
3.55141e+00, 3.90728e+00, 3.72934e+00, 4.20515e-03, 1.18166e-02
3.90728e+00, 4.29873e+00, 4.10301e+00, 2.81960e-03, 7.20289e-03
4.29873e+00, 4.72933e+00, 4.51403e+00, 1.79917e-03, 4.17829e-03
4.72933e+00, 5.20299e+00, 4.96616e+00, 1.08716e-03, 2.29524e-03
5.20299e+00, 5.72401e+00, 5.46350e+00, 6.18789e-04, 1.18764e-03
5.72401e+00, 6.29714e+00, 6.01058e+00, 3.29811e-04, 5.75458e-04
6.29714e+00, 6.92758e+00, 6.61236e+00, 1.63564e-04, 2.59445e-04
6.92758e+00, 7.62106e+00, 7.27432e+00, 7.49533e-05, 1.08082e-04
7.62106e+00, 8.38390e+00, 8.00248e+00, 3.14984e-05, 4.12914e-05
8.38390e+00, 9.22301e+00, 8.80345e+00, 1.20401e-05, 1.43485e-05
9.22301e+00, 1.01460e+01, 9.68453e+00, 4.14926e-06, 4.49527e-06
1.01460e+01, 1.11614e+01, 1.06537e+01, 1.27696e-06, 1.25768e-06
1.11614e+01, 1.22782e+01, 1.17198e+01, 3.47377e-07, 3.11029e-07
1.22782e+01, 1.35068e+01, 1.28925e+01, 8.26179e-08, 6.72484e-08
1.35068e+01, 1.48582e+01, 1.41825e+01, 1.69781e-08, 1.25633e-08
1.48582e+01, 1.63447e+01, 1.56015e+01, 2.97705e-09, 2.00267e-09
1.63447e+01, 1.79799e+01, 1.71623e+01, 4.39463e-10, 2.68752e-10
1.79799e+01, 1.97786e+01, 1.88793e+01, 5.38338e-11, 2.99290e-11
1.97786e+01, 2.17572e+01, 2.07679e+01, 5.38919e-12, 2.72375e-12
2.17572e+01, 2.39337e+01, 2.28455e+01, 4.33753e-13, 1.99294e-13
2.39337e+01, 2.63278e+01, 2.51307e+01, 2.75880e-14, 1.15234e-14
2.63278e+01, 2.89613e+01, 2.76445e+01, 1.36175e-15, 5.17089e-16
2.89613e+01, 3.18581e+01, 3.04097e+01, 5.11954e-17, 1.76728e-17
3.18581e+01, 3.50447e+01, 3.34514e+01, 1.43815e-18, 4.51319e-19
3.50447e+01, 3.85499e+01, 3.67973e+01, 2.96166e-20, 8.44934e-21
3.85499e+01, 4.24056e+01, 4.04777e+01, 4.39035e-22, 1.13866e-22
4.24056e+01, 4.66469e+01, 4.45262e+01, 4.60899e-24, 1.08670e-24
4.66469e+01, 5.13123e+01, 4.89796e+01, 3.38370e-26, 7.25273e-27
5.13123e+01, 5.64442e+01, 5.38783e+01, 1.94793e-28, 3.79568e-29
5.64442e+01, 6.20894e+01, 5.92668e+01, 8.73540e-31, 1.54742e-31
6.20894e+01, 6.82990e+01, 6.51942e+01, 3.12591e-33, 5.03394e-34
6.82990e+01, 7.51297e+01, 7.17144e+01, 9.32997e-36, 1.36590e-36
7.51297e+01, 8.26434e+01, 7.88865e+01, 2.41603e-38, 3.21550e-39
8.26434e+01, 9.09084e+01, 8.67759e+01, 5.58610e-41, 6.75869e-42
9.09084e+01, 1.00000e+02, 9.54542e+01, 3.71966e-44, 4.09133e-45
