# time = 5.700000000000001e-01# start, end, pivot, particles, density
0.00000e+00, 7.25710e-04, 3.62855e-04, 1.89464e-03, 2.61074e+00
7.25710e-04, 1.52399e-03, 1.12485e-03, 2.08192e-03, 2.60800e+00
1.52399e-03, 2.40210e-03, 1.96305e-03, 2.28627e-03, 2.60363e+00
2.40210e-03, 3.36802e-03, 2.88506e-03, 2.51131e-03, 2.59991e+00
3.36802e-03, 4.43053e-03, 3.89928e-03, 2.75811e-03, 2.59584e+00
4.43053e-03, 5.59929e-03, 5.01491e-03, 3.02786e-03, 2.59065e+00
5.59929e-03, 6.88493e-03, 6.24211e-03, 3.32464e-03, 2.58598e+00
6.88493e-03, 8.29914e-03, 7.59203e-03, 3.65016e-03, 2.58107e+00
8.29914e-03, 9.85476e-03, 9.07695e-03, 4.00274e-03, 2.57308e+00
9.85476e-03, 1.15659e-02, 1.07104e-02, 4.39578e-03, 2.56885e+00
1.15659e-02, 1.34482e-02, 1.25071e-02, 4.81578e-03, 2.55845e+00
1.34482e-02, 1.55188e-02, 1.44835e-02, 5.28487e-03, 2.55242e+00
1.55188e-02, 1.77964e-02, 1.66576e-02, 5.79210e-03, 2.54308e+00
1.77964e-02, 2.03017e-02, 1.90490e-02, 6.34643e-03, 2.53315e+00
2.03017e-02, 2.30576e-02, 2.16797e-02, 6.95220e-03, 2.52268e+00
2.30576e-02, 2.60891e-02, 2.45733e-02, 7.61037e-03, 2.51045e+00
2.60891e-02, 2.94237e-02, 2.77564e-02, 8.33345e-03, 2.49907e+00
2.94237e-02, 3.30918e-02, 3.12577e-02, 9.10213e-03, 2.48144e+00
3.30918e-02, 3.71267e-02, 3.51092e-02, 9.96901e-03, 2.47070e+00
3.71267e-02, 4.15650e-02, 3.93458e-02, 1.08787e-02, 2.45106e+00
4.15650e-02, 4.64472e-02, 4.40061e-02, 1.18843e-02, 2.43420e+00
4.64472e-02, 5.18177e-02, 4.91325e-02, 1.29598e-02, 2.41318e+00
5.18177e-02, 5.77252e-02, 5.47714e-02, 1.41166e-02, 2.38962e+00
5.77252e-02, 6.42234e-02, 6.09743e-02, 1.54102e-02, 2.37145e+00
6.42234e-02, 7.13714e-02, 6.77974e-02, 1.67226e-02, 2.33947e+00
7.13714e-02, 7.92343e-02, 7.53029e-02, 1.82114e-02, 2.31613e+00
7.92343e-02, 8.78834e-02, 8.35588e-02, 1.97387e-02, 2.28216e+00
8.78834e-02, 9.73975e-02, 9.26404e-02, 2.14029e-02, 2.24961e+00
9.73975e-02, 1.07863e-01, 1.02630e-01, 2.31633e-02, 2.21331e+00
1.07863e-01, 1.19375e-01, 1.13619e-01, 2.50753e-02, 2.17819e+00
1.19375e-01, 1.32038e-01, 1.25707e-01, 2.70153e-02, 2.13337e+00
1.32038e-01, 1.45968e-01, 1.39003e-01, 2.90468e-02, 2.08527e+00
1.45968e-01, 1.61290e-01, 1.53629e-01, 3.13212e-02, 2.04414e+00
1.61290e-01, 1.78145e-01, 1.69717e-01, 3.34905e-02, 1.98701e+00
1.78145e-01, 1.96685e-01, 1.87415e-01, 3.57808e-02, 1.92990e+00
1.96685e-01, 2.17079e-01, 2.06882e-01, 3.81537e-02, 1.87081e+00
2.17079e-01, 2.39513e-01, 2.28296e-01, 4.06768e-02, 1.81320e+00
2.39513e-01, 2.64190e-01, 2.51851e-01, 4.28731e-02, 1.73737e+00
2.64190e-01, 2.91335e-01, 2.77762e-01, 4.53848e-02, 1.67196e+00
2.91335e-01, 3.21194e-01, 3.06264e-01, 4.77183e-02, 1.59811e+00
3.21194e-01, 3.54039e-01, 3.37616e-01, 4.98379e-02, 1.51736e+00
3.54039e-01, 3.90168e-01, 3.72104e-01, 5.18376e-02, 1.43477e+00
3.90168e-01, 4.29911e-01, 4.10040e-01, 5.35393e-02, 1.34715e+00
4.29911e-01, 4.73628e-01, 4.51769e-01, 5.52057e-02, 1.26280e+00
4.73628e-01, 5.21716e-01, 4.97672e-01, 5.63091e-02, 1.17095e+00
5.21716e-01, 5.74614e-01, 5.48165e-01, 5.71368e-02, 1.08014e+00
5.74614e-01, 6.32801e-01, 6.03707e-01, 5.74657e-02, 9.87603e-01
6.32801e-01, 6.96806e-01, 6.64804e-01, 5.74218e-02, 8.97134e-01
6.96806e-01, 7.67213e-01, 7.32010e-01, 5.64855e-02, 8.02279e-01
7.67213e-01, 8.44660e-01, 8.05936e-01, 5.51466e-02, 7.12056e-01
8.44660e-01, 9.29852e-01, 8.87256e-01, 5.32502e-02, 6.25063e-01
9.29852e-01, 1.02356e+00, 9.76707e-01, 5.06986e-02, 5.41011e-01
1.02356e+00, 1.12664e+00, 1.07510e+00, 4.75785e-02, 4.61560e-01
1.12664e+00, 1.24003e+00, 1.18334e+00, 4.39388e-02, 3.87501e-01
1.24003e+00, 1.36476e+00, 1.30240e+00, 3.98753e-02, 3.19695e-01
1.36476e+00, 1.50197e+00, 1.43336e+00, 3.54927e-02, 2.58689e-01
1.50197e+00, 1.65289e+00, 1.57743e+00, 3.09748e-02, 2.05236e-01
1.65289e+00, 1.81890e+00, 1.73590e+00, 2.62780e-02, 1.58288e-01
1.81890e+00, 2.00152e+00, 1.91021e+00, 2.18342e-02, 1.19563e-01
2.00152e+00, 2.20240e+00, 2.10196e+00, 1.76036e-02, 8.76335e-02
2.20240e+00, 2.42336e+00, 2.31288e+00, 1.37554e-02, 6.22515e-02
2.42336e+00, 2.66642e+00, 2.54489e+00, 1.03840e-02, 4.27216e-02
2.66642e+00, 2.93379e+00, 2.80011e+00, 7.54629e-03, 2.82243e-02
2.93379e+00, 3.22790e+00, 3.08084e+00, 5.25975e-03, 1.78839e-02
3.22790e+00, 3.55141e+00, 3.38965e+00, 3.50070e-03, 1.08208e-02
3.55141e+00, 3.90728e+00, 3.72934e+00, 2.21456e-03, 6.22302e-03
3.90728e+00, 4.29873e+00, 4.10301e+00, 1.32470e-03, 3.38405e-03
4.29873e+00, 4.72933e+00, 4.51403e+00, 7.45137e-04, 1.73047e-03
4.72933e+00, 5.20299e+00, 4.96616e+00, 3.91611e-04, 8.26778e-04
5.20299e+00, 5.72401e+00, 5.46350e+00, 1.91015e-04, 3.66614e-04
5.72401e+00, 6.29714e+00, 6.01058e+00, 8.58141e-05, 1.49730e-04
6.29714e+00, 6.92758e+00, 6.61236e+00, 3.52237e-05, 5.58717e-05
6.92758e+00, 7.62106e+00, 7.27432e+00, 1.30898e-05, 1.88754e-05
7.62106e+00, 8.38390e+00, 8.00248e+00, 4.36065e-06, 5.71639e-06
8.38390e+00, 9.22301e+00, 8.80345e+00, 1.28853e-06, 1.53559e-06
9.22301e+00, 1.01460e+01, 9.68453e+00, 3.33751e-07, 3.61584e-07
1.01460e+01, 1.11614e+01, 1.06537e+01, 7.48135e-08, 7.36840e-08
1.11614e+01, 1.22782e+01, 1.17198e+01, 1.43132e-08, 1.28156e-08
1.22782e+01, 1.35068e+01, 1.28925e+01, 2.30187e-09, 1.87365e-09
1.35068e+01, 1.48582e+01, 1.41825e+01, 3.06150e-10, 2.26542e-10
1.48582e+01, 1.63447e+01, 1.56015e+01, 3.30725e-11, 2.22479e-11
1.63447e+01, 1.79799e+01, 1.71623e+01, 2.84644e-12, 1.74073e-12
1.79799e+01, 1.97786e+01, 1.88793e+01, 1.91122e-13, 1.06254e-13
1.97786e+01, 2.17572e+01, 2.07679e+01, 9.78572e-15, 4.94580e-15
2.17572e+01, 2.39337e+01, 2.28455e+01, 3.72780e-16, 1.71279e-16
2.39337e+01, 2.63278e+01, 2.51307e+01, 1.02876e-17, 4.29706e-18
2.63278e+01, 2.89613e+01, 2.76445e+01, 1.99835e-19, 7.58818e-20
2.89613e+01, 3.18581e+01, 3.04097e+01, 2.64888e-21, 9.14399e-22
3.18581e+01, 3.50447e+01, 3.34514e+01, 2.31745e-23, 7.27261e-24
3.50447e+01, 3.85499e+01, 3.67973e+01, 1.29121e-25, 3.68369e-26
3.85499e+01, 4.24056e+01, 4.04777e+01, 4.41262e-28, 1.14444e-28
4.24056e+01, 4.66469e+01, 4.45262e+01, 8.88633e-31, 2.09520e-31
4.66469e+01, 5.13123e+01, 4.89796e+01, 1.01196e-33, 2.16907e-34
5.13123e+01, 5.64442e+01, 5.38783e+01, 6.24756e-37, 1.21738e-37
5.64442e+01, 6.20894e+01, 5.92668e+01, 2.00511e-40, 3.55191e-41
6.20894e+01, 6.82990e+01, 6.51942e+01, 3.21236e-44, 5.17317e-45
6.82990e+01, 7.51297e+01, 7.17144e+01, 2.47257e-48, 3.61983e-49
7.51297e+01, 8.26434e+01, 7.88865e+01, 8.79468e-53, 1.17049e-53
8.26434e+01, 9.09084e+01, 8.67759e+01, 2.81378e-57, 3.40442e-58
9.09084e+01, 1.00000e+02, 9.54542e+01, 0.00000e+00, 0.00000e+00
