# time = 4.700000000000000e-01# start, end, pivot, particles, density
0.00000e+00, 7.25710e-04, 3.62855e-04, 1.72111e-03, 2.37162e+00
7.25710e-04, 1.52399e-03, 1.12485e-03, 1.89124e-03, 2.36914e+00
1.52399e-03, 2.40210e-03, 1.96305e-03, 2.07718e-03, 2.36552e+00
2.40210e-03, 3.36802e-03, 2.88506e-03, 2.28177e-03, 2.36227e+00
3.36802e-03, 4.43053e-03, 3.89928e-03, 2.50620e-03, 2.35875e+00
4.43053e-03, 5.59929e-03, 5.01491e-03, 2.75159e-03, 2.35428e+00
5.59929e-03, 6.88493e-03, 6.24211e-03, 3.02147e-03, 2.35017e+00
6.88493e-03, 8.29914e-03, 7.59203e-03, 3.31756e-03, 2.34589e+00
8.29914e-03, 9.85476e-03, 9.07695e-03, 3.63884e-03, 2.33915e+00
9.85476e-03, 1.15659e-02, 1.07104e-02, 3.99592e-03, 2.33518e+00
1.15659e-02, 1.34482e-02, 1.25071e-02, 4.37928e-03, 2.32655e+00
1.34482e-02, 1.55188e-02, 1.44835e-02, 4.80582e-03, 2.32105e+00
1.55188e-02, 1.77964e-02, 1.66576e-02, 5.26801e-03, 2.31298e+00
1.77964e-02, 2.03017e-02, 1.90490e-02, 5.77355e-03, 2.30449e+00
2.03017e-02, 2.30576e-02, 2.16797e-02, 6.32564e-03, 2.29532e+00
2.30576e-02, 2.60891e-02, 2.45733e-02, 6.92623e-03, 2.28478e+00
2.60891e-02, 2.94237e-02, 2.77564e-02, 7.58536e-03, 2.27473e+00
2.94237e-02, 3.30918e-02, 3.12577e-02, 8.28951e-03, 2.25990e+00
3.30918e-02, 3.71267e-02, 3.51092e-02, 9.07800e-03, 2.24988e+00
3.71267e-02, 4.15650e-02, 3.93458e-02, 9.91308e-03, 2.23349e+00
4.15650e-02, 4.64472e-02, 4.40061e-02, 1.08307e-02, 2.21839e+00
4.64472e-02, 5.18177e-02, 4.91325e-02, 1.18168e-02, 2.20035e+00
5.18177e-02, 5.77252e-02, 5.47714e-02, 1.28787e-02, 2.18007e+00
5.77252e-02, 6.42234e-02, 6.09743e-02, 1.40598e-02, 2.16364e+00
6.42234e-02, 7.13714e-02, 6.77974e-02, 1.52720e-02, 2.13653e+00
7.13714e-02, 7.92343e-02, 7.53029e-02, 1.66348e-02, 2.11563e+00
7.92343e-02, 8.78834e-02, 8.35588e-02, 1.80463e-02, 2.08649e+00
8.78834e-02, 9.73975e-02, 9.26404e-02, 1.95803e-02, 2.05805e+00
9.73975e-02, 1.07863e-01, 1.02630e-01, 2.12064e-02, 2.02632e+00
1.07863e-01, 1.19375e-01, 1.13619e-01, 2.29711e-02, 1.99540e+00
1.19375e-01, 1.32038e-01, 1.25707e-01, 2.47775e-02, 1.95665e+00
1.32038e-01, 1.45968e-01, 1.39003e-01, 2.66718e-02, 1.91477e+00
1.45968e-01, 1.61290e-01, 1.53629e-01, 2.87741e-02, 1.87790e+00
1.61290e-01, 1.78145e-01, 1.69717e-01, 3.08185e-02, 1.82848e+00
1.78145e-01, 1.96685e-01, 1.87415e-01, 3.29743e-02, 1.77853e+00
1.96685e-01, 2.17079e-01, 2.06882e-01, 3.52113e-02, 1.72653e+00
2.17079e-01, 2.39513e-01, 2.28296e-01, 3.75788e-02, 1.67511e+00
2.39513e-01, 2.64190e-01, 2.51851e-01, 3.97134e-02, 1.60933e+00
2.64190e-01, 2.91335e-01, 2.77762e-01, 4.20970e-02, 1.55084e+00
2.91335e-01, 3.21194e-01, 3.06264e-01, 4.43516e-02, 1.48536e+00
3.21194e-01, 3.54039e-01, 3.37616e-01, 4.64434e-02, 1.41401e+00
3.54039e-01, 3.90168e-01, 3.72104e-01, 4.84370e-02, 1.34065e+00
3.90168e-01, 4.29911e-01, 4.10040e-01, 5.01879e-02, 1.26283e+00
4.29911e-01, 4.73628e-01, 4.51769e-01, 5.18901e-02, 1.18696e+00
4.73628e-01, 5.21716e-01, 4.97672e-01, 5.31263e-02, 1.10476e+00
5.21716e-01, 5.74614e-01, 5.48165e-01, 5.41074e-02, 1.02288e+00
5.74614e-01, 6.32801e-01, 6.03707e-01, 5.46491e-02, 9.39196e-01
6.32801e-01, 6.96806e-01, 6.64804e-01, 5.48390e-02, 8.56782e-01
6.96806e-01, 7.67213e-01, 7.32010e-01, 5.42515e-02, 7.70549e-01
7.67213e-01, 8.44660e-01, 8.05936e-01, 5.32631e-02, 6.87736e-01
8.44660e-01, 9.29852e-01, 8.87256e-01, 5.17421e-02, 6.07361e-01
9.29852e-01, 1.02356e+00, 9.76707e-01, 4.95987e-02, 5.29274e-01
1.02356e+00, 1.12664e+00, 1.07510e+00, 4.68945e-02, 4.54925e-01
1.12664e+00, 1.24003e+00, 1.18334e+00, 4.36655e-02, 3.85091e-01
1.24003e+00, 1.36476e+00, 1.30240e+00, 3.99868e-02, 3.20589e-01
1.36476e+00, 1.50197e+00, 1.43336e+00, 3.59482e-02, 2.62009e-01
1.50197e+00, 1.65289e+00, 1.57743e+00, 3.17114e-02, 2.10118e-01
1.65289e+00, 1.81890e+00, 1.73590e+00, 2.72416e-02, 1.64092e-01
1.81890e+00, 2.00152e+00, 1.91021e+00, 2.29315e-02, 1.25572e-01
2.00152e+00, 2.20240e+00, 2.10196e+00, 1.87601e-02, 9.33906e-02
2.20240e+00, 2.42336e+00, 2.31288e+00, 1.48964e-02, 6.74150e-02
2.42336e+00, 2.66642e+00, 2.54489e+00, 1.14458e-02, 4.70902e-02
2.66642e+00, 2.93379e+00, 2.80011e+00, 8.48140e-03, 3.17218e-02
2.93379e+00, 3.22790e+00, 3.08084e+00, 6.03931e-03, 2.05345e-02
3.22790e+00, 3.55141e+00, 3.38965e+00, 4.11529e-03, 1.27205e-02
3.55141e+00, 3.90728e+00, 3.72934e+00, 2.67164e-03, 7.50741e-03
3.90728e+00, 4.29873e+00, 4.10301e+00, 1.64426e-03, 4.20040e-03
4.29873e+00, 4.72933e+00, 4.51403e+00, 9.54264e-04, 2.21613e-03
4.72933e+00, 5.20299e+00, 4.96616e+00, 5.19056e-04, 1.09584e-03
5.20299e+00, 5.72401e+00, 5.46350e+00, 2.62914e-04, 5.04609e-04
5.72401e+00, 6.29714e+00, 6.01058e+00, 1.23110e-04, 2.14804e-04
6.29714e+00, 6.92758e+00, 6.61236e+00, 5.28798e-05, 8.38776e-05
6.92758e+00, 7.62106e+00, 7.27432e+00, 2.06540e-05, 2.97830e-05
7.62106e+00, 8.38390e+00, 8.00248e+00, 7.26622e-06, 9.52531e-06
8.38390e+00, 9.22301e+00, 8.80345e+00, 2.27915e-06, 2.71614e-06
9.22301e+00, 1.01460e+01, 9.68453e+00, 6.30173e-07, 6.82725e-07
1.01460e+01, 1.11614e+01, 1.06537e+01, 1.51715e-07, 1.49424e-07
1.11614e+01, 1.22782e+01, 1.17198e+01, 3.13813e-08, 2.80977e-08
1.22782e+01, 1.35068e+01, 1.28925e+01, 5.49576e-09, 4.47338e-09
1.35068e+01, 1.48582e+01, 1.41825e+01, 8.02183e-10, 5.93593e-10
1.48582e+01, 1.63447e+01, 1.56015e+01, 9.59124e-11, 6.45204e-11
1.63447e+01, 1.79799e+01, 1.71623e+01, 9.22036e-12, 5.63868e-12
1.79799e+01, 1.97786e+01, 1.88793e+01, 6.98370e-13, 3.88260e-13
1.97786e+01, 2.17572e+01, 2.07679e+01, 4.07697e-14, 2.06054e-14
2.17572e+01, 2.39337e+01, 2.28455e+01, 1.79132e-15, 8.23046e-16
2.39337e+01, 2.63278e+01, 2.51307e+01, 5.77300e-17, 2.41135e-17
2.63278e+01, 2.89613e+01, 2.76445e+01, 1.32717e-18, 5.03957e-19
2.89613e+01, 3.18581e+01, 3.04097e+01, 2.11203e-20, 7.29077e-21
3.18581e+01, 3.50447e+01, 3.34514e+01, 2.25249e-22, 7.06877e-23
3.50447e+01, 3.85499e+01, 3.67973e+01, 1.55493e-24, 4.43606e-25
3.85499e+01, 4.24056e+01, 4.04777e+01, 6.69648e-27, 1.73677e-27
4.24056e+01, 4.66469e+01, 4.45262e+01, 1.72973e-29, 4.07832e-30
4.66469e+01, 5.13123e+01, 4.89796e+01, 2.57231e-32, 5.51358e-33
5.13123e+01, 5.64442e+01, 5.38783e+01, 2.11111e-35, 4.11367e-36
5.64442e+01, 6.20894e+01, 5.92668e+01, 9.16212e-39, 1.62301e-39
6.20894e+01, 6.82990e+01, 6.51942e+01, 2.01626e-42, 3.24697e-43
6.82990e+01, 7.51297e+01, 7.17144e+01, 2.16138e-46, 3.16424e-47
7.51297e+01, 8.26434e+01, 7.88865e+01, 1.02779e-50, 1.36789e-51
8.26434e+01, 9.09084e+01, 8.67759e+01, 5.42388e-55, 6.56242e-56
9.09084e+01, 1.00000e+02, 9.54542e+01, 0.00000e+00, 0.00000e+00
