# time = 6.700000000000000e-01# start, end, pivot, particles, density
0.00000e+00, 2.00000e-02, 1.00000e-02, 0.00000e+00, 0.00000e+00
2.00000e-02, 4.00000e-02, 3.00000e-02, 0.00000e+00, 0.00000e+00
4.00000e-02, 6.00000e-02, 5.00000e-02, 0.00000e+00, 0.00000e+00
6.00000e-02, 8.00000e-02, 7.00000e-02, 0.00000e+00, 0.00000e+00
8.00000e-02, 1.00000e-01, 9.00000e-02, 0.00000e+00, 0.00000e+00
1.00000e-01, 1.20000e-01, 1.10000e-01, 0.00000e+00, 0.00000e+00
1.20000e-01, 1.40000e-01, 1.30000e-01, 0.00000e+00, 0.00000e+00
1.40000e-01, 1.60000e-01, 1.50000e-01, 0.00000e+00, 0.00000e+00
1.60000e-01, 1.80000e-01, 1.70000e-01, 0.00000e+00, 0.00000e+00
1.80000e-01, 2.00000e-01, 1.90000e-01, 0.00000e+00, 0.00000e+00
2.00000e-01, 2.20000e-01, 2.10000e-01, 0.00000e+00, 0.00000e+00
2.20000e-01, 2.40000e-01, 2.30000e-01, 0.00000e+00, 0.00000e+00
2.40000e-01, 2.60000e-01, 2.50000e-01, 0.00000e+00, 0.00000e+00
2.60000e-01, 2.80000e-01, 2.70000e-01, 0.00000e+00, 0.00000e+00
2.80000e-01, 3.00000e-01, 2.90000e-01, 0.00000e+00, 0.00000e+00
3.00000e-01, 3.20000e-01, 3.10000e-01, 0.00000e+00, 0.00000e+00
3.20000e-01, 3.40000e-01, 3.30000e-01, 0.00000e+00, 0.00000e+00
3.40000e-01, 3.60000e-01, 3.50000e-01, 0.00000e+00, 0.00000e+00
3.60000e-01, 3.80000e-01, 3.70000e-01, 0.00000e+00, 0.00000e+00
3.80000e-01, 4.00000e-01, 3.90000e-01, 0.00000e+00, 0.00000e+00
4.00000e-01, 4.20000e-01, 4.10000e-01, 0.00000e+00, 0.00000e+00
4.20000e-01, 4.40000e-01, 4.30000e-01, 0.00000e+00, 0.00000e+00
4.40000e-01, 4.60000e-01, 4.50000e-01, 0.00000e+00, 0.00000e+00
4.60000e-01, 4.80000e-01, 4.70000e-01, 5.99312e-02, 2.99656e+00
4.80000e-01, 5.00000e-01, 4.90000e-01, 7.05760e-02, 3.52880e+00
5.00000e-01, 5.20000e-01, 5.10000e-01, 2.77990e-03, 1.38995e-01
5.20000e-01, 5.40000e-01, 5.30000e-01, 0.00000e+00, 0.00000e+00
5.40000e-01, 5.60000e-01, 5.50000e-01, 2.08973e-01, 1.04486e+01
5.60000e-01, 5.80000e-01, 5.70000e-01, 1.94801e-01, 9.74007e+00
5.80000e-01, 6.00000e-01, 5.90000e-01, 1.41247e-02, 7.06236e-01
6.00000e-01, 6.20000e-01, 6.10000e-01, 0.00000e+00, 0.00000e+00
6.20000e-01, 6.40000e-01, 6.30000e-01, 2.99642e-01, 1.49821e+01
6.40000e-01, 6.60000e-01, 6.50000e-01, 3.18095e-01, 1.59048e+01
6.60000e-01, 6.80000e-01, 6.70000e-01, 7.38444e-02, 3.69222e+00
6.80000e-01, 7.00000e-01, 6.90000e-01, 0.00000e+00, 0.00000e+00
7.00000e-01, 7.20000e-01, 7.10000e-01, 2.31645e-01, 1.15823e+01
7.20000e-01, 7.40000e-01, 7.30000e-01, 4.47326e-01, 2.23663e+01
7.40000e-01, 7.60000e-01, 7.50000e-01, 2.53391e-01, 1.26695e+01
7.60000e-01, 7.80000e-01, 7.70000e-01, 2.01378e-02, 1.00689e+00
7.80000e-01, 8.00000e-01, 7.90000e-01, 0.00000e+00, 0.00000e+00
8.00000e-01, 8.20000e-01, 8.10000e-01, 3.15118e-01, 1.57559e+01
8.20000e-01, 8.40000e-01, 8.30000e-01, 4.96612e-01, 2.48306e+01
8.40000e-01, 8.60000e-01, 8.50000e-01, 3.14045e-01, 1.57022e+01
8.60000e-01, 8.80000e-01, 8.70000e-01, 7.33570e-02, 3.66785e+00
8.80000e-01, 9.00000e-01, 8.90000e-01, 0.00000e+00, 0.00000e+00
9.00000e-01, 9.20000e-01, 9.10000e-01, 9.97012e-02, 4.98506e+00
9.20000e-01, 9.40000e-01, 9.30000e-01, 3.85941e-01, 1.92971e+01
9.40000e-01, 9.60000e-01, 9.50000e-01, 4.47435e-01, 2.23718e+01
9.60000e-01, 9.80000e-01, 9.70000e-01, 2.90208e-01, 1.45104e+01
9.80000e-01, 1.00000e+00, 9.90000e-01, 1.05400e-01, 5.27002e+00
1.00000e+00, 1.02000e+00, 1.01000e+00, 1.23360e-02, 6.16800e-01
1.02000e+00, 1.04000e+00, 1.03000e+00, 0.00000e+00, 0.00000e+00
1.04000e+00, 1.06000e+00, 1.05000e+00, 7.11923e-02, 3.55961e+00
1.06000e+00, 1.08000e+00, 1.07000e+00, 1.93002e-01, 9.65008e+00
1.08000e+00, 1.10000e+00, 1.09000e+00, 2.35832e-01, 1.17916e+01
1.10000e+00, 1.12000e+00, 1.11000e+00, 2.02748e-01, 1.01374e+01
1.12000e+00, 1.14000e+00, 1.13000e+00, 1.39322e-01, 6.96612e+00
1.14000e+00, 1.16000e+00, 1.15000e+00, 8.09920e-02, 4.04960e+00
1.16000e+00, 1.18000e+00, 1.17000e+00, 4.10797e-02, 2.05399e+00
1.18000e+00, 1.20000e+00, 1.19000e+00, 1.85272e-02, 9.26360e-01
1.20000e+00, 1.22000e+00, 1.21000e+00, 7.52429e-03, 3.76214e-01
1.22000e+00, 1.24000e+00, 1.23000e+00, 2.77615e-03, 1.38807e-01
1.24000e+00, 1.26000e+00, 1.25000e+00, 9.36598e-04, 4.68299e-02
1.26000e+00, 1.28000e+00, 1.27000e+00, 2.90338e-04, 1.45169e-02
1.28000e+00, 1.30000e+00, 1.29000e+00, 8.30049e-05, 4.15025e-03
1.30000e+00, 1.32000e+00, 1.31000e+00, 2.19476e-05, 1.09738e-03
1.32000e+00, 1.34000e+00, 1.33000e+00, 5.37905e-06, 2.68953e-04
1.34000e+00, 1.36000e+00, 1.35000e+00, 1.22399e-06, 6.11995e-05
1.36000e+00, 1.38000e+00, 1.37000e+00, 2.58902e-07, 1.29451e-05
1.38000e+00, 1.40000e+00, 1.39000e+00, 5.09506e-08, 2.54753e-06
1.40000e+00, 1.42000e+00, 1.41000e+00, 9.33362e-09, 4.66681e-07
1.42000e+00, 1.44000e+00, 1.43000e+00, 1.59199e-09, 7.95996e-08
1.44000e+00, 1.46000e+00, 1.45000e+00, 2.52818e-10, 1.26409e-08
1.46000e+00, 1.48000e+00, 1.47000e+00, 3.73700e-11, 1.86850e-09
1.48000e+00, 1.50000e+00, 1.49000e+00, 5.13864e-12, 2.56932e-10
1.50000e+00, 1.52000e+00, 1.51000e+00, 6.56805e-13, 3.28402e-11
1.52000e+00, 1.54000e+00, 1.53000e+00, 7.79488e-14, 3.89744e-12
1.54000e+00, 1.56000e+00, 1.55000e+00, 8.57647e-15, 4.28824e-13
1.56000e+00, 1.58000e+00, 1.57000e+00, 8.71525e-16, 4.35763e-14
1.58000e+00, 1.60000e+00, 1.59000e+00, 7.88258e-17, 3.94129e-15
1.60000e+00, 1.62000e+00, 1.61000e+00, 5.55112e-18, 2.77556e-16
1.62000e+00, 1.64000e+00, 1.63000e+00, 0.00000e+00, 0.00000e+00
1.64000e+00, 1.66000e+00, 1.65000e+00, 0.00000e+00, 0.00000e+00
1.66000e+00, 1.68000e+00, 1.67000e+00, 0.00000e+00, 0.00000e+00
1.68000e+00, 1.70000e+00, 1.69000e+00, 0.00000e+00, 0.00000e+00
1.70000e+00, 1.72000e+00, 1.71000e+00, 0.00000e+00, 0.00000e+00
1.72000e+00, 1.74000e+00, 1.73000e+00, 0.00000e+00, 0.00000e+00
1.74000e+00, 1.76000e+00, 1.75000e+00, 0.00000e+00, 0.00000e+00
1.76000e+00, 1.78000e+00, 1.77000e+00, 0.00000e+00, 0.00000e+00
1.78000e+00, 1.80000e+00, 1.79000e+00, 0.00000e+00, 0.00000e+00
1.80000e+00, 1.82000e+00, 1.81000e+00, 0.00000e+00, 0.00000e+00
1.82000e+00, 1.84000e+00, 1.83000e+00, 0.00000e+00, 0.00000e+00
1.84000e+00, 1.86000e+00, 1.85000e+00, 0.00000e+00, 0.00000e+00
1.86000e+00, 1.88000e+00, 1.87000e+00, 0.00000e+00, 0.00000e+00
1.88000e+00, 1.90000e+00, 1.89000e+00, 0.00000e+00, 0.00000e+00
1.90000e+00, 1.92000e+00, 1.91000e+00, 0.00000e+00, 0.00000e+00
1.92000e+00, 1.94000e+00, 1.93000e+00, 0.00000e+00, 0.00000e+00
1.94000e+00, 1.96000e+00, 1.95000e+00, 0.00000e+00, 0.00000e+00
1.96000e+00, 1.98000e+00, 1.97000e+00, 0.00000e+00, 0.00000e+00
1.98000e+00, 2.00000e+00, 1.99000e+00, 0.00000e+00, 0.00000e+00
