# time = 4.400000000000000e-01# start, end, pivot, particles, density
0.00000e+00, 2.00000e-02, 1.00000e-02, 0.00000e+00, 0.00000e+00
2.00000e-02, 4.00000e-02, 3.00000e-02, 0.00000e+00, 0.00000e+00
4.00000e-02, 6.00000e-02, 5.00000e-02, 0.00000e+00, 0.00000e+00
6.00000e-02, 8.00000e-02, 7.00000e-02, 0.00000e+00, 0.00000e+00
8.00000e-02, 1.00000e-01, 9.00000e-02, 0.00000e+00, 0.00000e+00
1.00000e-01, 1.20000e-01, 1.10000e-01, 2.27374e-15, 1.13687e-13
1.20000e-01, 1.40000e-01, 1.30000e-01, 1.02318e-13, 5.11591e-12
1.40000e-01, 1.60000e-01, 1.50000e-01, 2.25327e-12, 1.12664e-10
1.60000e-01, 1.80000e-01, 1.70000e-01, 3.23666e-11, 1.61833e-09
1.80000e-01, 2.00000e-01, 1.90000e-01, 3.41029e-10, 1.70514e-08
2.00000e-01, 2.20000e-01, 2.10000e-01, 2.81032e-09, 1.40516e-07
2.20000e-01, 2.40000e-01, 2.30000e-01, 1.88608e-08, 9.43038e-07
2.40000e-01, 2.60000e-01, 2.50000e-01, 1.05992e-07, 5.29958e-06
2.60000e-01, 2.80000e-01, 2.70000e-01, 5.08972e-07, 2.54486e-05
2.80000e-01, 3.00000e-01, 2.90000e-01, 2.12089e-06, 1.06045e-04
3.00000e-01, 3.20000e-01, 3.10000e-01, 7.76262e-06, 3.88131e-04
3.20000e-01, 3.40000e-01, 3.30000e-01, 2.52007e-05, 1.26003e-03
3.40000e-01, 3.60000e-01, 3.50000e-01, 7.31553e-05, 3.65777e-03
3.60000e-01, 3.80000e-01, 3.70000e-01, 1.91198e-04, 9.55988e-03
3.80000e-01, 4.00000e-01, 3.90000e-01, 4.52577e-04, 2.26288e-02
4.00000e-01, 4.20000e-01, 4.10000e-01, 9.75335e-04, 4.87668e-02
4.20000e-01, 4.40000e-01, 4.30000e-01, 1.92284e-03, 9.61418e-02
4.40000e-01, 4.60000e-01, 4.50000e-01, 3.48342e-03, 1.74171e-01
4.60000e-01, 4.80000e-01, 4.70000e-01, 5.82430e-03, 2.91215e-01
4.80000e-01, 5.00000e-01, 4.90000e-01, 9.02762e-03, 4.51381e-01
5.00000e-01, 5.20000e-01, 5.10000e-01, 1.30318e-02, 6.51588e-01
5.20000e-01, 5.40000e-01, 5.30000e-01, 1.76079e-02, 8.80396e-01
5.40000e-01, 5.60000e-01, 5.50000e-01, 2.23921e-02, 1.11960e+00
5.60000e-01, 5.80000e-01, 5.70000e-01, 2.69682e-02, 1.34841e+00
5.80000e-01, 6.00000e-01, 5.90000e-01, 3.09724e-02, 1.54862e+00
6.00000e-01, 6.20000e-01, 6.10000e-01, 3.41757e-02, 1.70878e+00
6.20000e-01, 6.40000e-01, 6.30000e-01, 3.65166e-02, 1.82583e+00
6.40000e-01, 6.60000e-01, 6.50000e-01, 3.80772e-02, 1.90386e+00
6.60000e-01, 6.80000e-01, 6.70000e-01, 3.90247e-02, 1.95123e+00
6.80000e-01, 7.00000e-01, 6.90000e-01, 3.95474e-02, 1.97737e+00
7.00000e-01, 7.20000e-01, 7.10000e-01, 3.98088e-02, 1.99044e+00
7.20000e-01, 7.40000e-01, 7.30000e-01, 3.99268e-02, 1.99634e+00
7.40000e-01, 7.60000e-01, 7.50000e-01, 3.99747e-02, 1.99873e+00
7.60000e-01, 7.80000e-01, 7.70000e-01, 3.99917e-02, 1.99959e+00
7.80000e-01, 8.00000e-01, 7.90000e-01, 3.99958e-02, 1.99979e+00
8.00000e-01, 8.20000e-01, 8.10000e-01, 3.99917e-02, 1.99959e+00
8.20000e-01, 8.40000e-01, 8.30000e-01, 3.99747e-02, 1.99873e+00
8.40000e-01, 8.60000e-01, 8.50000e-01, 3.99268e-02, 1.99634e+00
8.60000e-01, 8.80000e-01, 8.70000e-01, 3.98088e-02, 1.99044e+00
8.80000e-01, 9.00000e-01, 8.90000e-01, 3.95474e-02, 1.97737e+00
9.00000e-01, 9.20000e-01, 9.10000e-01, 3.90247e-02, 1.95123e+00
9.20000e-01, 9.40000e-01, 9.30000e-01, 3.80772e-02, 1.90386e+00
9.40000e-01, 9.60000e-01, 9.50000e-01, 3.65166e-02, 1.82583e+00
9.60000e-01, 9.80000e-01, 9.70000e-01, 3.41757e-02, 1.70878e+00
9.80000e-01, 1.00000e+00, 9.90000e-01, 3.09724e-02, 1.54862e+00
1.00000e+00, 1.02000e+00, 1.01000e+00, 2.69682e-02, 1.34841e+00
1.02000e+00, 1.04000e+00, 1.03000e+00, 2.23921e-02, 1.11960e+00
1.04000e+00, 1.06000e+00, 1.05000e+00, 1.76079e-02, 8.80396e-01
1.06000e+00, 1.08000e+00, 1.07000e+00, 1.30318e-02, 6.51588e-01
1.08000e+00, 1.10000e+00, 1.09000e+00, 9.02762e-03, 4.51381e-01
1.10000e+00, 1.12000e+00, 1.11000e+00, 5.82430e-03, 2.91215e-01
1.12000e+00, 1.14000e+00, 1.13000e+00, 3.48342e-03, 1.74171e-01
1.14000e+00, 1.16000e+00, 1.15000e+00, 1.92284e-03, 9.61418e-02
1.16000e+00, 1.18000e+00, 1.17000e+00, 9.75335e-04, 4.87668e-02
1.18000e+00, 1.20000e+00, 1.19000e+00, 4.52577e-04, 2.26288e-02
1.20000e+00, 1.22000e+00, 1.21000e+00, 1.91198e-04, 9.55988e-03
1.22000e+00, 1.24000e+00, 1.23000e+00, 7.31553e-05, 3.65777e-03
1.24000e+00, 1.26000e+00, 1.25000e+00, 2.52007e-05, 1.26003e-03
1.26000e+00, 1.28000e+00, 1.27000e+00, 7.76262e-06, 3.88131e-04
1.28000e+00, 1.30000e+00, 1.29000e+00, 2.12089e-06, 1.06045e-04
1.30000e+00, 1.32000e+00, 1.31000e+00, 5.08972e-07, 2.54486e-05
1.32000e+00, 1.34000e+00, 1.33000e+00, 1.05992e-07, 5.29958e-06
1.34000e+00, 1.36000e+00, 1.35000e+00, 1.88608e-08, 9.43038e-07
1.36000e+00, 1.38000e+00, 1.37000e+00, 2.81032e-09, 1.40516e-07
1.38000e+00, 1.40000e+00, 1.39000e+00, 3.41029e-10, 1.70514e-08
1.40000e+00, 1.42000e+00, 1.41000e+00, 3.23666e-11, 1.61833e-09
1.42000e+00, 1.44000e+00, 1.43000e+00, 2.25327e-12, 1.12664e-10
1.44000e+00, 1.46000e+00, 1.45000e+00, 1.02318e-13, 5.11591e-12
1.46000e+00, 1.48000e+00, 1.47000e+00, 2.27374e-15, 1.13687e-13
1.48000e+00, 1.50000e+00, 1.49000e+00, 0.00000e+00, 0.00000e+00
1.50000e+00, 1.52000e+00, 1.51000e+00, 0.00000e+00, 0.00000e+00
1.52000e+00, 1.54000e+00, 1.53000e+00, 0.00000e+00, 0.00000e+00
1.54000e+00, 1.56000e+00, 1.55000e+00, 0.00000e+00, 0.00000e+00
1.56000e+00, 1.58000e+00, 1.57000e+00, 0.00000e+00, 0.00000e+00
1.58000e+00, 1.60000e+00, 1.59000e+00, 0.00000e+00, 0.00000e+00
1.60000e+00, 1.62000e+00, 1.61000e+00, 0.00000e+00, 0.00000e+00
1.62000e+00, 1.64000e+00, 1.63000e+00, 0.00000e+00, 0.00000e+00
1.64000e+00, 1.66000e+00, 1.65000e+00, 0.00000e+00, 0.00000e+00
1.66000e+00, 1.68000e+00, 1.67000e+00, 0.00000e+00, 0.00000e+00
1.68000e+00, 1.70000e+00, 1.69000e+00, 0.00000e+00, 0.00000e+00
1.70000e+00, 1.72000e+00, 1.71000e+00, 0.00000e+00, 0.00000e+00
1.72000e+00, 1.74000e+00, 1.73000e+00, 0.00000e+00, 0.00000e+00
1.74000e+00, 1.76000e+00, 1.75000e+00, 0.00000e+00, 0.00000e+00
1.76000e+00, 1.78000e+00, 1.77000e+00, 0.00000e+00, 0.00000e+00
1.78000e+00, 1.80000e+00, 1.79000e+00, 0.00000e+00, 0.00000e+00
1.80000e+00, 1.82000e+00, 1.81000e+00, 0.00000e+00, 0.00000e+00
1.82000e+00, 1.84000e+00, 1.83000e+00, 0.00000e+00, 0.00000e+00
1.84000e+00, 1.86000e+00, 1.85000e+00, 0.00000e+00, 0.00000e+00
1.86000e+00, 1.88000e+00, 1.87000e+00, 0.00000e+00, 0.00000e+00
1.88000e+00, 1.90000e+00, 1.89000e+00, 0.00000e+00, 0.00000e+00
1.90000e+00, 1.92000e+00, 1.91000e+00, 0.00000e+00, 0.00000e+00
1.92000e+00, 1.94000e+00, 1.93000e+00, 0.00000e+00, 0.00000e+00
1.94000e+00, 1.96000e+00, 1.95000e+00, 0.00000e+00, 0.00000e+00
1.96000e+00, 1.98000e+00, 1.97000e+00, 0.00000e+00, 0.00000e+00
1.98000e+00, 2.00000e+00, 1.99000e+00, 0.00000e+00, 0.00000e+00
