# time = 8.700000000000000e-01# start, end, pivot, particles, density
0.00000e+00, 2.00000e-02, 1.00000e-02, 0.00000e+00, 0.00000e+00
2.00000e-02, 4.00000e-02, 3.00000e-02, 0.00000e+00, 0.00000e+00
4.00000e-02, 6.00000e-02, 5.00000e-02, 0.00000e+00, 0.00000e+00
6.00000e-02, 8.00000e-02, 7.00000e-02, 0.00000e+00, 0.00000e+00
8.00000e-02, 1.00000e-01, 9.00000e-02, 0.00000e+00, 0.00000e+00
1.00000e-01, 1.20000e-01, 1.10000e-01, 0.00000e+00, 0.00000e+00
1.20000e-01, 1.40000e-01, 1.30000e-01, 0.00000e+00, 0.00000e+00
1.40000e-01, 1.60000e-01, 1.50000e-01, 0.00000e+00, 0.00000e+00
1.60000e-01, 1.80000e-01, 1.70000e-01, 0.00000e+00, 0.00000e+00
1.80000e-01, 2.00000e-01, 1.90000e-01, 0.00000e+00, 0.00000e+00
2.00000e-01, 2.20000e-01, 2.10000e-01, 0.00000e+00, 0.00000e+00
2.20000e-01, 2.40000e-01, 2.30000e-01, 0.00000e+00, 0.00000e+00
2.40000e-01, 2.60000e-01, 2.50000e-01, 0.00000e+00, 0.00000e+00
2.60000e-01, 2.80000e-01, 2.70000e-01, 0.00000e+00, 0.00000e+00
2.80000e-01, 3.00000e-01, 2.90000e-01, 0.00000e+00, 0.00000e+00
3.00000e-01, 3.20000e-01, 3.10000e-01, 0.00000e+00, 0.00000e+00
3.20000e-01, 3.40000e-01, 3.30000e-01, 0.00000e+00, 0.00000e+00
3.40000e-01, 3.60000e-01, 3.50000e-01, 0.00000e+00, 0.00000e+00
3.60000e-01, 3.80000e-01, 3.70000e-01, 0.00000e+00, 0.00000e+00
3.80000e-01, 4.00000e-01, 3.90000e-01, 0.00000e+00, 0.00000e+00
4.00000e-01, 4.20000e-01, 4.10000e-01, 0.00000e+00, 0.00000e+00
4.20000e-01, 4.40000e-01, 4.30000e-01, 0.00000e+00, 0.00000e+00
4.40000e-01, 4.60000e-01, 4.50000e-01, 0.00000e+00, 0.00000e+00
4.60000e-01, 4.80000e-01, 4.70000e-01, 0.00000e+00, 0.00000e+00
4.80000e-01, 5.00000e-01, 4.90000e-01, 0.00000e+00, 0.00000e+00
5.00000e-01, 5.20000e-01, 5.10000e-01, 0.00000e+00, 0.00000e+00
5.20000e-01, 5.40000e-01, 5.30000e-01, 0.00000e+00, 0.00000e+00
5.40000e-01, 5.60000e-01, 5.50000e-01, 0.00000e+00, 0.00000e+00
5.60000e-01, 5.80000e-01, 5.70000e-01, 7.58823e-02, 3.79412e+00
5.80000e-01, 6.00000e-01, 5.90000e-01, 1.91262e-01, 9.56311e+00
6.00000e-01, 6.20000e-01, 6.10000e-01, 8.91662e-02, 4.45831e+00
6.20000e-01, 6.40000e-01, 6.30000e-01, 0.00000e+00, 0.00000e+00
6.40000e-01, 6.60000e-01, 6.50000e-01, 1.11002e-01, 5.55011e+00
6.60000e-01, 6.80000e-01, 6.70000e-01, 5.37573e-01, 2.68786e+01
6.80000e-01, 7.00000e-01, 6.90000e-01, 4.10968e-01, 2.05484e+01
7.00000e-01, 7.20000e-01, 7.10000e-01, 4.65233e-02, 2.32617e+00
7.20000e-01, 7.40000e-01, 7.30000e-01, 0.00000e+00, 0.00000e+00
7.40000e-01, 7.60000e-01, 7.50000e-01, 5.41929e-01, 2.70964e+01
7.60000e-01, 7.80000e-01, 7.70000e-01, 8.10391e-01, 4.05195e+01
7.80000e-01, 8.00000e-01, 7.90000e-01, 3.75499e-01, 1.87749e+01
8.00000e-01, 8.20000e-01, 8.10000e-01, 0.00000e+00, 0.00000e+00
8.20000e-01, 8.40000e-01, 8.30000e-01, 3.64281e-02, 1.82141e+00
8.40000e-01, 8.60000e-01, 8.50000e-01, 7.37380e-01, 3.68690e+01
8.60000e-01, 8.80000e-01, 8.70000e-01, 9.25213e-01, 4.62607e+01
8.80000e-01, 9.00000e-01, 8.90000e-01, 4.57083e-01, 2.28542e+01
9.00000e-01, 9.20000e-01, 9.10000e-01, 4.53553e-02, 2.26777e+00
9.20000e-01, 9.40000e-01, 9.30000e-01, 0.00000e+00, 0.00000e+00
9.40000e-01, 9.60000e-01, 9.50000e-01, 5.09155e-01, 2.54577e+01
9.60000e-01, 9.80000e-01, 9.70000e-01, 9.71047e-01, 4.85524e+01
9.80000e-01, 1.00000e+00, 9.90000e-01, 7.83183e-01, 3.91592e+01
1.00000e+00, 1.02000e+00, 1.01000e+00, 3.04371e-01, 1.52186e+01
1.02000e+00, 1.04000e+00, 1.03000e+00, 2.45670e-02, 1.22835e+00
1.04000e+00, 1.06000e+00, 1.05000e+00, 0.00000e+00, 0.00000e+00
1.06000e+00, 1.08000e+00, 1.07000e+00, 3.53451e-01, 1.76726e+01
1.08000e+00, 1.10000e+00, 1.09000e+00, 7.50694e-01, 3.75347e+01
1.10000e+00, 1.12000e+00, 1.11000e+00, 7.42863e-01, 3.71432e+01
1.12000e+00, 1.14000e+00, 1.13000e+00, 4.57809e-01, 2.28905e+01
1.14000e+00, 1.16000e+00, 1.15000e+00, 1.75799e-01, 8.78996e+00
1.16000e+00, 1.18000e+00, 1.17000e+00, 2.67370e-02, 1.33685e+00
1.18000e+00, 1.20000e+00, 1.19000e+00, 0.00000e+00, 0.00000e+00
1.20000e+00, 1.22000e+00, 1.21000e+00, 5.91440e-02, 2.95720e+00
1.22000e+00, 1.24000e+00, 1.23000e+00, 2.32553e-01, 1.16276e+01
1.24000e+00, 1.26000e+00, 1.25000e+00, 3.26557e-01, 1.63279e+01
1.26000e+00, 1.28000e+00, 1.27000e+00, 3.10545e-01, 1.55272e+01
1.28000e+00, 1.30000e+00, 1.29000e+00, 2.34506e-01, 1.17253e+01
1.30000e+00, 1.32000e+00, 1.31000e+00, 1.50210e-01, 7.51051e+00
1.32000e+00, 1.34000e+00, 1.33000e+00, 8.44790e-02, 4.22395e+00
1.34000e+00, 1.36000e+00, 1.35000e+00, 4.25881e-02, 2.12940e+00
1.36000e+00, 1.38000e+00, 1.37000e+00, 1.95079e-02, 9.75393e-01
1.38000e+00, 1.40000e+00, 1.39000e+00, 8.19648e-03, 4.09824e-01
1.40000e+00, 1.42000e+00, 1.41000e+00, 3.18089e-03, 1.59044e-01
1.42000e+00, 1.44000e+00, 1.43000e+00, 1.14616e-03, 5.73081e-02
1.44000e+00, 1.46000e+00, 1.45000e+00, 3.85021e-04, 1.92510e-02
1.46000e+00, 1.48000e+00, 1.47000e+00, 1.20963e-04, 6.04817e-03
1.48000e+00, 1.50000e+00, 1.49000e+00, 3.56346e-05, 1.78173e-03
1.50000e+00, 1.52000e+00, 1.51000e+00, 9.86362e-06, 4.93181e-04
1.52000e+00, 1.54000e+00, 1.53000e+00, 2.56967e-06, 1.28484e-04
1.54000e+00, 1.56000e+00, 1.55000e+00, 6.30937e-07, 3.15468e-05
1.56000e+00, 1.58000e+00, 1.57000e+00, 1.46163e-07, 7.30813e-06
1.58000e+00, 1.60000e+00, 1.59000e+00, 3.19746e-08, 1.59873e-06
1.60000e+00, 1.62000e+00, 1.61000e+00, 6.60975e-09, 3.30488e-07
1.62000e+00, 1.64000e+00, 1.63000e+00, 1.29179e-09, 6.45895e-08
1.64000e+00, 1.66000e+00, 1.65000e+00, 2.38767e-10, 1.19383e-08
1.66000e+00, 1.68000e+00, 1.67000e+00, 4.17464e-11, 2.08732e-09
1.68000e+00, 1.70000e+00, 1.69000e+00, 6.90485e-12, 3.45243e-10
1.70000e+00, 1.72000e+00, 1.71000e+00, 1.08032e-12, 5.40160e-11
1.72000e+00, 1.74000e+00, 1.73000e+00, 1.59853e-13, 7.99266e-12
1.74000e+00, 1.76000e+00, 1.75000e+00, 2.23577e-14, 1.11788e-12
1.76000e+00, 1.78000e+00, 1.77000e+00, 2.95319e-15, 1.47660e-13
1.78000e+00, 1.80000e+00, 1.79000e+00, 3.68594e-16, 1.84297e-14
1.80000e+00, 1.82000e+00, 1.81000e+00, 4.10783e-17, 2.05391e-15
1.82000e+00, 1.84000e+00, 1.83000e+00, 2.22045e-18, 1.11022e-16
1.84000e+00, 1.86000e+00, 1.85000e+00, 0.00000e+00, 0.00000e+00
1.86000e+00, 1.88000e+00, 1.87000e+00, 0.00000e+00, 0.00000e+00
1.88000e+00, 1.90000e+00, 1.89000e+00, 0.00000e+00, 0.00000e+00
1.90000e+00, 1.92000e+00, 1.91000e+00, 0.00000e+00, 0.00000e+00
1.92000e+00, 1.94000e+00, 1.93000e+00, 0.00000e+00, 0.00000e+00
1.94000e+00, 1.96000e+00, 1.95000e+00, 0.00000e+00, 0.00000e+00
1.96000e+00, 1.98000e+00, 1.97000e+00, 0.00000e+00, 0.00000e+00
1.98000e+00, 2.00000e+00, 1.99000e+00, 0.00000e+00, 0.00000e+00
