# time = 8.600000000000000e-01# start, end, pivot, particles, density
0.00000e+00, 2.00000e-02, 1.00000e-02, 0.00000e+00, 0.00000e+00
2.00000e-02, 4.00000e-02, 3.00000e-02, 0.00000e+00, 0.00000e+00
4.00000e-02, 6.00000e-02, 5.00000e-02, 0.00000e+00, 0.00000e+00
6.00000e-02, 8.00000e-02, 7.00000e-02, 0.00000e+00, 0.00000e+00
8.00000e-02, 1.00000e-01, 9.00000e-02, 0.00000e+00, 0.00000e+00
1.00000e-01, 1.20000e-01, 1.10000e-01, 5.16988e-28, 2.58494e-26
1.20000e-01, 1.40000e-01, 1.30000e-01, 4.49779e-26, 2.24890e-24
1.40000e-01, 1.60000e-01, 1.50000e-01, 1.93457e-24, 9.67284e-23
1.60000e-01, 1.80000e-01, 1.70000e-01, 5.48431e-23, 2.74216e-21
1.80000e-01, 2.00000e-01, 1.90000e-01, 1.15270e-21, 5.76348e-20
2.00000e-01, 2.20000e-01, 2.10000e-01, 1.91575e-20, 9.57874e-19
2.20000e-01, 2.40000e-01, 2.30000e-01, 2.62222e-19, 1.31111e-17
2.40000e-01, 2.60000e-01, 2.50000e-01, 3.04010e-18, 1.52005e-16
2.60000e-01, 2.80000e-01, 2.70000e-01, 3.04717e-17, 1.52358e-15
2.80000e-01, 3.00000e-01, 2.90000e-01, 2.68212e-16, 1.34106e-14
3.00000e-01, 3.20000e-01, 3.10000e-01, 2.09881e-15, 1.04941e-13
3.20000e-01, 3.40000e-01, 3.30000e-01, 1.47466e-14, 7.37330e-13
3.40000e-01, 3.60000e-01, 3.50000e-01, 9.37952e-14, 4.68976e-12
3.60000e-01, 3.80000e-01, 3.70000e-01, 5.43764e-13, 2.71882e-11
3.80000e-01, 4.00000e-01, 3.90000e-01, 2.89003e-12, 1.44502e-10
4.00000e-01, 4.20000e-01, 4.10000e-01, 1.41521e-11, 7.07606e-10
4.20000e-01, 4.40000e-01, 4.30000e-01, 6.41276e-11, 3.20638e-09
4.40000e-01, 4.60000e-01, 4.50000e-01, 2.69909e-10, 1.34955e-08
4.60000e-01, 4.80000e-01, 4.70000e-01, 1.05874e-09, 5.29369e-08
4.80000e-01, 5.00000e-01, 4.90000e-01, 3.88191e-09, 1.94096e-07
5.00000e-01, 5.20000e-01, 5.10000e-01, 1.33396e-08, 6.66978e-07
5.20000e-01, 5.40000e-01, 5.30000e-01, 4.30636e-08, 2.15318e-06
5.40000e-01, 5.60000e-01, 5.50000e-01, 1.30885e-07, 6.54423e-06
5.60000e-01, 5.80000e-01, 5.70000e-01, 3.75256e-07, 1.87628e-05
5.80000e-01, 6.00000e-01, 5.90000e-01, 1.01673e-06, 5.08365e-05
6.00000e-01, 6.20000e-01, 6.10000e-01, 2.60759e-06, 1.30379e-04
6.20000e-01, 6.40000e-01, 6.30000e-01, 6.33999e-06, 3.16999e-04
6.40000e-01, 6.60000e-01, 6.50000e-01, 1.46342e-05, 7.31710e-04
6.60000e-01, 6.80000e-01, 6.70000e-01, 3.21113e-05, 1.60556e-03
6.80000e-01, 7.00000e-01, 6.90000e-01, 6.70655e-05, 3.35327e-03
7.00000e-01, 7.20000e-01, 7.10000e-01, 1.33478e-04, 6.67392e-03
7.20000e-01, 7.40000e-01, 7.30000e-01, 2.53450e-04, 1.26725e-02
7.40000e-01, 7.60000e-01, 7.50000e-01, 4.59652e-04, 2.29826e-02
7.60000e-01, 7.80000e-01, 7.70000e-01, 7.97073e-04, 3.98536e-02
7.80000e-01, 8.00000e-01, 7.90000e-01, 1.32305e-03, 6.61526e-02
8.00000e-01, 8.20000e-01, 8.10000e-01, 2.10451e-03, 1.05225e-01
8.20000e-01, 8.40000e-01, 8.30000e-01, 3.21157e-03, 1.60578e-01
8.40000e-01, 8.60000e-01, 8.50000e-01, 4.70760e-03, 2.35380e-01
8.60000e-01, 8.80000e-01, 8.70000e-01, 6.63669e-03, 3.31834e-01
8.80000e-01, 9.00000e-01, 8.90000e-01, 9.01095e-03, 4.50548e-01
9.00000e-01, 9.20000e-01, 9.10000e-01, 1.18007e-02, 5.90036e-01
9.20000e-01, 9.40000e-01, 9.30000e-01, 1.49307e-02, 7.46534e-01
9.40000e-01, 9.60000e-01, 9.50000e-01, 1.82842e-02, 9.14212e-01
9.60000e-01, 9.80000e-01, 9.70000e-01, 2.17158e-02, 1.08579e+00
9.80000e-01, 1.00000e+00, 9.90000e-01, 2.50693e-02, 1.25347e+00
1.00000e+00, 1.02000e+00, 1.01000e+00, 2.81993e-02, 1.40996e+00
1.02000e+00, 1.04000e+00, 1.03000e+00, 3.09890e-02, 1.54945e+00
1.04000e+00, 1.06000e+00, 1.05000e+00, 3.33632e-02, 1.66816e+00
1.06000e+00, 1.08000e+00, 1.07000e+00, 3.52920e-02, 1.76460e+00
1.08000e+00, 1.10000e+00, 1.09000e+00, 3.67874e-02, 1.83937e+00
1.10000e+00, 1.12000e+00, 1.11000e+00, 3.78929e-02, 1.89464e+00
1.12000e+00, 1.14000e+00, 1.13000e+00, 3.86706e-02, 1.93353e+00
1.14000e+00, 1.16000e+00, 1.15000e+00, 3.91883e-02, 1.95941e+00
1.16000e+00, 1.18000e+00, 1.17000e+00, 3.95082e-02, 1.97541e+00
1.18000e+00, 1.20000e+00, 1.19000e+00, 3.96795e-02, 1.98397e+00
1.20000e+00, 1.22000e+00, 1.21000e+00, 3.97330e-02, 1.98665e+00
1.22000e+00, 1.24000e+00, 1.23000e+00, 3.96795e-02, 1.98397e+00
1.24000e+00, 1.26000e+00, 1.25000e+00, 3.95082e-02, 1.97541e+00
1.26000e+00, 1.28000e+00, 1.27000e+00, 3.91883e-02, 1.95941e+00
1.28000e+00, 1.30000e+00, 1.29000e+00, 3.86706e-02, 1.93353e+00
1.30000e+00, 1.32000e+00, 1.31000e+00, 3.78929e-02, 1.89464e+00
1.32000e+00, 1.34000e+00, 1.33000e+00, 3.67874e-02, 1.83937e+00
1.34000e+00, 1.36000e+00, 1.35000e+00, 3.52920e-02, 1.76460e+00
1.36000e+00, 1.38000e+00, 1.37000e+00, 3.33632e-02, 1.66816e+00
1.38000e+00, 1.40000e+00, 1.39000e+00, 3.09890e-02, 1.54945e+00
1.40000e+00, 1.42000e+00, 1.41000e+00, 2.81993e-02, 1.40996e+00
1.42000e+00, 1.44000e+00, 1.43000e+00, 2.50693e-02, 1.25347e+00
1.44000e+00, 1.46000e+00, 1.45000e+00, 2.17158e-02, 1.08579e+00
1.46000e+00, 1.48000e+00, 1.47000e+00, 1.82842e-02, 9.14212e-01
1.48000e+00, 1.50000e+00, 1.49000e+00, 1.49307e-02, 7.46534e-01
1.50000e+00, 1.52000e+00, 1.51000e+00, 1.18007e-02, 5.90036e-01
1.52000e+00, 1.54000e+00, 1.53000e+00, 9.01095e-03, 4.50548e-01
1.54000e+00, 1.56000e+00, 1.55000e+00, 6.63669e-03, 3.31834e-01
1.56000e+00, 1.58000e+00, 1.57000e+00, 4.70760e-03, 2.35380e-01
1.58000e+00, 1.60000e+00, 1.59000e+00, 3.21157e-03, 1.60578e-01
1.60000e+00, 1.62000e+00, 1.61000e+00, 2.10451e-03, 1.05225e-01
1.62000e+00, 1.64000e+00, 1.63000e+00, 1.32305e-03, 6.61526e-02
1.64000e+00, 1.66000e+00, 1.65000e+00, 7.97073e-04, 3.98536e-02
1.66000e+00, 1.68000e+00, 1.67000e+00, 4.59652e-04, 2.29826e-02
1.68000e+00, 1.70000e+00, 1.69000e+00, 2.53450e-04, 1.26725e-02
1.70000e+00, 1.72000e+00, 1.71000e+00, 1.33478e-04, 6.67392e-03
1.72000e+00, 1.74000e+00, 1.73000e+00, 6.70655e-05, 3.35327e-03
1.74000e+00, 1.76000e+00, 1.75000e+00, 3.21113e-05, 1.60556e-03
1.76000e+00, 1.78000e+00, 1.77000e+00, 1.46342e-05, 7.31710e-04
1.78000e+00, 1.80000e+00, 1.79000e+00, 6.33999e-06, 3.16999e-04
1.80000e+00, 1.82000e+00, 1.81000e+00, 2.60759e-06, 1.30379e-04
1.82000e+00, 1.84000e+00, 1.83000e+00, 1.01673e-06, 5.08365e-05
1.84000e+00, 1.86000e+00, 1.85000e+00, 3.75256e-07, 1.87628e-05
1.86000e+00, 1.88000e+00, 1.87000e+00, 1.30885e-07, 6.54423e-06
1.88000e+00, 1.90000e+00, 1.89000e+00, 4.30636e-08, 2.15318e-06
1.90000e+00, 1.92000e+00, 1.91000e+00, 1.33396e-08, 6.66978e-07
1.92000e+00, 1.94000e+00, 1.93000e+00, 3.88191e-09, 1.94096e-07
1.94000e+00, 1.96000e+00, 1.95000e+00, 1.05874e-09, 5.29369e-08
1.96000e+00, 1.98000e+00, 1.97000e+00, 2.69909e-10, 1.34955e-08
1.98000e+00, 2.00000e+00, 1.99000e+00, 5.24027e-11, 2.62013e-09
