# time = 3.400000000000000e-01# start, end, pivot, particles, density
0.00000e+00, 2.00000e-02, 1.00000e-02, 0.00000e+00, 0.00000e+00
2.00000e-02, 4.00000e-02, 3.00000e-02, 0.00000e+00, 0.00000e+00
4.00000e-02, 6.00000e-02, 5.00000e-02, 0.00000e+00, 0.00000e+00
6.00000e-02, 8.00000e-02, 7.00000e-02, 0.00000e+00, 0.00000e+00
8.00000e-02, 1.00000e-01, 9.00000e-02, 0.00000e+00, 0.00000e+00
1.00000e-01, 1.20000e-01, 1.10000e-01, 0.00000e+00, 0.00000e+00
1.20000e-01, 1.40000e-01, 1.30000e-01, 0.00000e+00, 0.00000e+00
1.40000e-01, 1.60000e-01, 1.50000e-01, 0.00000e+00, 0.00000e+00
1.60000e-01, 1.80000e-01, 1.70000e-01, 0.00000e+00, 0.00000e+00
1.80000e-01, 2.00000e-01, 1.90000e-01, 0.00000e+00, 0.00000e+00
2.00000e-01, 2.20000e-01, 2.10000e-01, 0.00000e+00, 0.00000e+00
2.20000e-01, 2.40000e-01, 2.30000e-01, 0.00000e+00, 0.00000e+00
2.40000e-01, 2.60000e-01, 2.50000e-01, 0.00000e+00, 0.00000e+00
2.60000e-01, 2.80000e-01, 2.70000e-01, 0.00000e+00, 0.00000e+00
2.80000e-01, 3.00000e-01, 2.90000e-01, 0.00000e+00, 0.00000e+00
3.00000e-01, 3.20000e-01, 3.10000e-01, 0.00000e+00, 0.00000e+00
3.20000e-01, 3.40000e-01, 3.30000e-01, 0.00000e+00, 0.00000e+00
3.40000e-01, 3.60000e-01, 3.50000e-01, 2.75789e-02, 1.37895e+00
3.60000e-01, 3.80000e-01, 3.70000e-01, 0.00000e+00, 0.00000e+00
3.80000e-01, 4.00000e-01, 3.90000e-01, 1.02087e-02, 5.10437e-01
4.00000e-01, 4.20000e-01, 4.10000e-01, 7.83759e-02, 3.91880e+00
4.20000e-01, 4.40000e-01, 4.30000e-01, 3.45349e-03, 1.72674e-01
4.40000e-01, 4.60000e-01, 4.50000e-01, 3.62112e-02, 1.81056e+00
4.60000e-01, 4.80000e-01, 4.70000e-01, 9.95722e-02, 4.97861e+00
4.80000e-01, 5.00000e-01, 4.90000e-01, 1.25539e-02, 6.27696e-01
5.00000e-01, 5.20000e-01, 5.10000e-01, 8.59477e-03, 4.29738e-01
5.20000e-01, 5.40000e-01, 5.30000e-01, 1.17200e-01, 5.85999e+00
5.40000e-01, 5.60000e-01, 5.50000e-01, 6.90934e-02, 3.45467e+00
5.60000e-01, 5.80000e-01, 5.70000e-01, 0.00000e+00, 0.00000e+00
5.80000e-01, 6.00000e-01, 5.90000e-01, 5.60420e-02, 2.80210e+00
6.00000e-01, 6.20000e-01, 6.10000e-01, 1.45926e-01, 7.29628e+00
6.20000e-01, 6.40000e-01, 6.30000e-01, 7.46447e-02, 3.73223e+00
6.40000e-01, 6.60000e-01, 6.50000e-01, 0.00000e+00, 0.00000e+00
6.60000e-01, 6.80000e-01, 6.70000e-01, 2.21200e-02, 1.10600e+00
6.80000e-01, 7.00000e-01, 6.90000e-01, 1.39231e-01, 6.96153e+00
7.00000e-01, 7.20000e-01, 7.10000e-01, 1.50417e-01, 7.52086e+00
7.20000e-01, 7.40000e-01, 7.30000e-01, 6.68167e-02, 3.34084e+00
7.40000e-01, 7.60000e-01, 7.50000e-01, 6.08640e-03, 3.04320e-01
7.60000e-01, 7.80000e-01, 7.70000e-01, 0.00000e+00, 0.00000e+00
7.80000e-01, 8.00000e-01, 7.90000e-01, 5.85407e-02, 2.92704e+00
8.00000e-01, 8.20000e-01, 8.10000e-01, 1.19481e-01, 5.97404e+00
8.20000e-01, 8.40000e-01, 8.30000e-01, 1.21320e-01, 6.06600e+00
8.40000e-01, 8.60000e-01, 8.50000e-01, 8.56229e-02, 4.28115e+00
8.60000e-01, 8.80000e-01, 8.70000e-01, 4.68422e-02, 2.34211e+00
8.80000e-01, 9.00000e-01, 8.90000e-01, 2.08981e-02, 1.04491e+00
9.00000e-01, 9.20000e-01, 9.10000e-01, 7.81930e-03, 3.90965e-01
9.20000e-01, 9.40000e-01, 9.30000e-01, 2.49565e-03, 1.24783e-01
9.40000e-01, 9.60000e-01, 9.50000e-01, 6.86779e-04, 3.43389e-02
9.60000e-01, 9.80000e-01, 9.70000e-01, 1.64063e-04, 8.20315e-03
9.80000e-01, 1.00000e+00, 9.90000e-01, 3.41594e-05, 1.70797e-03
1.00000e+00, 1.02000e+00, 1.01000e+00, 6.21064e-06, 3.10532e-04
1.02000e+00, 1.04000e+00, 1.03000e+00, 9.86115e-07, 4.93058e-05
1.04000e+00, 1.06000e+00, 1.05000e+00, 1.36521e-07, 6.82607e-06
1.06000e+00, 1.08000e+00, 1.07000e+00, 1.64264e-08, 8.21320e-07
1.08000e+00, 1.10000e+00, 1.09000e+00, 1.70901e-09, 8.54503e-08
1.10000e+00, 1.12000e+00, 1.11000e+00, 1.52636e-10, 7.63181e-09
1.12000e+00, 1.14000e+00, 1.13000e+00, 1.15869e-11, 5.79343e-10
1.14000e+00, 1.16000e+00, 1.15000e+00, 7.37543e-13, 3.68772e-11
1.16000e+00, 1.18000e+00, 1.17000e+00, 3.86380e-14, 1.93190e-12
1.18000e+00, 1.20000e+00, 1.19000e+00, 1.62204e-15, 8.11018e-14
1.20000e+00, 1.22000e+00, 1.21000e+00, 5.21805e-17, 2.60902e-15
1.22000e+00, 1.24000e+00, 1.23000e+00, 1.11022e-18, 5.55112e-17
1.24000e+00, 1.26000e+00, 1.25000e+00, 0.00000e+00, 0.00000e+00
1.26000e+00, 1.28000e+00, 1.27000e+00, 0.00000e+00, 0.00000e+00
1.28000e+00, 1.30000e+00, 1.29000e+00, 0.00000e+00, 0.00000e+00
1.30000e+00, 1.32000e+00, 1.31000e+00, 0.00000e+00, 0.00000e+00
1.32000e+00, 1.34000e+00, 1.33000e+00, 0.00000e+00, 0.00000e+00
1.34000e+00, 1.36000e+00, 1.35000e+00, 0.00000e+00, 0.00000e+00
1.36000e+00, 1.38000e+00, 1.37000e+00, 0.00000e+00, 0.00000e+00
1.38000e+00, 1.40000e+00, 1.39000e+00, 0.00000e+00, 0.00000e+00
1.40000e+00, 1.42000e+00, 1.41000e+00, 0.00000e+00, 0.00000e+00
1.42000e+00, 1.44000e+00, 1.43000e+00, 0.00000e+00, 0.00000e+00
1.44000e+00, 1.46000e+00, 1.45000e+00, 0.00000e+00, 0.00000e+00
1.46000e+00, 1.48000e+00, 1.47000e+00, 0.00000e+00, 0.00000e+00
1.48000e+00, 1.50000e+00, 1.49000e+00, 0.00000e+00, 0.00000e+00
1.50000e+00, 1.52000e+00, 1.51000e+00, 0.00000e+00, 0.00000e+00
1.52000e+00, 1.54000e+00, 1.53000e+00, 0.00000e+00, 0.00000e+00
1.54000e+00, 1.56000e+00, 1.55000e+00, 0.00000e+00, 0.00000e+00
1.56000e+00, 1.58000e+00, 1.57000e+00, 0.00000e+00, 0.00000e+00
1.58000e+00, 1.60000e+00, 1.59000e+00, 0.00000e+00, 0.00000e+00
1.60000e+00, 1.62000e+00, 1.61000e+00, 0.00000e+00, 0.00000e+00
1.62000e+00, 1.64000e+00, 1.63000e+00, 0.00000e+00, 0.00000e+00
1.64000e+00, 1.66000e+00, 1.65000e+00, 0.00000e+00, 0.00000e+00
1.66000e+00, 1.68000e+00, 1.67000e+00, 0.00000e+00, 0.00000e+00
1.68000e+00, 1.70000e+00, 1.69000e+00, 0.00000e+00, 0.00000e+00
1.70000e+00, 1.72000e+00, 1.71000e+00, 0.00000e+00, 0.00000e+00
1.72000e+00, 1.74000e+00, 1.73000e+00, 0.00000e+00, 0.00000e+00
1.74000e+00, 1.76000e+00, 1.75000e+00, 0.00000e+00, 0.00000e+00
1.76000e+00, 1.78000e+00, 1.77000e+00, 0.00000e+00, 0.00000e+00
1.78000e+00, 1.80000e+00, 1.79000e+00, 0.00000e+00, 0.00000e+00
1.80000e+00, 1.82000e+00, 1.81000e+00, 0.00000e+00, 0.00000e+00
1.82000e+00, 1.84000e+00, 1.83000e+00, 0.00000e+00, 0.00000e+00
1.84000e+00, 1.86000e+00, 1.85000e+00, 0.00000e+00, 0.00000e+00
1.86000e+00, 1.88000e+00, 1.87000e+00, 0.00000e+00, 0.00000e+00
1.88000e+00, 1.90000e+00, 1.89000e+00, 0.00000e+00, 0.00000e+00
1.90000e+00, 1.92000e+00, 1.91000e+00, 0.00000e+00, 0.00000e+00
1.92000e+00, 1.94000e+00, 1.93000e+00, 0.00000e+00, 0.00000e+00
1.94000e+00, 1.96000e+00, 1.95000e+00, 0.00000e+00, 0.00000e+00
1.96000e+00, 1.98000e+00, 1.97000e+00, 0.00000e+00, 0.00000e+00
1.98000e+00, 2.00000e+00, 1.99000e+00, 0.00000e+00, 0.00000e+00
