# time = 6.900000000000001e-01# start, end, pivot, particles, density
0.00000e+00, 2.00000e-02, 1.00000e-02, 0.00000e+00, 0.00000e+00
2.00000e-02, 4.00000e-02, 3.00000e-02, 0.00000e+00, 0.00000e+00
4.00000e-02, 6.00000e-02, 5.00000e-02, 0.00000e+00, 0.00000e+00
6.00000e-02, 8.00000e-02, 7.00000e-02, 0.00000e+00, 0.00000e+00
8.00000e-02, 1.00000e-01, 9.00000e-02, 0.00000e+00, 0.00000e+00
1.00000e-01, 1.20000e-01, 1.10000e-01, 0.00000e+00, 0.00000e+00
1.20000e-01, 1.40000e-01, 1.30000e-01, 0.00000e+00, 0.00000e+00
1.40000e-01, 1.60000e-01, 1.50000e-01, 0.00000e+00, 0.00000e+00
1.60000e-01, 1.80000e-01, 1.70000e-01, 0.00000e+00, 0.00000e+00
1.80000e-01, 2.00000e-01, 1.90000e-01, 0.00000e+00, 0.00000e+00
2.00000e-01, 2.20000e-01, 2.10000e-01, 0.00000e+00, 0.00000e+00
2.20000e-01, 2.40000e-01, 2.30000e-01, 0.00000e+00, 0.00000e+00
2.40000e-01, 2.60000e-01, 2.50000e-01, 0.00000e+00, 0.00000e+00
2.60000e-01, 2.80000e-01, 2.70000e-01, 0.00000e+00, 0.00000e+00
2.80000e-01, 3.00000e-01, 2.90000e-01, 0.00000e+00, 0.00000e+00
3.00000e-01, 3.20000e-01, 3.10000e-01, 0.00000e+00, 0.00000e+00
3.20000e-01, 3.40000e-01, 3.30000e-01, 0.00000e+00, 0.00000e+00
3.40000e-01, 3.60000e-01, 3.50000e-01, 0.00000e+00, 0.00000e+00
3.60000e-01, 3.80000e-01, 3.70000e-01, 0.00000e+00, 0.00000e+00
3.80000e-01, 4.00000e-01, 3.90000e-01, 0.00000e+00, 0.00000e+00
4.00000e-01, 4.20000e-01, 4.10000e-01, 0.00000e+00, 0.00000e+00
4.20000e-01, 4.40000e-01, 4.30000e-01, 0.00000e+00, 0.00000e+00
4.40000e-01, 4.60000e-01, 4.50000e-01, 0.00000e+00, 0.00000e+00
4.60000e-01, 4.80000e-01, 4.70000e-01, 2.10712e-02, 1.05356e+00
4.80000e-01, 5.00000e-01, 4.90000e-01, 9.03297e-02, 4.51648e+00
5.00000e-01, 5.20000e-01, 5.10000e-01, 4.16399e-02, 2.08199e+00
5.20000e-01, 5.40000e-01, 5.30000e-01, 0.00000e+00, 0.00000e+00
5.40000e-01, 5.60000e-01, 5.50000e-01, 9.93942e-02, 4.96971e+00
5.60000e-01, 5.80000e-01, 5.70000e-01, 2.67875e-01, 1.33938e+01
5.80000e-01, 6.00000e-01, 5.90000e-01, 1.23703e-01, 6.18517e+00
6.00000e-01, 6.20000e-01, 6.10000e-01, 0.00000e+00, 0.00000e+00
6.20000e-01, 6.40000e-01, 6.30000e-01, 1.26482e-01, 6.32411e+00
6.40000e-01, 6.60000e-01, 6.50000e-01, 3.91232e-01, 1.95616e+01
6.60000e-01, 6.80000e-01, 6.70000e-01, 2.47004e-01, 1.23502e+01
6.80000e-01, 7.00000e-01, 6.90000e-01, 8.38855e-03, 4.19427e-01
7.00000e-01, 7.20000e-01, 7.10000e-01, 9.34153e-03, 4.67076e-01
7.20000e-01, 7.40000e-01, 7.30000e-01, 3.81796e-01, 1.90898e+01
7.40000e-01, 7.60000e-01, 7.50000e-01, 4.49789e-01, 2.24894e+01
7.60000e-01, 7.80000e-01, 7.70000e-01, 1.73532e-01, 8.67662e+00
7.80000e-01, 8.00000e-01, 7.90000e-01, 0.00000e+00, 0.00000e+00
8.00000e-01, 8.20000e-01, 8.10000e-01, 6.67455e-02, 3.33728e+00
8.20000e-01, 8.40000e-01, 8.30000e-01, 4.39657e-01, 2.19828e+01
8.40000e-01, 8.60000e-01, 8.50000e-01, 5.06111e-01, 2.53056e+01
8.60000e-01, 8.80000e-01, 8.70000e-01, 2.56833e-01, 1.28416e+01
8.80000e-01, 9.00000e-01, 8.90000e-01, 3.71631e-02, 1.85815e+00
9.00000e-01, 9.20000e-01, 9.10000e-01, 0.00000e+00, 0.00000e+00
9.20000e-01, 9.40000e-01, 9.30000e-01, 1.81970e-01, 9.09848e+00
9.40000e-01, 9.60000e-01, 9.50000e-01, 4.52191e-01, 2.26095e+01
9.60000e-01, 9.80000e-01, 9.70000e-01, 4.49842e-01, 2.24921e+01
9.80000e-01, 1.00000e+00, 9.90000e-01, 2.59126e-01, 1.29563e+01
1.00000e+00, 1.02000e+00, 1.01000e+00, 8.24033e-02, 4.12016e+00
1.02000e+00, 1.04000e+00, 1.03000e+00, 3.93605e-03, 1.96803e-01
1.04000e+00, 1.06000e+00, 1.05000e+00, 0.00000e+00, 0.00000e+00
1.06000e+00, 1.08000e+00, 1.07000e+00, 9.92283e-02, 4.96142e+00
1.08000e+00, 1.10000e+00, 1.09000e+00, 2.14637e-01, 1.07318e+01
1.10000e+00, 1.12000e+00, 1.11000e+00, 2.42784e-01, 1.21392e+01
1.12000e+00, 1.14000e+00, 1.13000e+00, 2.00092e-01, 1.00046e+01
1.14000e+00, 1.16000e+00, 1.15000e+00, 1.33819e-01, 6.69096e+00
1.16000e+00, 1.18000e+00, 1.17000e+00, 7.63551e-02, 3.81775e+00
1.18000e+00, 1.20000e+00, 1.19000e+00, 3.82245e-02, 1.91123e+00
1.20000e+00, 1.22000e+00, 1.21000e+00, 1.70853e-02, 8.54264e-01
1.22000e+00, 1.24000e+00, 1.23000e+00, 6.89907e-03, 3.44954e-01
1.24000e+00, 1.26000e+00, 1.25000e+00, 2.53788e-03, 1.26894e-01
1.26000e+00, 1.28000e+00, 1.27000e+00, 8.55723e-04, 4.27862e-02
1.28000e+00, 1.30000e+00, 1.29000e+00, 2.65698e-04, 1.32849e-02
1.30000e+00, 1.32000e+00, 1.31000e+00, 7.62398e-05, 3.81199e-03
1.32000e+00, 1.34000e+00, 1.33000e+00, 2.02725e-05, 1.01362e-03
1.34000e+00, 1.36000e+00, 1.35000e+00, 5.00598e-06, 2.50299e-04
1.36000e+00, 1.38000e+00, 1.37000e+00, 1.14983e-06, 5.74916e-05
1.38000e+00, 1.40000e+00, 1.39000e+00, 2.45965e-07, 1.22982e-05
1.40000e+00, 1.42000e+00, 1.41000e+00, 4.90434e-08, 2.45217e-06
1.42000e+00, 1.44000e+00, 1.43000e+00, 9.12014e-09, 4.56007e-07
1.44000e+00, 1.46000e+00, 1.45000e+00, 1.58220e-09, 7.91099e-08
1.46000e+00, 1.48000e+00, 1.47000e+00, 2.56079e-10, 1.28039e-08
1.48000e+00, 1.50000e+00, 1.49000e+00, 3.86589e-11, 1.93294e-09
1.50000e+00, 1.52000e+00, 1.51000e+00, 5.44121e-12, 2.72060e-10
1.52000e+00, 1.54000e+00, 1.53000e+00, 7.13539e-13, 3.56770e-11
1.54000e+00, 1.56000e+00, 1.55000e+00, 8.70981e-14, 4.35491e-12
1.56000e+00, 1.58000e+00, 1.57000e+00, 9.88321e-15, 4.94160e-13
1.58000e+00, 1.60000e+00, 1.59000e+00, 1.03695e-15, 5.18474e-14
1.60000e+00, 1.62000e+00, 1.61000e+00, 9.88098e-17, 4.94049e-15
1.62000e+00, 1.64000e+00, 1.63000e+00, 7.77156e-18, 3.88578e-16
1.64000e+00, 1.66000e+00, 1.65000e+00, 0.00000e+00, 0.00000e+00
1.66000e+00, 1.68000e+00, 1.67000e+00, 0.00000e+00, 0.00000e+00
1.68000e+00, 1.70000e+00, 1.69000e+00, 0.00000e+00, 0.00000e+00
1.70000e+00, 1.72000e+00, 1.71000e+00, 0.00000e+00, 0.00000e+00
1.72000e+00, 1.74000e+00, 1.73000e+00, 0.00000e+00, 0.00000e+00
1.74000e+00, 1.76000e+00, 1.75000e+00, 0.00000e+00, 0.00000e+00
1.76000e+00, 1.78000e+00, 1.77000e+00, 0.00000e+00, 0.00000e+00
1.78000e+00, 1.80000e+00, 1.79000e+00, 0.00000e+00, 0.00000e+00
1.80000e+00, 1.82000e+00, 1.81000e+00, 0.00000e+00, 0.00000e+00
1.82000e+00, 1.84000e+00, 1.83000e+00, 0.00000e+00, 0.00000e+00
1.84000e+00, 1.86000e+00, 1.85000e+00, 0.00000e+00, 0.00000e+00
1.86000e+00, 1.88000e+00, 1.87000e+00, 0.00000e+00, 0.00000e+00
1.88000e+00, 1.90000e+00, 1.89000e+00, 0.00000e+00, 0.00000e+00
1.90000e+00, 1.92000e+00, 1.91000e+00, 0.00000e+00, 0.00000e+00
1.92000e+00, 1.94000e+00, 1.93000e+00, 0.00000e+00, 0.00000e+00
1.94000e+00, 1.96000e+00, 1.95000e+00, 0.00000e+00, 0.00000e+00
1.96000e+00, 1.98000e+00, 1.97000e+00, 0.00000e+00, 0.00000e+00
1.98000e+00, 2.00000e+00, 1.99000e+00, 0.00000e+00, 0.00000e+00
