# time = 8.800000000000000e-01# start, end, pivot, particles, density
0.00000e+00, 2.00000e-02, 1.00000e-02, 0.00000e+00, 0.00000e+00
2.00000e-02, 4.00000e-02, 3.00000e-02, 0.00000e+00, 0.00000e+00
4.00000e-02, 6.00000e-02, 5.00000e-02, 0.00000e+00, 0.00000e+00
6.00000e-02, 8.00000e-02, 7.00000e-02, 0.00000e+00, 0.00000e+00
8.00000e-02, 1.00000e-01, 9.00000e-02, 0.00000e+00, 0.00000e+00
1.00000e-01, 1.20000e-01, 1.10000e-01, 1.29247e-28, 6.46235e-27
1.20000e-01, 1.40000e-01, 1.30000e-01, 1.15030e-26, 5.75149e-25
1.40000e-01, 1.60000e-01, 1.50000e-01, 5.06260e-25, 2.53130e-23
1.60000e-01, 1.80000e-01, 1.70000e-01, 1.46893e-23, 7.34465e-22
1.80000e-01, 2.00000e-01, 1.90000e-01, 3.16079e-22, 1.58040e-20
2.00000e-01, 2.20000e-01, 2.10000e-01, 5.37943e-21, 2.68971e-19
2.20000e-01, 2.40000e-01, 2.30000e-01, 7.54224e-20, 3.77112e-18
2.40000e-01, 2.60000e-01, 2.50000e-01, 8.95926e-19, 4.47963e-17
2.60000e-01, 2.80000e-01, 2.70000e-01, 9.20352e-18, 4.60176e-16
2.80000e-01, 3.00000e-01, 2.90000e-01, 8.30488e-17, 4.15244e-15
3.00000e-01, 3.20000e-01, 3.10000e-01, 6.66427e-16, 3.33213e-14
3.20000e-01, 3.40000e-01, 3.30000e-01, 4.80311e-15, 2.40155e-13
3.40000e-01, 3.60000e-01, 3.50000e-01, 3.13468e-14, 1.56734e-12
3.60000e-01, 3.80000e-01, 3.70000e-01, 1.86525e-13, 9.32627e-12
3.80000e-01, 4.00000e-01, 3.90000e-01, 1.01784e-12, 5.08919e-11
4.00000e-01, 4.20000e-01, 4.10000e-01, 5.11899e-12, 2.55949e-10
4.20000e-01, 4.40000e-01, 4.30000e-01, 2.38305e-11, 1.19152e-09
4.40000e-01, 4.60000e-01, 4.50000e-01, 1.03079e-10, 5.15395e-09
4.60000e-01, 4.80000e-01, 4.70000e-01, 4.15671e-10, 2.07835e-08
4.80000e-01, 5.00000e-01, 4.90000e-01, 1.56732e-09, 7.83662e-08
5.00000e-01, 5.20000e-01, 5.10000e-01, 5.54053e-09, 2.77027e-07
5.20000e-01, 5.40000e-01, 5.30000e-01, 1.84062e-08, 9.20308e-07
5.40000e-01, 5.60000e-01, 5.50000e-01, 5.75878e-08, 2.87939e-06
5.60000e-01, 5.80000e-01, 5.70000e-01, 1.70022e-07, 8.50111e-06
5.80000e-01, 6.00000e-01, 5.90000e-01, 4.74532e-07, 2.37266e-05
6.00000e-01, 6.20000e-01, 6.10000e-01, 1.25408e-06, 6.27038e-05
6.20000e-01, 6.40000e-01, 6.30000e-01, 3.14297e-06, 1.57149e-04
6.40000e-01, 6.60000e-01, 6.50000e-01, 7.48044e-06, 3.74022e-04
6.60000e-01, 6.80000e-01, 6.70000e-01, 1.69299e-05, 8.46496e-04
6.80000e-01, 7.00000e-01, 6.90000e-01, 3.64806e-05, 1.82403e-03
7.00000e-01, 7.20000e-01, 7.10000e-01, 7.49302e-05, 3.74651e-03
7.20000e-01, 7.40000e-01, 7.30000e-01, 1.46868e-04, 7.34341e-03
7.40000e-01, 7.60000e-01, 7.50000e-01, 2.75008e-04, 1.37504e-02
7.60000e-01, 7.80000e-01, 7.70000e-01, 4.92457e-04, 2.46228e-02
7.80000e-01, 8.00000e-01, 7.90000e-01, 8.44212e-04, 4.22106e-02
8.00000e-01, 8.20000e-01, 8.10000e-01, 1.38692e-03, 6.93460e-02
8.20000e-01, 8.40000e-01, 8.30000e-01, 2.18591e-03, 1.09295e-01
8.40000e-01, 8.60000e-01, 8.50000e-01, 3.30881e-03, 1.65441e-01
8.60000e-01, 8.80000e-01, 8.70000e-01, 4.81586e-03, 2.40793e-01
8.80000e-01, 9.00000e-01, 8.90000e-01, 6.74798e-03, 3.37399e-01
9.00000e-01, 9.20000e-01, 9.10000e-01, 9.11483e-03, 4.55741e-01
9.20000e-01, 9.40000e-01, 9.30000e-01, 1.18858e-02, 5.94288e-01
9.40000e-01, 9.60000e-01, 9.50000e-01, 1.49866e-02, 7.49329e-01
9.60000e-01, 9.80000e-01, 9.70000e-01, 1.83037e-02, 9.15186e-01
9.80000e-01, 1.00000e+00, 9.90000e-01, 2.16963e-02, 1.08481e+00
1.00000e+00, 1.02000e+00, 1.01000e+00, 2.50134e-02, 1.25067e+00
1.02000e+00, 1.04000e+00, 1.03000e+00, 2.81142e-02, 1.40571e+00
1.04000e+00, 1.06000e+00, 1.05000e+00, 3.08851e-02, 1.54426e+00
1.06000e+00, 1.08000e+00, 1.07000e+00, 3.32518e-02, 1.66259e+00
1.08000e+00, 1.10000e+00, 1.09000e+00, 3.51837e-02, 1.75918e+00
1.10000e+00, 1.12000e+00, 1.11000e+00, 3.66899e-02, 1.83450e+00
1.12000e+00, 1.14000e+00, 1.13000e+00, 3.78109e-02, 1.89055e+00
1.14000e+00, 1.16000e+00, 1.15000e+00, 3.86056e-02, 1.93028e+00
1.16000e+00, 1.18000e+00, 1.17000e+00, 3.91389e-02, 1.95694e+00
1.18000e+00, 1.20000e+00, 1.19000e+00, 3.94711e-02, 1.97355e+00
1.20000e+00, 1.22000e+00, 1.21000e+00, 3.96501e-02, 1.98250e+00
1.22000e+00, 1.24000e+00, 1.23000e+00, 3.97063e-02, 1.98531e+00
1.24000e+00, 1.26000e+00, 1.25000e+00, 3.96501e-02, 1.98250e+00
1.26000e+00, 1.28000e+00, 1.27000e+00, 3.94711e-02, 1.97355e+00
1.28000e+00, 1.30000e+00, 1.29000e+00, 3.91389e-02, 1.95694e+00
1.30000e+00, 1.32000e+00, 1.31000e+00, 3.86056e-02, 1.93028e+00
1.32000e+00, 1.34000e+00, 1.33000e+00, 3.78109e-02, 1.89055e+00
1.34000e+00, 1.36000e+00, 1.35000e+00, 3.66899e-02, 1.83450e+00
1.36000e+00, 1.38000e+00, 1.37000e+00, 3.51837e-02, 1.75918e+00
1.38000e+00, 1.40000e+00, 1.39000e+00, 3.32518e-02, 1.66259e+00
1.40000e+00, 1.42000e+00, 1.41000e+00, 3.08851e-02, 1.54426e+00
1.42000e+00, 1.44000e+00, 1.43000e+00, 2.81142e-02, 1.40571e+00
1.44000e+00, 1.46000e+00, 1.45000e+00, 2.50134e-02, 1.25067e+00
1.46000e+00, 1.48000e+00, 1.47000e+00, 2.16963e-02, 1.08481e+00
1.48000e+00, 1.50000e+00, 1.49000e+00, 1.83037e-02, 9.15186e-01
1.50000e+00, 1.52000e+00, 1.51000e+00, 1.49866e-02, 7.49329e-01
1.52000e+00, 1.54000e+00, 1.53000e+00, 1.18858e-02, 5.94288e-01
1.54000e+00, 1.56000e+00, 1.55000e+00, 9.11483e-03, 4.55741e-01
1.56000e+00, 1.58000e+00, 1.57000e+00, 6.74798e-03, 3.37399e-01
1.58000e+00, 1.60000e+00, 1.59000e+00, 4.81586e-03, 2.40793e-01
1.60000e+00, 1.62000e+00, 1.61000e+00, 3.30881e-03, 1.65441e-01
1.62000e+00, 1.64000e+00, 1.63000e+00, 2.18591e-03, 1.09295e-01
1.64000e+00, 1.66000e+00, 1.65000e+00, 1.38692e-03, 6.93460e-02
1.66000e+00, 1.68000e+00, 1.67000e+00, 8.44212e-04, 4.22106e-02
1.68000e+00, 1.70000e+00, 1.69000e+00, 4.92457e-04, 2.46228e-02
1.70000e+00, 1.72000e+00, 1.71000e+00, 2.75008e-04, 1.37504e-02
1.72000e+00, 1.74000e+00, 1.73000e+00, 1.46868e-04, 7.34341e-03
1.74000e+00, 1.76000e+00, 1.75000e+00, 7.49302e-05, 3.74651e-03
1.76000e+00, 1.78000e+00, 1.77000e+00, 3.64806e-05, 1.82403e-03
1.78000e+00, 1.80000e+00, 1.79000e+00, 1.69299e-05, 8.46496e-04
1.80000e+00, 1.82000e+00, 1.81000e+00, 7.48044e-06, 3.74022e-04
1.82000e+00, 1.84000e+00, 1.83000e+00, 3.14297e-06, 1.57149e-04
1.84000e+00, 1.86000e+00, 1.85000e+00, 1.25408e-06, 6.27038e-05
1.86000e+00, 1.88000e+00, 1.87000e+00, 4.74532e-07, 2.37266e-05
1.88000e+00, 1.90000e+00, 1.89000e+00, 1.70022e-07, 8.50111e-06
1.90000e+00, 1.92000e+00, 1.91000e+00, 5.75878e-08, 2.87939e-06
1.92000e+00, 1.94000e+00, 1.93000e+00, 1.84062e-08, 9.20308e-07
1.94000e+00, 1.96000e+00, 1.95000e+00, 5.54053e-09, 2.77027e-07
1.96000e+00, 1.98000e+00, 1.97000e+00, 1.56732e-09, 7.83662e-08
1.98000e+00, 2.00000e+00, 1.99000e+00, 3.32162e-10, 1.66081e-08
