# time = 9.600000000000000e-01# start, end, pivot, particles, density
0.00000e+00, 2.00000e-02, 1.00000e-02, 0.00000e+00, 0.00000e+00
2.00000e-02, 4.00000e-02, 3.00000e-02, 0.00000e+00, 0.00000e+00
4.00000e-02, 6.00000e-02, 5.00000e-02, 0.00000e+00, 0.00000e+00
6.00000e-02, 8.00000e-02, 7.00000e-02, 0.00000e+00, 0.00000e+00
8.00000e-02, 1.00000e-01, 9.00000e-02, 0.00000e+00, 0.00000e+00
1.00000e-01, 1.20000e-01, 1.10000e-01, 0.00000e+00, 0.00000e+00
1.20000e-01, 1.40000e-01, 1.30000e-01, 0.00000e+00, 0.00000e+00
1.40000e-01, 1.60000e-01, 1.50000e-01, 0.00000e+00, 0.00000e+00
1.60000e-01, 1.80000e-01, 1.70000e-01, 0.00000e+00, 0.00000e+00
1.80000e-01, 2.00000e-01, 1.90000e-01, 0.00000e+00, 0.00000e+00
2.00000e-01, 2.20000e-01, 2.10000e-01, 0.00000e+00, 0.00000e+00
2.20000e-01, 2.40000e-01, 2.30000e-01, 0.00000e+00, 0.00000e+00
2.40000e-01, 2.60000e-01, 2.50000e-01, 0.00000e+00, 0.00000e+00
2.60000e-01, 2.80000e-01, 2.70000e-01, 0.00000e+00, 0.00000e+00
2.80000e-01, 3.00000e-01, 2.90000e-01, 0.00000e+00, 0.00000e+00
3.00000e-01, 3.20000e-01, 3.10000e-01, 0.00000e+00, 0.00000e+00
3.20000e-01, 3.40000e-01, 3.30000e-01, 0.00000e+00, 0.00000e+00
3.40000e-01, 3.60000e-01, 3.50000e-01, 0.00000e+00, 0.00000e+00
3.60000e-01, 3.80000e-01, 3.70000e-01, 0.00000e+00, 0.00000e+00
3.80000e-01, 4.00000e-01, 3.90000e-01, 0.00000e+00, 0.00000e+00
4.00000e-01, 4.20000e-01, 4.10000e-01, 0.00000e+00, 0.00000e+00
4.20000e-01, 4.40000e-01, 4.30000e-01, 0.00000e+00, 0.00000e+00
4.40000e-01, 4.60000e-01, 4.50000e-01, 0.00000e+00, 0.00000e+00
4.60000e-01, 4.80000e-01, 4.70000e-01, 0.00000e+00, 0.00000e+00
4.80000e-01, 5.00000e-01, 4.90000e-01, 0.00000e+00, 0.00000e+00
5.00000e-01, 5.20000e-01, 5.10000e-01, 0.00000e+00, 0.00000e+00
5.20000e-01, 5.40000e-01, 5.30000e-01, 0.00000e+00, 0.00000e+00
5.40000e-01, 5.60000e-01, 5.50000e-01, 0.00000e+00, 0.00000e+00
5.60000e-01, 5.80000e-01, 5.70000e-01, 0.00000e+00, 0.00000e+00
5.80000e-01, 6.00000e-01, 5.90000e-01, 0.00000e+00, 0.00000e+00
6.00000e-01, 6.20000e-01, 6.10000e-01, 0.00000e+00, 0.00000e+00
6.20000e-01, 6.40000e-01, 6.30000e-01, 2.06599e-01, 1.03299e+01
6.40000e-01, 6.60000e-01, 6.50000e-01, 2.56105e-01, 1.28052e+01
6.60000e-01, 6.80000e-01, 6.70000e-01, 6.62204e-02, 3.31102e+00
6.80000e-01, 7.00000e-01, 6.90000e-01, 0.00000e+00, 0.00000e+00
7.00000e-01, 7.20000e-01, 7.10000e-01, 3.28749e-01, 1.64374e+01
7.20000e-01, 7.40000e-01, 7.30000e-01, 8.16568e-01, 4.08284e+01
7.40000e-01, 7.60000e-01, 7.50000e-01, 4.98524e-01, 2.49262e+01
7.60000e-01, 7.80000e-01, 7.70000e-01, 2.75136e-02, 1.37568e+00
7.80000e-01, 8.00000e-01, 7.90000e-01, 0.00000e+00, 0.00000e+00
8.00000e-01, 8.20000e-01, 8.10000e-01, 8.27183e-01, 4.13591e+01
8.20000e-01, 8.40000e-01, 8.30000e-01, 1.15681e+00, 5.78407e+01
8.40000e-01, 8.60000e-01, 8.50000e-01, 5.44554e-01, 2.72277e+01
8.60000e-01, 8.80000e-01, 8.70000e-01, 1.04083e-02, 5.20416e-01
8.80000e-01, 9.00000e-01, 8.90000e-01, 0.00000e+00, 0.00000e+00
9.00000e-01, 9.20000e-01, 9.10000e-01, 9.05080e-01, 4.52540e+01
9.20000e-01, 9.40000e-01, 9.30000e-01, 1.32783e+00, 6.63913e+01
9.40000e-01, 9.60000e-01, 9.50000e-01, 7.85814e-01, 3.92907e+01
9.60000e-01, 9.80000e-01, 9.70000e-01, 1.51844e-01, 7.59220e+00
9.80000e-01, 1.00000e+00, 9.90000e-01, 0.00000e+00, 0.00000e+00
1.00000e+00, 1.02000e+00, 1.01000e+00, 3.99363e-01, 1.99681e+01
1.02000e+00, 1.04000e+00, 1.03000e+00, 1.19581e+00, 5.97903e+01
1.04000e+00, 1.06000e+00, 1.05000e+00, 1.21978e+00, 6.09890e+01
1.06000e+00, 1.08000e+00, 1.07000e+00, 6.51129e-01, 3.25564e+01
1.08000e+00, 1.10000e+00, 1.09000e+00, 1.52635e-01, 7.63174e+00
1.10000e+00, 1.12000e+00, 1.11000e+00, 0.00000e+00, 0.00000e+00
1.12000e+00, 1.14000e+00, 1.13000e+00, 1.32117e-01, 6.60583e+00
1.14000e+00, 1.16000e+00, 1.15000e+00, 7.41240e-01, 3.70620e+01
1.16000e+00, 1.18000e+00, 1.17000e+00, 1.01225e+00, 5.06127e+01
1.18000e+00, 1.20000e+00, 1.19000e+00, 8.04790e-01, 4.02395e+01
1.20000e+00, 1.22000e+00, 1.21000e+00, 4.23771e-01, 2.11886e+01
1.22000e+00, 1.24000e+00, 1.23000e+00, 1.33637e-01, 6.68187e+00
1.24000e+00, 1.26000e+00, 1.25000e+00, 1.24149e-02, 6.20746e-01
1.26000e+00, 1.28000e+00, 1.27000e+00, 0.00000e+00, 0.00000e+00
1.28000e+00, 1.30000e+00, 1.29000e+00, 1.18582e-01, 5.92912e+00
1.30000e+00, 1.32000e+00, 1.31000e+00, 3.08744e-01, 1.54372e+01
1.32000e+00, 1.34000e+00, 1.33000e+00, 3.84048e-01, 1.92024e+01
1.34000e+00, 1.36000e+00, 1.35000e+00, 3.45014e-01, 1.72507e+01
1.36000e+00, 1.38000e+00, 1.37000e+00, 2.52811e-01, 1.26405e+01
1.38000e+00, 1.40000e+00, 1.39000e+00, 1.59545e-01, 7.97727e+00
1.40000e+00, 1.42000e+00, 1.41000e+00, 8.93273e-02, 4.46637e+00
1.42000e+00, 1.44000e+00, 1.43000e+00, 4.51880e-02, 2.25940e+00
1.44000e+00, 1.46000e+00, 1.45000e+00, 2.09072e-02, 1.04536e+00
1.46000e+00, 1.48000e+00, 1.47000e+00, 8.92389e-03, 4.46194e-01
1.48000e+00, 1.50000e+00, 1.49000e+00, 3.53647e-03, 1.76823e-01
1.50000e+00, 1.52000e+00, 1.51000e+00, 1.30756e-03, 6.53778e-02
1.52000e+00, 1.54000e+00, 1.53000e+00, 4.52776e-04, 2.26388e-02
1.54000e+00, 1.56000e+00, 1.55000e+00, 1.47286e-04, 7.36430e-03
1.56000e+00, 1.58000e+00, 1.57000e+00, 4.51195e-05, 2.25598e-03
1.58000e+00, 1.60000e+00, 1.59000e+00, 1.30427e-05, 6.52133e-04
1.60000e+00, 1.62000e+00, 1.61000e+00, 3.56357e-06, 1.78179e-04
1.62000e+00, 1.64000e+00, 1.63000e+00, 9.21542e-07, 4.60771e-05
1.64000e+00, 1.66000e+00, 1.65000e+00, 2.25810e-07, 1.12905e-05
1.66000e+00, 1.68000e+00, 1.67000e+00, 5.24771e-08, 2.62385e-06
1.68000e+00, 1.70000e+00, 1.69000e+00, 1.15749e-08, 5.78746e-07
1.70000e+00, 1.72000e+00, 1.71000e+00, 2.42464e-09, 1.21232e-07
1.72000e+00, 1.74000e+00, 1.73000e+00, 4.82564e-10, 2.41282e-08
1.74000e+00, 1.76000e+00, 1.75000e+00, 9.12824e-11, 4.56412e-09
1.76000e+00, 1.78000e+00, 1.77000e+00, 1.64150e-11, 8.20750e-10
1.78000e+00, 1.80000e+00, 1.79000e+00, 2.80651e-12, 1.40325e-10
1.80000e+00, 1.82000e+00, 1.81000e+00, 4.56211e-13, 2.28105e-11
1.82000e+00, 1.84000e+00, 1.83000e+00, 7.05014e-14, 3.52507e-12
1.84000e+00, 1.86000e+00, 1.85000e+00, 1.03539e-14, 5.17697e-13
1.86000e+00, 1.88000e+00, 1.87000e+00, 1.44329e-15, 7.21645e-14
1.88000e+00, 1.90000e+00, 1.89000e+00, 1.89848e-16, 9.49241e-15
1.90000e+00, 1.92000e+00, 1.91000e+00, 2.10942e-17, 1.05471e-15
1.92000e+00, 1.94000e+00, 1.93000e+00, 1.11022e-18, 5.55112e-17
1.94000e+00, 1.96000e+00, 1.95000e+00, 0.00000e+00, 0.00000e+00
1.96000e+00, 1.98000e+00, 1.97000e+00, 0.00000e+00, 0.00000e+00
1.98000e+00, 2.00000e+00, 1.99000e+00, 0.00000e+00, 0.00000e+00
