# time = 6.500000000000000e-01# start, end, pivot, particles, density
0.00000e+00, 2.00000e-02, 1.00000e-02, 0.00000e+00, 0.00000e+00
2.00000e-02, 4.00000e-02, 3.00000e-02, 0.00000e+00, 0.00000e+00
4.00000e-02, 6.00000e-02, 5.00000e-02, 0.00000e+00, 0.00000e+00
6.00000e-02, 8.00000e-02, 7.00000e-02, 0.00000e+00, 0.00000e+00
8.00000e-02, 1.00000e-01, 9.00000e-02, 0.00000e+00, 0.00000e+00
1.00000e-01, 1.20000e-01, 1.10000e-01, 1.08420e-21, 5.42101e-20
1.20000e-01, 1.40000e-01, 1.30000e-01, 7.15573e-20, 3.57787e-18
1.40000e-01, 1.60000e-01, 1.50000e-01, 2.32670e-18, 1.16335e-16
1.60000e-01, 1.80000e-01, 1.70000e-01, 4.96846e-17, 2.48423e-15
1.80000e-01, 2.00000e-01, 1.90000e-01, 7.83733e-16, 3.91866e-14
2.00000e-01, 2.20000e-01, 2.10000e-01, 9.73912e-15, 4.86956e-13
2.20000e-01, 2.40000e-01, 2.30000e-01, 9.92930e-14, 4.96465e-12
2.40000e-01, 2.60000e-01, 2.50000e-01, 8.54104e-13, 4.27052e-11
2.60000e-01, 2.80000e-01, 2.70000e-01, 6.32649e-12, 3.16324e-10
2.80000e-01, 3.00000e-01, 2.90000e-01, 4.09849e-11, 2.04925e-09
3.00000e-01, 3.20000e-01, 3.10000e-01, 2.35072e-10, 1.17536e-08
3.20000e-01, 3.40000e-01, 3.30000e-01, 1.20551e-09, 6.02754e-08
3.40000e-01, 3.60000e-01, 3.50000e-01, 5.57247e-09, 2.78623e-07
3.60000e-01, 3.80000e-01, 3.70000e-01, 2.33762e-08, 1.16881e-06
3.80000e-01, 4.00000e-01, 3.90000e-01, 8.95045e-08, 4.47522e-06
4.00000e-01, 4.20000e-01, 4.10000e-01, 3.14341e-07, 1.57170e-05
4.20000e-01, 4.40000e-01, 4.30000e-01, 1.01695e-06, 5.08477e-05
4.40000e-01, 4.60000e-01, 4.50000e-01, 3.04213e-06, 1.52107e-04
4.60000e-01, 4.80000e-01, 4.70000e-01, 8.44261e-06, 4.22130e-04
4.80000e-01, 5.00000e-01, 4.90000e-01, 2.18017e-05, 1.09008e-03
5.00000e-01, 5.20000e-01, 5.10000e-01, 5.25275e-05, 2.62638e-03
5.20000e-01, 5.40000e-01, 5.30000e-01, 1.18369e-04, 5.91843e-03
5.40000e-01, 5.60000e-01, 5.50000e-01, 2.50051e-04, 1.25025e-02
5.60000e-01, 5.80000e-01, 5.70000e-01, 4.96239e-04, 2.48120e-02
5.80000e-01, 6.00000e-01, 5.90000e-01, 9.27069e-04, 4.63535e-02
6.00000e-01, 6.20000e-01, 6.10000e-01, 1.63363e-03, 8.16815e-02
6.20000e-01, 6.40000e-01, 6.30000e-01, 2.72065e-03, 1.36032e-01
6.40000e-01, 6.60000e-01, 6.50000e-01, 4.29078e-03, 2.14539e-01
6.60000e-01, 6.80000e-01, 6.70000e-01, 6.42168e-03, 3.21084e-01
6.80000e-01, 7.00000e-01, 6.90000e-01, 9.14042e-03, 4.57021e-01
7.00000e-01, 7.20000e-01, 7.10000e-01, 1.24029e-02, 6.20145e-01
7.20000e-01, 7.40000e-01, 7.30000e-01, 1.60863e-02, 8.04317e-01
7.40000e-01, 7.60000e-01, 7.50000e-01, 2.00000e-02, 1.00000e+00
7.60000e-01, 7.80000e-01, 7.70000e-01, 2.39137e-02, 1.19568e+00
7.80000e-01, 8.00000e-01, 7.90000e-01, 2.75971e-02, 1.37986e+00
8.00000e-01, 8.20000e-01, 8.10000e-01, 3.08596e-02, 1.54298e+00
8.20000e-01, 8.40000e-01, 8.30000e-01, 3.35783e-02, 1.67892e+00
8.40000e-01, 8.60000e-01, 8.50000e-01, 3.57092e-02, 1.78546e+00
8.60000e-01, 8.80000e-01, 8.70000e-01, 3.72793e-02, 1.86397e+00
8.80000e-01, 9.00000e-01, 8.90000e-01, 3.83663e-02, 1.91831e+00
9.00000e-01, 9.20000e-01, 9.10000e-01, 3.90726e-02, 1.95363e+00
9.20000e-01, 9.40000e-01, 9.30000e-01, 3.95027e-02, 1.97514e+00
9.40000e-01, 9.60000e-01, 9.50000e-01, 3.97469e-02, 1.98735e+00
9.60000e-01, 9.80000e-01, 9.70000e-01, 3.98732e-02, 1.99366e+00
9.80000e-01, 1.00000e+00, 9.90000e-01, 3.99257e-02, 1.99628e+00
1.00000e+00, 1.02000e+00, 1.01000e+00, 3.99257e-02, 1.99628e+00
1.02000e+00, 1.04000e+00, 1.03000e+00, 3.98732e-02, 1.99366e+00
1.04000e+00, 1.06000e+00, 1.05000e+00, 3.97469e-02, 1.98735e+00
1.06000e+00, 1.08000e+00, 1.07000e+00, 3.95027e-02, 1.97514e+00
1.08000e+00, 1.10000e+00, 1.09000e+00, 3.90726e-02, 1.95363e+00
1.10000e+00, 1.12000e+00, 1.11000e+00, 3.83663e-02, 1.91831e+00
1.12000e+00, 1.14000e+00, 1.13000e+00, 3.72793e-02, 1.86397e+00
1.14000e+00, 1.16000e+00, 1.15000e+00, 3.57092e-02, 1.78546e+00
1.16000e+00, 1.18000e+00, 1.17000e+00, 3.35783e-02, 1.67892e+00
1.18000e+00, 1.20000e+00, 1.19000e+00, 3.08596e-02, 1.54298e+00
1.20000e+00, 1.22000e+00, 1.21000e+00, 2.75971e-02, 1.37986e+00
1.22000e+00, 1.24000e+00, 1.23000e+00, 2.39137e-02, 1.19568e+00
1.24000e+00, 1.26000e+00, 1.25000e+00, 2.00000e-02, 1.00000e+00
1.26000e+00, 1.28000e+00, 1.27000e+00, 1.60863e-02, 8.04317e-01
1.28000e+00, 1.30000e+00, 1.29000e+00, 1.24029e-02, 6.20145e-01
1.30000e+00, 1.32000e+00, 1.31000e+00, 9.14042e-03, 4.57021e-01
1.32000e+00, 1.34000e+00, 1.33000e+00, 6.42168e-03, 3.21084e-01
1.34000e+00, 1.36000e+00, 1.35000e+00, 4.29078e-03, 2.14539e-01
1.36000e+00, 1.38000e+00, 1.37000e+00, 2.72065e-03, 1.36032e-01
1.38000e+00, 1.40000e+00, 1.39000e+00, 1.63363e-03, 8.16815e-02
1.40000e+00, 1.42000e+00, 1.41000e+00, 9.27069e-04, 4.63535e-02
1.42000e+00, 1.44000e+00, 1.43000e+00, 4.96239e-04, 2.48120e-02
1.44000e+00, 1.46000e+00, 1.45000e+00, 2.50051e-04, 1.25025e-02
1.46000e+00, 1.48000e+00, 1.47000e+00, 1.18369e-04, 5.91843e-03
1.48000e+00, 1.50000e+00, 1.49000e+00, 5.25275e-05, 2.62638e-03
1.50000e+00, 1.52000e+00, 1.51000e+00, 2.18017e-05, 1.09008e-03
1.52000e+00, 1.54000e+00, 1.53000e+00, 8.44261e-06, 4.22130e-04
1.54000e+00, 1.56000e+00, 1.55000e+00, 3.04213e-06, 1.52107e-04
1.56000e+00, 1.58000e+00, 1.57000e+00, 1.01695e-06, 5.08477e-05
1.58000e+00, 1.60000e+00, 1.59000e+00, 3.14341e-07, 1.57170e-05
1.60000e+00, 1.62000e+00, 1.61000e+00, 8.95045e-08, 4.47522e-06
1.62000e+00, 1.64000e+00, 1.63000e+00, 2.33762e-08, 1.16881e-06
1.64000e+00, 1.66000e+00, 1.65000e+00, 5.57247e-09, 2.78623e-07
1.66000e+00, 1.68000e+00, 1.67000e+00, 1.20551e-09, 6.02754e-08
1.68000e+00, 1.70000e+00, 1.69000e+00, 2.35072e-10, 1.17536e-08
1.70000e+00, 1.72000e+00, 1.71000e+00, 4.09849e-11, 2.04925e-09
1.72000e+00, 1.74000e+00, 1.73000e+00, 6.32649e-12, 3.16324e-10
1.74000e+00, 1.76000e+00, 1.75000e+00, 8.54104e-13, 4.27052e-11
1.76000e+00, 1.78000e+00, 1.77000e+00, 9.92930e-14, 4.96465e-12
1.78000e+00, 1.80000e+00, 1.79000e+00, 9.73912e-15, 4.86956e-13
1.80000e+00, 1.82000e+00, 1.81000e+00, 7.83733e-16, 3.91866e-14
1.82000e+00, 1.84000e+00, 1.83000e+00, 4.96846e-17, 2.48423e-15
1.84000e+00, 1.86000e+00, 1.85000e+00, 2.32670e-18, 1.16335e-16
1.86000e+00, 1.88000e+00, 1.87000e+00, 7.15573e-20, 3.57787e-18
1.88000e+00, 1.90000e+00, 1.89000e+00, 1.08420e-21, 5.42101e-20
1.90000e+00, 1.92000e+00, 1.91000e+00, 0.00000e+00, 0.00000e+00
1.92000e+00, 1.94000e+00, 1.93000e+00, 0.00000e+00, 0.00000e+00
1.94000e+00, 1.96000e+00, 1.95000e+00, 0.00000e+00, 0.00000e+00
1.96000e+00, 1.98000e+00, 1.97000e+00, 0.00000e+00, 0.00000e+00
1.98000e+00, 2.00000e+00, 1.99000e+00, 0.00000e+00, 0.00000e+00
