# time = 6.400000000000000e-01# start, end, pivot, particles, density
0.00000e+00, 2.00000e-02, 1.00000e-02, 0.00000e+00, 0.00000e+00
2.00000e-02, 4.00000e-02, 3.00000e-02, 0.00000e+00, 0.00000e+00
4.00000e-02, 6.00000e-02, 5.00000e-02, 0.00000e+00, 0.00000e+00
6.00000e-02, 8.00000e-02, 7.00000e-02, 0.00000e+00, 0.00000e+00
8.00000e-02, 1.00000e-01, 9.00000e-02, 0.00000e+00, 0.00000e+00
1.00000e-01, 1.20000e-01, 1.10000e-01, 0.00000e+00, 0.00000e+00
1.20000e-01, 1.40000e-01, 1.30000e-01, 0.00000e+00, 0.00000e+00
1.40000e-01, 1.60000e-01, 1.50000e-01, 0.00000e+00, 0.00000e+00
1.60000e-01, 1.80000e-01, 1.70000e-01, 0.00000e+00, 0.00000e+00
1.80000e-01, 2.00000e-01, 1.90000e-01, 0.00000e+00, 0.00000e+00
2.00000e-01, 2.20000e-01, 2.10000e-01, 0.00000e+00, 0.00000e+00
2.20000e-01, 2.40000e-01, 2.30000e-01, 0.00000e+00, 0.00000e+00
2.40000e-01, 2.60000e-01, 2.50000e-01, 0.00000e+00, 0.00000e+00
2.60000e-01, 2.80000e-01, 2.70000e-01, 0.00000e+00, 0.00000e+00
2.80000e-01, 3.00000e-01, 2.90000e-01, 0.00000e+00, 0.00000e+00
3.00000e-01, 3.20000e-01, 3.10000e-01, 0.00000e+00, 0.00000e+00
3.20000e-01, 3.40000e-01, 3.30000e-01, 0.00000e+00, 0.00000e+00
3.40000e-01, 3.60000e-01, 3.50000e-01, 0.00000e+00, 0.00000e+00
3.60000e-01, 3.80000e-01, 3.70000e-01, 0.00000e+00, 0.00000e+00
3.80000e-01, 4.00000e-01, 3.90000e-01, 0.00000e+00, 0.00000e+00
4.00000e-01, 4.20000e-01, 4.10000e-01, 0.00000e+00, 0.00000e+00
4.20000e-01, 4.40000e-01, 4.30000e-01, 0.00000e+00, 0.00000e+00
4.40000e-01, 4.60000e-01, 4.50000e-01, 3.45407e-02, 1.72703e+00
4.60000e-01, 4.80000e-01, 4.70000e-01, 7.22591e-02, 3.61296e+00
4.80000e-01, 5.00000e-01, 4.90000e-01, 1.49703e-02, 7.48517e-01
5.00000e-01, 5.20000e-01, 5.10000e-01, 0.00000e+00, 0.00000e+00
5.20000e-01, 5.40000e-01, 5.30000e-01, 1.47903e-01, 7.39516e+00
5.40000e-01, 5.60000e-01, 5.50000e-01, 1.98649e-01, 9.93243e+00
5.60000e-01, 5.80000e-01, 5.70000e-01, 2.98963e-02, 1.49482e+00
5.80000e-01, 6.00000e-01, 5.90000e-01, 0.00000e+00, 0.00000e+00
6.00000e-01, 6.20000e-01, 6.10000e-01, 2.38190e-01, 1.19095e+01
6.20000e-01, 6.40000e-01, 6.30000e-01, 2.96279e-01, 1.48139e+01
6.40000e-01, 6.60000e-01, 6.50000e-01, 7.89306e-02, 3.94653e+00
6.60000e-01, 6.80000e-01, 6.70000e-01, 0.00000e+00, 0.00000e+00
6.80000e-01, 7.00000e-01, 6.90000e-01, 1.94077e-01, 9.70385e+00
7.00000e-01, 7.20000e-01, 7.10000e-01, 3.97722e-01, 1.98861e+01
7.20000e-01, 7.40000e-01, 7.30000e-01, 2.27464e-01, 1.13732e+01
7.40000e-01, 7.60000e-01, 7.50000e-01, 1.51330e-02, 7.56649e-01
7.60000e-01, 7.80000e-01, 7.70000e-01, 0.00000e+00, 0.00000e+00
7.80000e-01, 8.00000e-01, 7.90000e-01, 2.96646e-01, 1.48323e+01
8.00000e-01, 8.20000e-01, 8.10000e-01, 4.44768e-01, 2.22384e+01
8.20000e-01, 8.40000e-01, 8.30000e-01, 2.64063e-01, 1.32031e+01
8.40000e-01, 8.60000e-01, 8.50000e-01, 5.11663e-02, 2.55831e+00
8.60000e-01, 8.80000e-01, 8.70000e-01, 0.00000e+00, 0.00000e+00
8.80000e-01, 9.00000e-01, 8.90000e-01, 1.25630e-01, 6.28149e+00
9.00000e-01, 9.20000e-01, 9.10000e-01, 3.76313e-01, 1.88157e+01
9.20000e-01, 9.40000e-01, 9.30000e-01, 3.98216e-01, 1.99108e+01
9.40000e-01, 9.60000e-01, 9.50000e-01, 2.34618e-01, 1.17309e+01
9.60000e-01, 9.80000e-01, 9.70000e-01, 7.41715e-02, 3.70857e+00
9.80000e-01, 1.00000e+00, 9.90000e-01, 2.30980e-03, 1.15490e-01
1.00000e+00, 1.02000e+00, 1.01000e+00, 0.00000e+00, 0.00000e+00
1.02000e+00, 1.04000e+00, 1.03000e+00, 9.70888e-02, 4.85444e+00
1.04000e+00, 1.06000e+00, 1.05000e+00, 2.00546e-01, 1.00273e+01
1.06000e+00, 1.08000e+00, 1.07000e+00, 2.21168e-01, 1.10584e+01
1.08000e+00, 1.10000e+00, 1.09000e+00, 1.78098e-01, 8.90489e+00
1.10000e+00, 1.12000e+00, 1.11000e+00, 1.16226e-01, 5.81128e+00
1.12000e+00, 1.14000e+00, 1.13000e+00, 6.45540e-02, 3.22770e+00
1.14000e+00, 1.16000e+00, 1.15000e+00, 3.13671e-02, 1.56835e+00
1.16000e+00, 1.18000e+00, 1.17000e+00, 1.35657e-02, 6.78286e-01
1.18000e+00, 1.20000e+00, 1.19000e+00, 5.28294e-03, 2.64147e-01
1.20000e+00, 1.22000e+00, 1.21000e+00, 1.86787e-03, 9.33936e-02
1.22000e+00, 1.24000e+00, 1.23000e+00, 6.03222e-04, 3.01611e-02
1.24000e+00, 1.26000e+00, 1.25000e+00, 1.78744e-04, 8.93719e-03
1.26000e+00, 1.28000e+00, 1.27000e+00, 4.87641e-05, 2.43821e-03
1.28000e+00, 1.30000e+00, 1.29000e+00, 1.22806e-05, 6.14032e-04
1.30000e+00, 1.32000e+00, 1.31000e+00, 2.86056e-06, 1.43028e-04
1.32000e+00, 1.34000e+00, 1.33000e+00, 6.17192e-07, 3.08596e-05
1.34000e+00, 1.36000e+00, 1.35000e+00, 1.23473e-07, 6.17366e-06
1.36000e+00, 1.38000e+00, 1.37000e+00, 2.29185e-08, 1.14593e-06
1.38000e+00, 1.40000e+00, 1.39000e+00, 3.94816e-09, 1.97408e-07
1.40000e+00, 1.42000e+00, 1.41000e+00, 6.31237e-10, 3.15619e-08
1.42000e+00, 1.44000e+00, 1.43000e+00, 9.36377e-11, 4.68189e-09
1.44000e+00, 1.46000e+00, 1.45000e+00, 1.28799e-11, 6.43993e-10
1.46000e+00, 1.48000e+00, 1.47000e+00, 1.64131e-12, 8.20655e-11
1.48000e+00, 1.50000e+00, 1.49000e+00, 1.93542e-13, 9.67709e-12
1.50000e+00, 1.52000e+00, 1.51000e+00, 2.10842e-14, 1.05421e-12
1.52000e+00, 1.54000e+00, 1.53000e+00, 2.11609e-15, 1.05804e-13
1.54000e+00, 1.56000e+00, 1.55000e+00, 1.94289e-16, 9.71445e-15
1.56000e+00, 1.58000e+00, 1.57000e+00, 1.44329e-17, 7.21645e-16
1.58000e+00, 1.60000e+00, 1.59000e+00, 0.00000e+00, 0.00000e+00
1.60000e+00, 1.62000e+00, 1.61000e+00, 0.00000e+00, 0.00000e+00
1.62000e+00, 1.64000e+00, 1.63000e+00, 0.00000e+00, 0.00000e+00
1.64000e+00, 1.66000e+00, 1.65000e+00, 0.00000e+00, 0.00000e+00
1.66000e+00, 1.68000e+00, 1.67000e+00, 0.00000e+00, 0.00000e+00
1.68000e+00, 1.70000e+00, 1.69000e+00, 0.00000e+00, 0.00000e+00
1.70000e+00, 1.72000e+00, 1.71000e+00, 0.00000e+00, 0.00000e+00
1.72000e+00, 1.74000e+00, 1.73000e+00, 0.00000e+00, 0.00000e+00
1.74000e+00, 1.76000e+00, 1.75000e+00, 0.00000e+00, 0.00000e+00
1.76000e+00, 1.78000e+00, 1.77000e+00, 0.00000e+00, 0.00000e+00
1.78000e+00, 1.80000e+00, 1.79000e+00, 0.00000e+00, 0.00000e+00
1.80000e+00, 1.82000e+00, 1.81000e+00, 0.00000e+00, 0.00000e+00
1.82000e+00, 1.84000e+00, 1.83000e+00, 0.00000e+00, 0.00000e+00
1.84000e+00, 1.86000e+00, 1.85000e+00, 0.00000e+00, 0.00000e+00
1.86000e+00, 1.88000e+00, 1.87000e+00, 0.00000e+00, 0.00000e+00
1.88000e+00, 1.90000e+00, 1.89000e+00, 0.00000e+00, 0.00000e+00
1.90000e+00, 1.92000e+00, 1.91000e+00, 0.00000e+00, 0.00000e+00
1.92000e+00, 1.94000e+00, 1.93000e+00, 0.00000e+00, 0.00000e+00
1.94000e+00, 1.96000e+00, 1.95000e+00, 0.00000e+00, 0.00000e+00
1.96000e+00, 1.98000e+00, 1.97000e+00, 0.00000e+00, 0.00000e+00
1.98000e+00, 2.00000e+00, 1.99000e+00, 0.00000e+00, 0.00000e+00
