# time = 2.200000000000000e-01# start, end, pivot, particles, density
0.00000e+00, 2.00000e-02, 1.00000e-02, 0.00000e+00, 0.00000e+00
2.00000e-02, 4.00000e-02, 3.00000e-02, 0.00000e+00, 0.00000e+00
4.00000e-02, 6.00000e-02, 5.00000e-02, 0.00000e+00, 0.00000e+00
6.00000e-02, 8.00000e-02, 7.00000e-02, 0.00000e+00, 0.00000e+00
8.00000e-02, 1.00000e-01, 9.00000e-02, 0.00000e+00, 0.00000e+00
1.00000e-01, 1.20000e-01, 1.10000e-01, 0.00000e+00, 0.00000e+00
1.20000e-01, 1.40000e-01, 1.30000e-01, 0.00000e+00, 0.00000e+00
1.40000e-01, 1.60000e-01, 1.50000e-01, 0.00000e+00, 0.00000e+00
1.60000e-01, 1.80000e-01, 1.70000e-01, 0.00000e+00, 0.00000e+00
1.80000e-01, 2.00000e-01, 1.90000e-01, 0.00000e+00, 0.00000e+00
2.00000e-01, 2.20000e-01, 2.10000e-01, 0.00000e+00, 0.00000e+00
2.20000e-01, 2.40000e-01, 2.30000e-01, 0.00000e+00, 0.00000e+00
2.40000e-01, 2.60000e-01, 2.50000e-01, 0.00000e+00, 0.00000e+00
2.60000e-01, 2.80000e-01, 2.70000e-01, 1.46600e-02, 7.33000e-01
2.80000e-01, 3.00000e-01, 2.90000e-01, 2.87993e-02, 1.43997e+00
3.00000e-01, 3.20000e-01, 3.10000e-01, 3.62309e-02, 1.81155e+00
3.20000e-01, 3.40000e-01, 3.30000e-01, 3.89587e-02, 1.94793e+00
3.40000e-01, 3.60000e-01, 3.50000e-01, 3.99591e-02, 1.99796e+00
3.60000e-01, 3.80000e-01, 3.70000e-01, 3.91841e-02, 1.95921e+00
3.80000e-01, 4.00000e-01, 3.90000e-01, 4.27164e-02, 2.13582e+00
4.00000e-01, 4.20000e-01, 4.10000e-01, 3.25944e-02, 1.62972e+00
4.20000e-01, 4.40000e-01, 4.30000e-01, 5.48710e-02, 2.74355e+00
4.40000e-01, 4.60000e-01, 4.50000e-01, 2.07370e-02, 1.03685e+00
4.60000e-01, 4.80000e-01, 4.70000e-01, 4.75175e-02, 2.37587e+00
4.80000e-01, 5.00000e-01, 4.90000e-01, 6.43367e-02, 3.21684e+00
5.00000e-01, 5.20000e-01, 5.10000e-01, 0.00000e+00, 0.00000e+00
5.20000e-01, 5.40000e-01, 5.30000e-01, 4.93492e-02, 2.46746e+00
5.40000e-01, 5.60000e-01, 5.50000e-01, 8.85993e-02, 4.42996e+00
5.60000e-01, 5.80000e-01, 5.70000e-01, 1.49001e-02, 7.45005e-01
5.80000e-01, 6.00000e-01, 5.90000e-01, 0.00000e+00, 0.00000e+00
6.00000e-01, 6.20000e-01, 6.10000e-01, 8.59523e-02, 4.29761e+00
6.20000e-01, 6.40000e-01, 6.30000e-01, 9.77955e-02, 4.88977e+00
6.40000e-01, 6.60000e-01, 6.50000e-01, 2.99465e-02, 1.49732e+00
6.60000e-01, 6.80000e-01, 6.70000e-01, 0.00000e+00, 0.00000e+00
6.80000e-01, 7.00000e-01, 6.90000e-01, 2.14973e-02, 1.07486e+00
7.00000e-01, 7.20000e-01, 7.10000e-01, 8.22659e-02, 4.11330e+00
7.20000e-01, 7.40000e-01, 7.30000e-01, 9.81492e-02, 4.90746e+00
7.40000e-01, 7.60000e-01, 7.50000e-01, 7.12497e-02, 3.56248e+00
7.60000e-01, 7.80000e-01, 7.70000e-01, 3.71095e-02, 1.85547e+00
7.80000e-01, 8.00000e-01, 7.90000e-01, 1.48333e-02, 7.41667e-01
8.00000e-01, 8.20000e-01, 8.10000e-01, 4.70657e-03, 2.35329e-01
8.20000e-01, 8.40000e-01, 8.30000e-01, 1.20710e-03, 6.03549e-02
8.40000e-01, 8.60000e-01, 8.50000e-01, 2.52513e-04, 1.26256e-02
8.60000e-01, 8.80000e-01, 8.70000e-01, 4.32034e-05, 2.16017e-03
8.80000e-01, 9.00000e-01, 8.90000e-01, 6.03024e-06, 3.01512e-04
9.00000e-01, 9.20000e-01, 9.10000e-01, 6.81255e-07, 3.40628e-05
9.20000e-01, 9.40000e-01, 9.30000e-01, 6.14165e-08, 3.07083e-06
9.40000e-01, 9.60000e-01, 9.50000e-01, 4.31879e-09, 2.15940e-07
9.60000e-01, 9.80000e-01, 9.70000e-01, 2.28454e-10, 1.14227e-08
9.80000e-01, 1.00000e+00, 9.90000e-01, 8.55607e-12, 4.27804e-10
1.00000e+00, 1.02000e+00, 1.01000e+00, 2.02363e-13, 1.01181e-11
1.02000e+00, 1.04000e+00, 1.03000e+00, 2.27374e-15, 1.13687e-13
1.04000e+00, 1.06000e+00, 1.05000e+00, 0.00000e+00, 0.00000e+00
1.06000e+00, 1.08000e+00, 1.07000e+00, 0.00000e+00, 0.00000e+00
1.08000e+00, 1.10000e+00, 1.09000e+00, 0.00000e+00, 0.00000e+00
1.10000e+00, 1.12000e+00, 1.11000e+00, 0.00000e+00, 0.00000e+00
1.12000e+00, 1.14000e+00, 1.13000e+00, 0.00000e+00, 0.00000e+00
1.14000e+00, 1.16000e+00, 1.15000e+00, 0.00000e+00, 0.00000e+00
1.16000e+00, 1.18000e+00, 1.17000e+00, 0.00000e+00, 0.00000e+00
1.18000e+00, 1.20000e+00, 1.19000e+00, 0.00000e+00, 0.00000e+00
1.20000e+00, 1.22000e+00, 1.21000e+00, 0.00000e+00, 0.00000e+00
1.22000e+00, 1.24000e+00, 1.23000e+00, 0.00000e+00, 0.00000e+00
1.24000e+00, 1.26000e+00, 1.25000e+00, 0.00000e+00, 0.00000e+00
1.26000e+00, 1.28000e+00, 1.27000e+00, 0.00000e+00, 0.00000e+00
1.28000e+00, 1.30000e+00, 1.29000e+00, 0.00000e+00, 0.00000e+00
1.30000e+00, 1.32000e+00, 1.31000e+00, 0.00000e+00, 0.00000e+00
1.32000e+00, 1.34000e+00, 1.33000e+00, 0.00000e+00, 0.00000e+00
1.34000e+00, 1.36000e+00, 1.35000e+00, 0.00000e+00, 0.00000e+00
1.36000e+00, 1.38000e+00, 1.37000e+00, 0.00000e+00, 0.00000e+00
1.38000e+00, 1.40000e+00, 1.39000e+00, 0.00000e+00, 0.00000e+00
1.40000e+00, 1.42000e+00, 1.41000e+00, 0.00000e+00, 0.00000e+00
1.42000e+00, 1.44000e+00, 1.43000e+00, 0.00000e+00, 0.00000e+00
1.44000e+00, 1.46000e+00, 1.45000e+00, 0.00000e+00, 0.00000e+00
1.46000e+00, 1.48000e+00, 1.47000e+00, 0.00000e+00, 0.00000e+00
1.48000e+00, 1.50000e+00, 1.49000e+00, 0.00000e+00, 0.00000e+00
1.50000e+00, 1.52000e+00, 1.51000e+00, 0.00000e+00, 0.00000e+00
1.52000e+00, 1.54000e+00, 1.53000e+00, 0.00000e+00, 0.00000e+00
1.54000e+00, 1.56000e+00, 1.55000e+00, 0.00000e+00, 0.00000e+00
1.56000e+00, 1.58000e+00, 1.57000e+00, 0.00000e+00, 0.00000e+00
1.58000e+00, 1.60000e+00, 1.59000e+00, 0.00000e+00, 0.00000e+00
1.60000e+00, 1.62000e+00, 1.61000e+00, 0.00000e+00, 0.00000e+00
1.62000e+00, 1.64000e+00, 1.63000e+00, 0.00000e+00, 0.00000e+00
1.64000e+00, 1.66000e+00, 1.65000e+00, 0.00000e+00, 0.00000e+00
1.66000e+00, 1.68000e+00, 1.67000e+00, 0.00000e+00, 0.00000e+00
1.68000e+00, 1.70000e+00, 1.69000e+00, 0.00000e+00, 0.00000e+00
1.70000e+00, 1.72000e+00, 1.71000e+00, 0.00000e+00, 0.00000e+00
1.72000e+00, 1.74000e+00, 1.73000e+00, 0.00000e+00, 0.00000e+00
1.74000e+00, 1.76000e+00, 1.75000e+00, 0.00000e+00, 0.00000e+00
1.76000e+00, 1.78000e+00, 1.77000e+00, 0.00000e+00, 0.00000e+00
1.78000e+00, 1.80000e+00, 1.79000e+00, 0.00000e+00, 0.00000e+00
1.80000e+00, 1.82000e+00, 1.81000e+00, 0.00000e+00, 0.00000e+00
1.82000e+00, 1.84000e+00, 1.83000e+00, 0.00000e+00, 0.00000e+00
1.84000e+00, 1.86000e+00, 1.85000e+00, 0.00000e+00, 0.00000e+00
1.86000e+00, 1.88000e+00, 1.87000e+00, 0.00000e+00, 0.00000e+00
1.88000e+00, 1.90000e+00, 1.89000e+00, 0.00000e+00, 0.00000e+00
1.90000e+00, 1.92000e+00, 1.91000e+00, 0.00000e+00, 0.00000e+00
1.92000e+00, 1.94000e+00, 1.93000e+00, 0.00000e+00, 0.00000e+00
1.94000e+00, 1.96000e+00, 1.95000e+00, 0.00000e+00, 0.00000e+00
1.96000e+00, 1.98000e+00, 1.97000e+00, 0.00000e+00, 0.00000e+00
1.98000e+00, 2.00000e+00, 1.99000e+00, 0.00000e+00, 0.00000e+00
