# time = 2.500000000000000e-01# start, end, pivot, particles, density
0.00000e+00, 2.00000e-02, 1.00000e-02, 0.00000e+00, 0.00000e+00
2.00000e-02, 4.00000e-02, 3.00000e-02, 0.00000e+00, 0.00000e+00
4.00000e-02, 6.00000e-02, 5.00000e-02, 0.00000e+00, 0.00000e+00
6.00000e-02, 8.00000e-02, 7.00000e-02, 0.00000e+00, 0.00000e+00
8.00000e-02, 1.00000e-01, 9.00000e-02, 0.00000e+00, 0.00000e+00
1.00000e-01, 1.20000e-01, 1.10000e-01, 0.00000e+00, 0.00000e+00
1.20000e-01, 1.40000e-01, 1.30000e-01, 0.00000e+00, 0.00000e+00
1.40000e-01, 1.60000e-01, 1.50000e-01, 0.00000e+00, 0.00000e+00
1.60000e-01, 1.80000e-01, 1.70000e-01, 0.00000e+00, 0.00000e+00
1.80000e-01, 2.00000e-01, 1.90000e-01, 0.00000e+00, 0.00000e+00
2.00000e-01, 2.20000e-01, 2.10000e-01, 0.00000e+00, 0.00000e+00
2.20000e-01, 2.40000e-01, 2.30000e-01, 0.00000e+00, 0.00000e+00
2.40000e-01, 2.60000e-01, 2.50000e-01, 0.00000e+00, 0.00000e+00
2.60000e-01, 2.80000e-01, 2.70000e-01, 0.00000e+00, 0.00000e+00
2.80000e-01, 3.00000e-01, 2.90000e-01, 9.74196e-03, 4.87098e-01
3.00000e-01, 3.20000e-01, 3.10000e-01, 2.51299e-02, 1.25650e+00
3.20000e-01, 3.40000e-01, 3.30000e-01, 3.40363e-02, 1.70182e+00
3.40000e-01, 3.60000e-01, 3.50000e-01, 3.95592e-02, 1.97796e+00
3.60000e-01, 3.80000e-01, 3.70000e-01, 3.56763e-02, 1.78382e+00
3.80000e-01, 4.00000e-01, 3.90000e-01, 4.93964e-02, 2.46982e+00
4.00000e-01, 4.20000e-01, 4.10000e-01, 2.29424e-02, 1.14712e+00
4.20000e-01, 4.40000e-01, 4.30000e-01, 5.91575e-02, 2.95787e+00
4.40000e-01, 4.60000e-01, 4.50000e-01, 3.69731e-02, 1.84865e+00
4.60000e-01, 4.80000e-01, 4.70000e-01, 9.06885e-03, 4.53442e-01
4.80000e-01, 5.00000e-01, 4.90000e-01, 8.62353e-02, 4.31177e+00
5.00000e-01, 5.20000e-01, 5.10000e-01, 3.61512e-02, 1.80756e+00
5.20000e-01, 5.40000e-01, 5.30000e-01, 0.00000e+00, 0.00000e+00
5.40000e-01, 5.60000e-01, 5.50000e-01, 8.03690e-02, 4.01845e+00
5.60000e-01, 5.80000e-01, 5.70000e-01, 8.50400e-02, 4.25200e+00
5.80000e-01, 6.00000e-01, 5.90000e-01, 6.94965e-03, 3.47483e-01
6.00000e-01, 6.20000e-01, 6.10000e-01, 5.16070e-03, 2.58035e-01
6.20000e-01, 6.40000e-01, 6.30000e-01, 1.01508e-01, 5.07542e+00
6.40000e-01, 6.60000e-01, 6.50000e-01, 1.06340e-01, 5.31702e+00
6.60000e-01, 6.80000e-01, 6.70000e-01, 3.59325e-02, 1.79663e+00
6.80000e-01, 7.00000e-01, 6.90000e-01, 0.00000e+00, 0.00000e+00
7.00000e-01, 7.20000e-01, 7.10000e-01, 1.43469e-02, 7.17346e-01
7.20000e-01, 7.40000e-01, 7.30000e-01, 7.98461e-02, 3.99230e+00
7.40000e-01, 7.60000e-01, 7.50000e-01, 1.05918e-01, 5.29590e+00
7.60000e-01, 7.80000e-01, 7.70000e-01, 8.34132e-02, 4.17066e+00
7.80000e-01, 8.00000e-01, 7.90000e-01, 4.71694e-02, 2.35847e+00
8.00000e-01, 8.20000e-01, 8.10000e-01, 2.06405e-02, 1.03203e+00
8.20000e-01, 8.40000e-01, 8.30000e-01, 7.25529e-03, 3.62765e-01
8.40000e-01, 8.60000e-01, 8.50000e-01, 2.09156e-03, 1.04578e-01
8.60000e-01, 8.80000e-01, 8.70000e-01, 5.00308e-04, 2.50154e-02
8.80000e-01, 9.00000e-01, 8.90000e-01, 9.98857e-05, 4.99429e-03
9.00000e-01, 9.20000e-01, 9.10000e-01, 1.66696e-05, 8.33478e-04
9.20000e-01, 9.40000e-01, 9.30000e-01, 2.32012e-06, 1.16006e-04
9.40000e-01, 9.60000e-01, 9.50000e-01, 2.67682e-07, 1.33841e-05
9.60000e-01, 9.80000e-01, 9.70000e-01, 2.53337e-08, 1.26668e-06
9.80000e-01, 1.00000e+00, 9.90000e-01, 1.93524e-09, 9.67622e-08
1.00000e+00, 1.02000e+00, 1.01000e+00, 1.16457e-10, 5.82286e-09
1.02000e+00, 1.04000e+00, 1.03000e+00, 5.31756e-12, 2.65878e-10
1.04000e+00, 1.06000e+00, 1.05000e+00, 1.73230e-13, 8.66152e-12
1.06000e+00, 1.08000e+00, 1.07000e+00, 3.58824e-15, 1.79412e-13
1.08000e+00, 1.10000e+00, 1.09000e+00, 3.55271e-17, 1.77636e-15
1.10000e+00, 1.12000e+00, 1.11000e+00, 0.00000e+00, 0.00000e+00
1.12000e+00, 1.14000e+00, 1.13000e+00, 0.00000e+00, 0.00000e+00
1.14000e+00, 1.16000e+00, 1.15000e+00, 0.00000e+00, 0.00000e+00
1.16000e+00, 1.18000e+00, 1.17000e+00, 0.00000e+00, 0.00000e+00
1.18000e+00, 1.20000e+00, 1.19000e+00, 0.00000e+00, 0.00000e+00
1.20000e+00, 1.22000e+00, 1.21000e+00, 0.00000e+00, 0.00000e+00
1.22000e+00, 1.24000e+00, 1.23000e+00, 0.00000e+00, 0.00000e+00
1.24000e+00, 1.26000e+00, 1.25000e+00, 0.00000e+00, 0.00000e+00
1.26000e+00, 1.28000e+00, 1.27000e+00, 0.00000e+00, 0.00000e+00
1.28000e+00, 1.30000e+00, 1.29000e+00, 0.00000e+00, 0.00000e+00
1.30000e+00, 1.32000e+00, 1.31000e+00, 0.00000e+00, 0.00000e+00
1.32000e+00, 1.34000e+00, 1.33000e+00, 0.00000e+00, 0.00000e+00
1.34000e+00, 1.36000e+00, 1.35000e+00, 0.00000e+00, 0.00000e+00
1.36000e+00, 1.38000e+00, 1.37000e+00, 0.00000e+00, 0.00000e+00
1.38000e+00, 1.40000e+00, 1.39000e+00, 0.00000e+00, 0.00000e+00
1.40000e+00, 1.42000e+00, 1.41000e+00, 0.00000e+00, 0.00000e+00
1.42000e+00, 1.44000e+00, 1.43000e+00, 0.00000e+00, 0.00000e+00
1.44000e+00, 1.46000e+00, 1.45000e+00, 0.00000e+00, 0.00000e+00
1.46000e+00, 1.48000e+00, 1.47000e+00, 0.00000e+00, 0.00000e+00
1.48000e+00, 1.50000e+00, 1.49000e+00, 0.00000e+00, 0.00000e+00
1.50000e+00, 1.52000e+00, 1.51000e+00, 0.00000e+00, 0.00000e+00
1.52000e+00, 1.54000e+00, 1.53000e+00, 0.00000e+00, 0.00000e+00
1.54000e+00, 1.56000e+00, 1.55000e+00, 0.00000e+00, 0.00000e+00
1.56000e+00, 1.58000e+00, 1.57000e+00, 0.00000e+00, 0.00000e+00
1.58000e+00, 1.60000e+00, 1.59000e+00, 0.00000e+00, 0.00000e+00
1.60000e+00, 1.62000e+00, 1.61000e+00, 0.00000e+00, 0.00000e+00
1.62000e+00, 1.64000e+00, 1.63000e+00, 0.00000e+00, 0.00000e+00
1.64000e+00, 1.66000e+00, 1.65000e+00, 0.00000e+00, 0.00000e+00
1.66000e+00, 1.68000e+00, 1.67000e+00, 0.00000e+00, 0.00000e+00
1.68000e+00, 1.70000e+00, 1.69000e+00, 0.00000e+00, 0.00000e+00
1.70000e+00, 1.72000e+00, 1.71000e+00, 0.00000e+00, 0.00000e+00
1.72000e+00, 1.74000e+00, 1.73000e+00, 0.00000e+00, 0.00000e+00
1.74000e+00, 1.76000e+00, 1.75000e+00, 0.00000e+00, 0.00000e+00
1.76000e+00, 1.78000e+00, 1.77000e+00, 0.00000e+00, 0.00000e+00
1.78000e+00, 1.80000e+00, 1.79000e+00, 0.00000e+00, 0.00000e+00
1.80000e+00, 1.82000e+00, 1.81000e+00, 0.00000e+00, 0.00000e+00
1.82000e+00, 1.84000e+00, 1.83000e+00, 0.00000e+00, 0.00000e+00
1.84000e+00, 1.86000e+00, 1.85000e+00, 0.00000e+00, 0.00000e+00
1.86000e+00, 1.88000e+00, 1.87000e+00, 0.00000e+00, 0.00000e+00
1.88000e+00, 1.90000e+00, 1.89000e+00, 0.00000e+00, 0.00000e+00
1.90000e+00, 1.92000e+00, 1.91000e+00, 0.00000e+00, 0.00000e+00
1.92000e+00, 1.94000e+00, 1.93000e+00, 0.00000e+00, 0.00000e+00
1.94000e+00, 1.96000e+00, 1.95000e+00, 0.00000e+00, 0.00000e+00
1.96000e+00, 1.98000e+00, 1.97000e+00, 0.00000e+00, 0.00000e+00
1.98000e+00, 2.00000e+00, 1.99000e+00, 0.00000e+00, 0.00000e+00
