# time = 8.600000000000000e-01# start, end, pivot, particles, density
0.00000e+00, 2.00000e-02, 1.00000e-02, 0.00000e+00, 0.00000e+00
2.00000e-02, 4.00000e-02, 3.00000e-02, 0.00000e+00, 0.00000e+00
4.00000e-02, 6.00000e-02, 5.00000e-02, 0.00000e+00, 0.00000e+00
6.00000e-02, 8.00000e-02, 7.00000e-02, 0.00000e+00, 0.00000e+00
8.00000e-02, 1.00000e-01, 9.00000e-02, 0.00000e+00, 0.00000e+00
1.00000e-01, 1.20000e-01, 1.10000e-01, 0.00000e+00, 0.00000e+00
1.20000e-01, 1.40000e-01, 1.30000e-01, 0.00000e+00, 0.00000e+00
1.40000e-01, 1.60000e-01, 1.50000e-01, 0.00000e+00, 0.00000e+00
1.60000e-01, 1.80000e-01, 1.70000e-01, 0.00000e+00, 0.00000e+00
1.80000e-01, 2.00000e-01, 1.90000e-01, 0.00000e+00, 0.00000e+00
2.00000e-01, 2.20000e-01, 2.10000e-01, 0.00000e+00, 0.00000e+00
2.20000e-01, 2.40000e-01, 2.30000e-01, 0.00000e+00, 0.00000e+00
2.40000e-01, 2.60000e-01, 2.50000e-01, 0.00000e+00, 0.00000e+00
2.60000e-01, 2.80000e-01, 2.70000e-01, 0.00000e+00, 0.00000e+00
2.80000e-01, 3.00000e-01, 2.90000e-01, 0.00000e+00, 0.00000e+00
3.00000e-01, 3.20000e-01, 3.10000e-01, 0.00000e+00, 0.00000e+00
3.20000e-01, 3.40000e-01, 3.30000e-01, 0.00000e+00, 0.00000e+00
3.40000e-01, 3.60000e-01, 3.50000e-01, 0.00000e+00, 0.00000e+00
3.60000e-01, 3.80000e-01, 3.70000e-01, 0.00000e+00, 0.00000e+00
3.80000e-01, 4.00000e-01, 3.90000e-01, 0.00000e+00, 0.00000e+00
4.00000e-01, 4.20000e-01, 4.10000e-01, 0.00000e+00, 0.00000e+00
4.20000e-01, 4.40000e-01, 4.30000e-01, 0.00000e+00, 0.00000e+00
4.40000e-01, 4.60000e-01, 4.50000e-01, 0.00000e+00, 0.00000e+00
4.60000e-01, 4.80000e-01, 4.70000e-01, 0.00000e+00, 0.00000e+00
4.80000e-01, 5.00000e-01, 4.90000e-01, 0.00000e+00, 0.00000e+00
5.00000e-01, 5.20000e-01, 5.10000e-01, 0.00000e+00, 0.00000e+00
5.20000e-01, 5.40000e-01, 5.30000e-01, 0.00000e+00, 0.00000e+00
5.40000e-01, 5.60000e-01, 5.50000e-01, 0.00000e+00, 0.00000e+00
5.60000e-01, 5.80000e-01, 5.70000e-01, 1.19123e-01, 5.95615e+00
5.80000e-01, 6.00000e-01, 5.90000e-01, 1.72963e-01, 8.64814e+00
6.00000e-01, 6.20000e-01, 6.10000e-01, 4.59255e-02, 2.29627e+00
6.20000e-01, 6.40000e-01, 6.30000e-01, 0.00000e+00, 0.00000e+00
6.40000e-01, 6.60000e-01, 6.50000e-01, 2.47128e-01, 1.23564e+01
6.60000e-01, 6.80000e-01, 6.70000e-01, 5.44501e-01, 2.72251e+01
6.80000e-01, 7.00000e-01, 6.90000e-01, 2.74842e-01, 1.37421e+01
7.00000e-01, 7.20000e-01, 7.10000e-01, 0.00000e+00, 0.00000e+00
7.20000e-01, 7.40000e-01, 7.30000e-01, 8.87490e-02, 4.43745e+00
7.40000e-01, 7.60000e-01, 7.50000e-01, 6.91815e-01, 3.45908e+01
7.60000e-01, 7.80000e-01, 7.70000e-01, 6.88293e-01, 3.44147e+01
7.80000e-01, 8.00000e-01, 7.90000e-01, 2.03425e-01, 1.01713e+01
8.00000e-01, 8.20000e-01, 8.10000e-01, 0.00000e+00, 0.00000e+00
8.20000e-01, 8.40000e-01, 8.30000e-01, 2.53327e-01, 1.26664e+01
8.40000e-01, 8.60000e-01, 8.50000e-01, 8.67597e-01, 4.33799e+01
8.60000e-01, 8.80000e-01, 8.70000e-01, 7.74198e-01, 3.87099e+01
8.80000e-01, 9.00000e-01, 8.90000e-01, 2.63534e-01, 1.31767e+01
9.00000e-01, 9.20000e-01, 9.10000e-01, 0.00000e+00, 0.00000e+00
9.20000e-01, 9.40000e-01, 9.30000e-01, 8.21127e-02, 4.10564e+00
9.40000e-01, 9.60000e-01, 9.50000e-01, 7.22964e-01, 3.61482e+01
9.60000e-01, 9.80000e-01, 9.70000e-01, 9.37350e-01, 4.68675e+01
9.80000e-01, 1.00000e+00, 9.90000e-01, 5.88177e-01, 2.94089e+01
1.00000e+00, 1.02000e+00, 1.01000e+00, 1.57327e-01, 7.86635e+00
1.02000e+00, 1.04000e+00, 1.03000e+00, 0.00000e+00, 0.00000e+00
1.04000e+00, 1.06000e+00, 1.05000e+00, 5.90591e-02, 2.95296e+00
1.06000e+00, 1.08000e+00, 1.07000e+00, 5.32464e-01, 2.66232e+01
1.08000e+00, 1.10000e+00, 1.09000e+00, 7.75109e-01, 3.87555e+01
1.10000e+00, 1.12000e+00, 1.11000e+00, 6.30123e-01, 3.15061e+01
1.12000e+00, 1.14000e+00, 1.13000e+00, 3.24148e-01, 1.62074e+01
1.14000e+00, 1.16000e+00, 1.15000e+00, 9.54790e-02, 4.77395e+00
1.16000e+00, 1.18000e+00, 1.17000e+00, 2.86726e-03, 1.43363e-01
1.18000e+00, 1.20000e+00, 1.19000e+00, 0.00000e+00, 0.00000e+00
1.20000e+00, 1.22000e+00, 1.21000e+00, 1.29536e-01, 6.47681e+00
1.22000e+00, 1.24000e+00, 1.23000e+00, 2.81569e-01, 1.40784e+01
1.24000e+00, 1.26000e+00, 1.25000e+00, 3.25601e-01, 1.62800e+01
1.26000e+00, 1.28000e+00, 1.27000e+00, 2.77743e-01, 1.38871e+01
1.28000e+00, 1.30000e+00, 1.29000e+00, 1.94393e-01, 9.71964e+00
1.30000e+00, 1.32000e+00, 1.31000e+00, 1.17291e-01, 5.86453e+00
1.32000e+00, 1.34000e+00, 1.33000e+00, 6.27146e-02, 3.13573e+00
1.34000e+00, 1.36000e+00, 1.35000e+00, 3.02329e-02, 1.51164e+00
1.36000e+00, 1.38000e+00, 1.37000e+00, 1.32936e-02, 6.64682e-01
1.38000e+00, 1.40000e+00, 1.39000e+00, 5.37604e-03, 2.68802e-01
1.40000e+00, 1.42000e+00, 1.41000e+00, 2.01188e-03, 1.00594e-01
1.42000e+00, 1.44000e+00, 1.43000e+00, 7.00013e-04, 3.50007e-02
1.44000e+00, 1.46000e+00, 1.45000e+00, 2.27283e-04, 1.13642e-02
1.46000e+00, 1.48000e+00, 1.47000e+00, 6.90644e-05, 3.45322e-03
1.48000e+00, 1.50000e+00, 1.49000e+00, 1.96871e-05, 9.84354e-04
1.50000e+00, 1.52000e+00, 1.51000e+00, 5.27438e-06, 2.63719e-04
1.52000e+00, 1.54000e+00, 1.53000e+00, 1.33011e-06, 6.65055e-05
1.54000e+00, 1.56000e+00, 1.55000e+00, 3.16130e-07, 1.58065e-05
1.56000e+00, 1.58000e+00, 1.57000e+00, 7.08813e-08, 3.54406e-06
1.58000e+00, 1.60000e+00, 1.59000e+00, 1.50044e-08, 7.50220e-07
1.60000e+00, 1.62000e+00, 1.61000e+00, 3.00040e-09, 1.50020e-07
1.62000e+00, 1.64000e+00, 1.63000e+00, 5.67012e-10, 2.83506e-08
1.64000e+00, 1.66000e+00, 1.65000e+00, 1.01291e-10, 5.06453e-09
1.66000e+00, 1.68000e+00, 1.67000e+00, 1.71066e-11, 8.55328e-10
1.68000e+00, 1.70000e+00, 1.69000e+00, 2.73126e-12, 1.36563e-10
1.70000e+00, 1.72000e+00, 1.71000e+00, 4.12198e-13, 2.06099e-11
1.72000e+00, 1.74000e+00, 1.73000e+00, 5.87819e-14, 2.93909e-12
1.74000e+00, 1.76000e+00, 1.75000e+00, 7.91367e-15, 3.95683e-13
1.76000e+00, 1.78000e+00, 1.77000e+00, 1.00475e-15, 5.02376e-14
1.78000e+00, 1.80000e+00, 1.79000e+00, 1.19904e-16, 5.99520e-15
1.80000e+00, 1.82000e+00, 1.81000e+00, 1.11022e-17, 5.55112e-16
1.82000e+00, 1.84000e+00, 1.83000e+00, 0.00000e+00, 0.00000e+00
1.84000e+00, 1.86000e+00, 1.85000e+00, 0.00000e+00, 0.00000e+00
1.86000e+00, 1.88000e+00, 1.87000e+00, 0.00000e+00, 0.00000e+00
1.88000e+00, 1.90000e+00, 1.89000e+00, 0.00000e+00, 0.00000e+00
1.90000e+00, 1.92000e+00, 1.91000e+00, 0.00000e+00, 0.00000e+00
1.92000e+00, 1.94000e+00, 1.93000e+00, 0.00000e+00, 0.00000e+00
1.94000e+00, 1.96000e+00, 1.95000e+00, 0.00000e+00, 0.00000e+00
1.96000e+00, 1.98000e+00, 1.97000e+00, 0.00000e+00, 0.00000e+00
1.98000e+00, 2.00000e+00, 1.99000e+00, 0.00000e+00, 0.00000e+00
