# time = 7.500000000000000e-01# start, end, pivot, particles, density
0.00000e+00, 2.00000e-02, 1.00000e-02, 0.00000e+00, 0.00000e+00
2.00000e-02, 4.00000e-02, 3.00000e-02, 0.00000e+00, 0.00000e+00
4.00000e-02, 6.00000e-02, 5.00000e-02, 0.00000e+00, 0.00000e+00
6.00000e-02, 8.00000e-02, 7.00000e-02, 0.00000e+00, 0.00000e+00
8.00000e-02, 1.00000e-01, 9.00000e-02, 0.00000e+00, 0.00000e+00
1.00000e-01, 1.20000e-01, 1.10000e-01, 0.00000e+00, 0.00000e+00
1.20000e-01, 1.40000e-01, 1.30000e-01, 0.00000e+00, 0.00000e+00
1.40000e-01, 1.60000e-01, 1.50000e-01, 0.00000e+00, 0.00000e+00
1.60000e-01, 1.80000e-01, 1.70000e-01, 0.00000e+00, 0.00000e+00
1.80000e-01, 2.00000e-01, 1.90000e-01, 0.00000e+00, 0.00000e+00
2.00000e-01, 2.20000e-01, 2.10000e-01, 0.00000e+00, 0.00000e+00
2.20000e-01, 2.40000e-01, 2.30000e-01, 0.00000e+00, 0.00000e+00
2.40000e-01, 2.60000e-01, 2.50000e-01, 0.00000e+00, 0.00000e+00
2.60000e-01, 2.80000e-01, 2.70000e-01, 0.00000e+00, 0.00000e+00
2.80000e-01, 3.00000e-01, 2.90000e-01, 0.00000e+00, 0.00000e+00
3.00000e-01, 3.20000e-01, 3.10000e-01, 0.00000e+00, 0.00000e+00
3.20000e-01, 3.40000e-01, 3.30000e-01, 0.00000e+00, 0.00000e+00
3.40000e-01, 3.60000e-01, 3.50000e-01, 0.00000e+00, 0.00000e+00
3.60000e-01, 3.80000e-01, 3.70000e-01, 0.00000e+00, 0.00000e+00
3.80000e-01, 4.00000e-01, 3.90000e-01, 0.00000e+00, 0.00000e+00
4.00000e-01, 4.20000e-01, 4.10000e-01, 0.00000e+00, 0.00000e+00
4.20000e-01, 4.40000e-01, 4.30000e-01, 0.00000e+00, 0.00000e+00
4.40000e-01, 4.60000e-01, 4.50000e-01, 0.00000e+00, 0.00000e+00
4.60000e-01, 4.80000e-01, 4.70000e-01, 0.00000e+00, 0.00000e+00
4.80000e-01, 5.00000e-01, 4.90000e-01, 0.00000e+00, 0.00000e+00
5.00000e-01, 5.20000e-01, 5.10000e-01, 7.72026e-02, 3.86013e+00
5.20000e-01, 5.40000e-01, 5.30000e-01, 1.05244e-01, 5.26220e+00
5.40000e-01, 5.60000e-01, 5.50000e-01, 1.92037e-02, 9.60184e-01
5.60000e-01, 5.80000e-01, 5.70000e-01, 0.00000e+00, 0.00000e+00
5.80000e-01, 6.00000e-01, 5.90000e-01, 2.27052e-01, 1.13526e+01
6.00000e-01, 6.20000e-01, 6.10000e-01, 3.24249e-01, 1.62124e+01
6.20000e-01, 6.40000e-01, 6.30000e-01, 9.30198e-02, 4.65099e+00
6.40000e-01, 6.60000e-01, 6.50000e-01, 0.00000e+00, 0.00000e+00
6.60000e-01, 6.80000e-01, 6.70000e-01, 2.37667e-01, 1.18833e+01
6.80000e-01, 7.00000e-01, 6.90000e-01, 5.11041e-01, 2.55520e+01
7.00000e-01, 7.20000e-01, 7.10000e-01, 2.68323e-01, 1.34162e+01
7.20000e-01, 7.40000e-01, 7.30000e-01, 0.00000e+00, 0.00000e+00
7.40000e-01, 7.60000e-01, 7.50000e-01, 3.19756e-02, 1.59878e+00
7.60000e-01, 7.80000e-01, 7.70000e-01, 4.88805e-01, 2.44403e+01
7.80000e-01, 8.00000e-01, 7.90000e-01, 5.68277e-01, 2.84138e+01
8.00000e-01, 8.20000e-01, 8.10000e-01, 2.31449e-01, 1.15724e+01
8.20000e-01, 8.40000e-01, 8.30000e-01, 0.00000e+00, 0.00000e+00
8.40000e-01, 8.60000e-01, 8.50000e-01, 3.88964e-02, 1.94482e+00
8.60000e-01, 8.80000e-01, 8.70000e-01, 4.90494e-01, 2.45247e+01
8.80000e-01, 9.00000e-01, 8.90000e-01, 6.47183e-01, 3.23592e+01
9.00000e-01, 9.20000e-01, 9.10000e-01, 3.80709e-01, 1.90355e+01
9.20000e-01, 9.40000e-01, 9.30000e-01, 8.67948e-02, 4.33974e+00
9.40000e-01, 9.60000e-01, 9.50000e-01, 0.00000e+00, 0.00000e+00
9.60000e-01, 9.80000e-01, 9.70000e-01, 1.16045e-01, 5.80224e+00
9.80000e-01, 1.00000e+00, 9.90000e-01, 4.69520e-01, 2.34760e+01
1.00000e+00, 1.02000e+00, 1.01000e+00, 5.68729e-01, 2.84365e+01
1.02000e+00, 1.04000e+00, 1.03000e+00, 3.92226e-01, 1.96113e+01
1.04000e+00, 1.06000e+00, 1.05000e+00, 1.63853e-01, 8.19267e+00
1.06000e+00, 1.08000e+00, 1.07000e+00, 2.96913e-02, 1.48456e+00
1.08000e+00, 1.10000e+00, 1.09000e+00, 0.00000e+00, 0.00000e+00
1.10000e+00, 1.12000e+00, 1.11000e+00, 4.24587e-02, 2.12294e+00
1.12000e+00, 1.14000e+00, 1.13000e+00, 1.86864e-01, 9.34320e+00
1.14000e+00, 1.16000e+00, 1.15000e+00, 2.66786e-01, 1.33393e+01
1.16000e+00, 1.18000e+00, 1.17000e+00, 2.52318e-01, 1.26159e+01
1.18000e+00, 1.20000e+00, 1.19000e+00, 1.87222e-01, 9.36112e+00
1.20000e+00, 1.22000e+00, 1.21000e+00, 1.16766e-01, 5.83832e+00
1.22000e+00, 1.24000e+00, 1.23000e+00, 6.34414e-02, 3.17207e+00
1.24000e+00, 1.26000e+00, 1.25000e+00, 3.06760e-02, 1.53380e+00
1.26000e+00, 1.28000e+00, 1.27000e+00, 1.33861e-02, 6.69307e-01
1.28000e+00, 1.30000e+00, 1.29000e+00, 5.32299e-03, 2.66150e-01
1.30000e+00, 1.32000e+00, 1.31000e+00, 1.94251e-03, 9.71254e-02
1.32000e+00, 1.34000e+00, 1.33000e+00, 6.53996e-04, 3.26998e-02
1.34000e+00, 1.36000e+00, 1.35000e+00, 2.03966e-04, 1.01983e-02
1.36000e+00, 1.38000e+00, 1.37000e+00, 5.91134e-05, 2.95567e-03
1.38000e+00, 1.40000e+00, 1.39000e+00, 1.59604e-05, 7.98019e-04
1.40000e+00, 1.42000e+00, 1.41000e+00, 4.02237e-06, 2.01118e-04
1.42000e+00, 1.44000e+00, 1.43000e+00, 9.47694e-07, 4.73847e-05
1.44000e+00, 1.46000e+00, 1.45000e+00, 2.08986e-07, 1.04493e-05
1.46000e+00, 1.48000e+00, 1.47000e+00, 4.31734e-08, 2.15867e-06
1.48000e+00, 1.50000e+00, 1.49000e+00, 8.36057e-09, 4.18028e-07
1.50000e+00, 1.52000e+00, 1.51000e+00, 1.51827e-09, 7.59133e-08
1.52000e+00, 1.54000e+00, 1.53000e+00, 2.58602e-10, 1.29301e-08
1.54000e+00, 1.56000e+00, 1.55000e+00, 4.13126e-11, 2.06563e-09
1.56000e+00, 1.58000e+00, 1.57000e+00, 6.18887e-12, 3.09443e-10
1.58000e+00, 1.60000e+00, 1.59000e+00, 8.69060e-13, 4.34530e-11
1.60000e+00, 1.62000e+00, 1.61000e+00, 1.14324e-13, 5.71621e-12
1.62000e+00, 1.64000e+00, 1.63000e+00, 1.40732e-14, 7.03659e-13
1.64000e+00, 1.66000e+00, 1.65000e+00, 1.61648e-15, 8.08242e-14
1.66000e+00, 1.68000e+00, 1.67000e+00, 1.70974e-16, 8.54872e-15
1.68000e+00, 1.70000e+00, 1.69000e+00, 1.55431e-17, 7.77156e-16
1.70000e+00, 1.72000e+00, 1.71000e+00, 1.11022e-18, 5.55112e-17
1.72000e+00, 1.74000e+00, 1.73000e+00, 0.00000e+00, 0.00000e+00
1.74000e+00, 1.76000e+00, 1.75000e+00, 0.00000e+00, 0.00000e+00
1.76000e+00, 1.78000e+00, 1.77000e+00, 0.00000e+00, 0.00000e+00
1.78000e+00, 1.80000e+00, 1.79000e+00, 0.00000e+00, 0.00000e+00
1.80000e+00, 1.82000e+00, 1.81000e+00, 0.00000e+00, 0.00000e+00
1.82000e+00, 1.84000e+00, 1.83000e+00, 0.00000e+00, 0.00000e+00
1.84000e+00, 1.86000e+00, 1.85000e+00, 0.00000e+00, 0.00000e+00
1.86000e+00, 1.88000e+00, 1.87000e+00, 0.00000e+00, 0.00000e+00
1.88000e+00, 1.90000e+00, 1.89000e+00, 0.00000e+00, 0.00000e+00
1.90000e+00, 1.92000e+00, 1.91000e+00, 0.00000e+00, 0.00000e+00
1.92000e+00, 1.94000e+00, 1.93000e+00, 0.00000e+00, 0.00000e+00
1.94000e+00, 1.96000e+00, 1.95000e+00, 0.00000e+00, 0.00000e+00
1.96000e+00, 1.98000e+00, 1.97000e+00, 0.00000e+00, 0.00000e+00
1.98000e+00, 2.00000e+00, 1.99000e+00, 0.00000e+00, 0.00000e+00
