# time = 2.300000000000000e-01# start, end, pivot, particles, density
0.00000e+00, 2.00000e-02, 1.00000e-02, 0.00000e+00, 0.00000e+00
2.00000e-02, 4.00000e-02, 3.00000e-02, 0.00000e+00, 0.00000e+00
4.00000e-02, 6.00000e-02, 5.00000e-02, 0.00000e+00, 0.00000e+00
6.00000e-02, 8.00000e-02, 7.00000e-02, 0.00000e+00, 0.00000e+00
8.00000e-02, 1.00000e-01, 9.00000e-02, 0.00000e+00, 0.00000e+00
1.00000e-01, 1.20000e-01, 1.10000e-01, 0.00000e+00, 0.00000e+00
1.20000e-01, 1.40000e-01, 1.30000e-01, 0.00000e+00, 0.00000e+00
1.40000e-01, 1.60000e-01, 1.50000e-01, 0.00000e+00, 0.00000e+00
1.60000e-01, 1.80000e-01, 1.70000e-01, 0.00000e+00, 0.00000e+00
1.80000e-01, 2.00000e-01, 1.90000e-01, 0.00000e+00, 0.00000e+00
2.00000e-01, 2.20000e-01, 2.10000e-01, 0.00000e+00, 0.00000e+00
2.20000e-01, 2.40000e-01, 2.30000e-01, 0.00000e+00, 0.00000e+00
2.40000e-01, 2.60000e-01, 2.50000e-01, 0.00000e+00, 0.00000e+00
2.60000e-01, 2.80000e-01, 2.70000e-01, 7.46016e-03, 3.73008e-01
2.80000e-01, 3.00000e-01, 2.90000e-01, 2.34066e-02, 1.17033e+00
3.00000e-01, 3.20000e-01, 3.10000e-01, 3.36911e-02, 1.68456e+00
3.20000e-01, 3.40000e-01, 3.30000e-01, 3.80266e-02, 1.90133e+00
3.40000e-01, 3.60000e-01, 3.50000e-01, 3.99027e-02, 1.99514e+00
3.60000e-01, 3.80000e-01, 3.70000e-01, 3.84948e-02, 1.92474e+00
3.80000e-01, 4.00000e-01, 3.90000e-01, 4.43638e-02, 2.21819e+00
4.00000e-01, 4.20000e-01, 4.10000e-01, 2.95558e-02, 1.47779e+00
4.20000e-01, 4.40000e-01, 4.30000e-01, 5.78353e-02, 2.89177e+00
4.40000e-01, 4.60000e-01, 4.50000e-01, 2.25753e-02, 1.12877e+00
4.60000e-01, 4.80000e-01, 4.70000e-01, 3.66175e-02, 1.83088e+00
4.80000e-01, 5.00000e-01, 4.90000e-01, 7.62161e-02, 3.81080e+00
5.00000e-01, 5.20000e-01, 5.10000e-01, 3.74687e-03, 1.87344e-01
5.20000e-01, 5.40000e-01, 5.30000e-01, 2.71994e-02, 1.35997e+00
5.40000e-01, 5.60000e-01, 5.50000e-01, 9.72115e-02, 4.86058e+00
5.60000e-01, 5.80000e-01, 5.70000e-01, 3.70499e-02, 1.85250e+00
5.80000e-01, 6.00000e-01, 5.90000e-01, 0.00000e+00, 0.00000e+00
6.00000e-01, 6.20000e-01, 6.10000e-01, 6.15034e-02, 3.07517e+00
6.20000e-01, 6.40000e-01, 6.30000e-01, 1.11797e-01, 5.58985e+00
6.40000e-01, 6.60000e-01, 6.50000e-01, 5.43953e-02, 2.71977e+00
6.60000e-01, 6.80000e-01, 6.70000e-01, 2.11229e-03, 1.05615e-01
6.80000e-01, 7.00000e-01, 6.90000e-01, 9.30809e-04, 4.65405e-02
7.00000e-01, 7.20000e-01, 7.10000e-01, 6.31029e-02, 3.15515e+00
7.20000e-01, 7.40000e-01, 7.30000e-01, 1.00903e-01, 5.04516e+00
7.40000e-01, 7.60000e-01, 7.50000e-01, 8.65096e-02, 4.32548e+00
7.60000e-01, 7.80000e-01, 7.70000e-01, 5.12136e-02, 2.56068e+00
7.80000e-01, 8.00000e-01, 7.90000e-01, 2.29341e-02, 1.14670e+00
8.00000e-01, 8.20000e-01, 8.10000e-01, 8.11313e-03, 4.05657e-01
8.20000e-01, 8.40000e-01, 8.30000e-01, 2.32061e-03, 1.16031e-01
8.40000e-01, 8.60000e-01, 8.50000e-01, 5.43486e-04, 2.71743e-02
8.60000e-01, 8.80000e-01, 8.70000e-01, 1.04824e-04, 5.24120e-03
8.80000e-01, 9.00000e-01, 8.90000e-01, 1.66608e-05, 8.33038e-04
9.00000e-01, 9.20000e-01, 9.10000e-01, 2.17346e-06, 1.08673e-04
9.20000e-01, 9.40000e-01, 9.30000e-01, 2.30651e-07, 1.15325e-05
9.40000e-01, 9.60000e-01, 9.50000e-01, 1.96158e-08, 9.80791e-07
9.60000e-01, 9.80000e-01, 9.70000e-01, 1.30601e-09, 6.53007e-08
9.80000e-01, 1.00000e+00, 9.90000e-01, 6.56189e-11, 3.28095e-09
1.00000e+00, 1.02000e+00, 1.01000e+00, 2.34081e-12, 1.17041e-10
1.02000e+00, 1.04000e+00, 1.03000e+00, 5.28644e-14, 2.64322e-12
1.04000e+00, 1.06000e+00, 1.05000e+00, 5.68434e-16, 2.84217e-14
1.06000e+00, 1.08000e+00, 1.07000e+00, 0.00000e+00, 0.00000e+00
1.08000e+00, 1.10000e+00, 1.09000e+00, 0.00000e+00, 0.00000e+00
1.10000e+00, 1.12000e+00, 1.11000e+00, 0.00000e+00, 0.00000e+00
1.12000e+00, 1.14000e+00, 1.13000e+00, 0.00000e+00, 0.00000e+00
1.14000e+00, 1.16000e+00, 1.15000e+00, 0.00000e+00, 0.00000e+00
1.16000e+00, 1.18000e+00, 1.17000e+00, 0.00000e+00, 0.00000e+00
1.18000e+00, 1.20000e+00, 1.19000e+00, 0.00000e+00, 0.00000e+00
1.20000e+00, 1.22000e+00, 1.21000e+00, 0.00000e+00, 0.00000e+00
1.22000e+00, 1.24000e+00, 1.23000e+00, 0.00000e+00, 0.00000e+00
1.24000e+00, 1.26000e+00, 1.25000e+00, 0.00000e+00, 0.00000e+00
1.26000e+00, 1.28000e+00, 1.27000e+00, 0.00000e+00, 0.00000e+00
1.28000e+00, 1.30000e+00, 1.29000e+00, 0.00000e+00, 0.00000e+00
1.30000e+00, 1.32000e+00, 1.31000e+00, 0.00000e+00, 0.00000e+00
1.32000e+00, 1.34000e+00, 1.33000e+00, 0.00000e+00, 0.00000e+00
1.34000e+00, 1.36000e+00, 1.35000e+00, 0.00000e+00, 0.00000e+00
1.36000e+00, 1.38000e+00, 1.37000e+00, 0.00000e+00, 0.00000e+00
1.38000e+00, 1.40000e+00, 1.39000e+00, 0.00000e+00, 0.00000e+00
1.40000e+00, 1.42000e+00, 1.41000e+00, 0.00000e+00, 0.00000e+00
1.42000e+00, 1.44000e+00, 1.43000e+00, 0.00000e+00, 0.00000e+00
1.44000e+00, 1.46000e+00, 1.45000e+00, 0.00000e+00, 0.00000e+00
1.46000e+00, 1.48000e+00, 1.47000e+00, 0.00000e+00, 0.00000e+00
1.48000e+00, 1.50000e+00, 1.49000e+00, 0.00000e+00, 0.00000e+00
1.50000e+00, 1.52000e+00, 1.51000e+00, 0.00000e+00, 0.00000e+00
1.52000e+00, 1.54000e+00, 1.53000e+00, 0.00000e+00, 0.00000e+00
1.54000e+00, 1.56000e+00, 1.55000e+00, 0.00000e+00, 0.00000e+00
1.56000e+00, 1.58000e+00, 1.57000e+00, 0.00000e+00, 0.00000e+00
1.58000e+00, 1.60000e+00, 1.59000e+00, 0.00000e+00, 0.00000e+00
1.60000e+00, 1.62000e+00, 1.61000e+00, 0.00000e+00, 0.00000e+00
1.62000e+00, 1.64000e+00, 1.63000e+00, 0.00000e+00, 0.00000e+00
1.64000e+00, 1.66000e+00, 1.65000e+00, 0.00000e+00, 0.00000e+00
1.66000e+00, 1.68000e+00, 1.67000e+00, 0.00000e+00, 0.00000e+00
1.68000e+00, 1.70000e+00, 1.69000e+00, 0.00000e+00, 0.00000e+00
1.70000e+00, 1.72000e+00, 1.71000e+00, 0.00000e+00, 0.00000e+00
1.72000e+00, 1.74000e+00, 1.73000e+00, 0.00000e+00, 0.00000e+00
1.74000e+00, 1.76000e+00, 1.75000e+00, 0.00000e+00, 0.00000e+00
1.76000e+00, 1.78000e+00, 1.77000e+00, 0.00000e+00, 0.00000e+00
1.78000e+00, 1.80000e+00, 1.79000e+00, 0.00000e+00, 0.00000e+00
1.80000e+00, 1.82000e+00, 1.81000e+00, 0.00000e+00, 0.00000e+00
1.82000e+00, 1.84000e+00, 1.83000e+00, 0.00000e+00, 0.00000e+00
1.84000e+00, 1.86000e+00, 1.85000e+00, 0.00000e+00, 0.00000e+00
1.86000e+00, 1.88000e+00, 1.87000e+00, 0.00000e+00, 0.00000e+00
1.88000e+00, 1.90000e+00, 1.89000e+00, 0.00000e+00, 0.00000e+00
1.90000e+00, 1.92000e+00, 1.91000e+00, 0.00000e+00, 0.00000e+00
1.92000e+00, 1.94000e+00, 1.93000e+00, 0.00000e+00, 0.00000e+00
1.94000e+00, 1.96000e+00, 1.95000e+00, 0.00000e+00, 0.00000e+00
1.96000e+00, 1.98000e+00, 1.97000e+00, 0.00000e+00, 0.00000e+00
1.98000e+00, 2.00000e+00, 1.99000e+00, 0.00000e+00, 0.00000e+00
