# time = 2.100000000000000e-01# start, end, pivot, particles, density
0.00000e+00, 2.00000e-02, 1.00000e-02, 0.00000e+00, 0.00000e+00
2.00000e-02, 4.00000e-02, 3.00000e-02, 0.00000e+00, 0.00000e+00
4.00000e-02, 6.00000e-02, 5.00000e-02, 0.00000e+00, 0.00000e+00
6.00000e-02, 8.00000e-02, 7.00000e-02, 0.00000e+00, 0.00000e+00
8.00000e-02, 1.00000e-01, 9.00000e-02, 0.00000e+00, 0.00000e+00
1.00000e-01, 1.20000e-01, 1.10000e-01, 0.00000e+00, 0.00000e+00
1.20000e-01, 1.40000e-01, 1.30000e-01, 0.00000e+00, 0.00000e+00
1.40000e-01, 1.60000e-01, 1.50000e-01, 0.00000e+00, 0.00000e+00
1.60000e-01, 1.80000e-01, 1.70000e-01, 0.00000e+00, 0.00000e+00
1.80000e-01, 2.00000e-01, 1.90000e-01, 0.00000e+00, 0.00000e+00
2.00000e-01, 2.20000e-01, 2.10000e-01, 0.00000e+00, 0.00000e+00
2.20000e-01, 2.40000e-01, 2.30000e-01, 0.00000e+00, 0.00000e+00
2.40000e-01, 2.60000e-01, 2.50000e-01, 5.37791e-03, 2.68896e-01
2.60000e-01, 2.80000e-01, 2.70000e-01, 2.15368e-02, 1.07684e+00
2.80000e-01, 3.00000e-01, 2.90000e-01, 3.28853e-02, 1.64427e+00
3.00000e-01, 3.20000e-01, 3.10000e-01, 3.78808e-02, 1.89404e+00
3.20000e-01, 3.40000e-01, 3.30000e-01, 3.94845e-02, 1.97423e+00
3.40000e-01, 3.60000e-01, 3.50000e-01, 3.99842e-02, 1.99921e+00
3.60000e-01, 3.80000e-01, 3.70000e-01, 3.95850e-02, 1.97925e+00
3.80000e-01, 4.00000e-01, 3.90000e-01, 4.15878e-02, 2.07939e+00
4.00000e-01, 4.20000e-01, 4.10000e-01, 3.50708e-02, 1.75354e+00
4.20000e-01, 4.40000e-01, 4.30000e-01, 5.14934e-02, 2.57467e+00
4.40000e-01, 4.60000e-01, 4.50000e-01, 2.15604e-02, 1.07802e+00
4.60000e-01, 4.80000e-01, 4.70000e-01, 5.47873e-02, 2.73937e+00
4.80000e-01, 5.00000e-01, 4.90000e-01, 5.06399e-02, 2.53199e+00
5.00000e-01, 5.20000e-01, 5.10000e-01, 0.00000e+00, 0.00000e+00
5.20000e-01, 5.40000e-01, 5.30000e-01, 6.74015e-02, 3.37007e+00
5.40000e-01, 5.60000e-01, 5.50000e-01, 7.22090e-02, 3.61045e+00
5.60000e-01, 5.80000e-01, 5.70000e-01, 1.84045e-03, 9.20224e-02
5.80000e-01, 6.00000e-01, 5.90000e-01, 1.99704e-02, 9.98522e-01
6.00000e-01, 6.20000e-01, 6.10000e-01, 9.98579e-02, 4.99290e+00
6.20000e-01, 6.40000e-01, 6.30000e-01, 7.55930e-02, 3.77965e+00
6.40000e-01, 6.60000e-01, 6.50000e-01, 1.10482e-02, 5.52410e-01
6.60000e-01, 6.80000e-01, 6.70000e-01, 0.00000e+00, 0.00000e+00
6.80000e-01, 7.00000e-01, 6.90000e-01, 4.48072e-02, 2.24036e+00
7.00000e-01, 7.20000e-01, 7.10000e-01, 9.32398e-02, 4.66199e+00
7.20000e-01, 7.40000e-01, 7.30000e-01, 8.87028e-02, 4.43514e+00
7.40000e-01, 7.60000e-01, 7.50000e-01, 5.54541e-02, 2.77270e+00
7.60000e-01, 7.80000e-01, 7.70000e-01, 2.55205e-02, 1.27602e+00
7.80000e-01, 8.00000e-01, 7.90000e-01, 9.09808e-03, 4.54904e-01
8.00000e-01, 8.20000e-01, 8.10000e-01, 2.57944e-03, 1.28972e-01
8.20000e-01, 8.40000e-01, 8.30000e-01, 5.89543e-04, 2.94772e-02
8.40000e-01, 8.60000e-01, 8.50000e-01, 1.09225e-04, 5.46124e-03
8.60000e-01, 8.80000e-01, 8.70000e-01, 1.63921e-05, 8.19605e-04
8.80000e-01, 9.00000e-01, 8.90000e-01, 1.97968e-06, 9.89841e-05
9.00000e-01, 9.20000e-01, 9.10000e-01, 1.89871e-07, 9.49356e-06
9.20000e-01, 9.40000e-01, 9.30000e-01, 1.41462e-08, 7.07311e-07
9.40000e-01, 9.60000e-01, 9.50000e-01, 7.90023e-10, 3.95012e-08
9.60000e-01, 9.80000e-01, 9.70000e-01, 3.11411e-11, 1.55705e-09
9.80000e-01, 1.00000e+00, 9.90000e-01, 7.73070e-13, 3.86535e-11
1.00000e+00, 1.02000e+00, 1.01000e+00, 9.09495e-15, 4.54747e-13
1.02000e+00, 1.04000e+00, 1.03000e+00, 0.00000e+00, 0.00000e+00
1.04000e+00, 1.06000e+00, 1.05000e+00, 0.00000e+00, 0.00000e+00
1.06000e+00, 1.08000e+00, 1.07000e+00, 0.00000e+00, 0.00000e+00
1.08000e+00, 1.10000e+00, 1.09000e+00, 0.00000e+00, 0.00000e+00
1.10000e+00, 1.12000e+00, 1.11000e+00, 0.00000e+00, 0.00000e+00
1.12000e+00, 1.14000e+00, 1.13000e+00, 0.00000e+00, 0.00000e+00
1.14000e+00, 1.16000e+00, 1.15000e+00, 0.00000e+00, 0.00000e+00
1.16000e+00, 1.18000e+00, 1.17000e+00, 0.00000e+00, 0.00000e+00
1.18000e+00, 1.20000e+00, 1.19000e+00, 0.00000e+00, 0.00000e+00
1.20000e+00, 1.22000e+00, 1.21000e+00, 0.00000e+00, 0.00000e+00
1.22000e+00, 1.24000e+00, 1.23000e+00, 0.00000e+00, 0.00000e+00
1.24000e+00, 1.26000e+00, 1.25000e+00, 0.00000e+00, 0.00000e+00
1.26000e+00, 1.28000e+00, 1.27000e+00, 0.00000e+00, 0.00000e+00
1.28000e+00, 1.30000e+00, 1.29000e+00, 0.00000e+00, 0.00000e+00
1.30000e+00, 1.32000e+00, 1.31000e+00, 0.00000e+00, 0.00000e+00
1.32000e+00, 1.34000e+00, 1.33000e+00, 0.00000e+00, 0.00000e+00
1.34000e+00, 1.36000e+00, 1.35000e+00, 0.00000e+00, 0.00000e+00
1.36000e+00, 1.38000e+00, 1.37000e+00, 0.00000e+00, 0.00000e+00
1.38000e+00, 1.40000e+00, 1.39000e+00, 0.00000e+00, 0.00000e+00
1.40000e+00, 1.42000e+00, 1.41000e+00, 0.00000e+00, 0.00000e+00
1.42000e+00, 1.44000e+00, 1.43000e+00, 0.00000e+00, 0.00000e+00
1.44000e+00, 1.46000e+00, 1.45000e+00, 0.00000e+00, 0.00000e+00
1.46000e+00, 1.48000e+00, 1.47000e+00, 0.00000e+00, 0.00000e+00
1.48000e+00, 1.50000e+00, 1.49000e+00, 0.00000e+00, 0.00000e+00
1.50000e+00, 1.52000e+00, 1.51000e+00, 0.00000e+00, 0.00000e+00
1.52000e+00, 1.54000e+00, 1.53000e+00, 0.00000e+00, 0.00000e+00
1.54000e+00, 1.56000e+00, 1.55000e+00, 0.00000e+00, 0.00000e+00
1.56000e+00, 1.58000e+00, 1.57000e+00, 0.00000e+00, 0.00000e+00
1.58000e+00, 1.60000e+00, 1.59000e+00, 0.00000e+00, 0.00000e+00
1.60000e+00, 1.62000e+00, 1.61000e+00, 0.00000e+00, 0.00000e+00
1.62000e+00, 1.64000e+00, 1.63000e+00, 0.00000e+00, 0.00000e+00
1.64000e+00, 1.66000e+00, 1.65000e+00, 0.00000e+00, 0.00000e+00
1.66000e+00, 1.68000e+00, 1.67000e+00, 0.00000e+00, 0.00000e+00
1.68000e+00, 1.70000e+00, 1.69000e+00, 0.00000e+00, 0.00000e+00
1.70000e+00, 1.72000e+00, 1.71000e+00, 0.00000e+00, 0.00000e+00
1.72000e+00, 1.74000e+00, 1.73000e+00, 0.00000e+00, 0.00000e+00
1.74000e+00, 1.76000e+00, 1.75000e+00, 0.00000e+00, 0.00000e+00
1.76000e+00, 1.78000e+00, 1.77000e+00, 0.00000e+00, 0.00000e+00
1.78000e+00, 1.80000e+00, 1.79000e+00, 0.00000e+00, 0.00000e+00
1.80000e+00, 1.82000e+00, 1.81000e+00, 0.00000e+00, 0.00000e+00
1.82000e+00, 1.84000e+00, 1.83000e+00, 0.00000e+00, 0.00000e+00
1.84000e+00, 1.86000e+00, 1.85000e+00, 0.00000e+00, 0.00000e+00
1.86000e+00, 1.88000e+00, 1.87000e+00, 0.00000e+00, 0.00000e+00
1.88000e+00, 1.90000e+00, 1.89000e+00, 0.00000e+00, 0.00000e+00
1.90000e+00, 1.92000e+00, 1.91000e+00, 0.00000e+00, 0.00000e+00
1.92000e+00, 1.94000e+00, 1.93000e+00, 0.00000e+00, 0.00000e+00
1.94000e+00, 1.96000e+00, 1.95000e+00, 0.00000e+00, 0.00000e+00
1.96000e+00, 1.98000e+00, 1.97000e+00, 0.00000e+00, 0.00000e+00
1.98000e+00, 2.00000e+00, 1.99000e+00, 0.00000e+00, 0.00000e+00
