# time = 8.100000000000001e-01# start, end, pivot, particles, density
0.00000e+00, 2.00000e-02, 1.00000e-02, 0.00000e+00, 0.00000e+00
2.00000e-02, 4.00000e-02, 3.00000e-02, 0.00000e+00, 0.00000e+00
4.00000e-02, 6.00000e-02, 5.00000e-02, 0.00000e+00, 0.00000e+00
6.00000e-02, 8.00000e-02, 7.00000e-02, 0.00000e+00, 0.00000e+00
8.00000e-02, 1.00000e-01, 9.00000e-02, 0.00000e+00, 0.00000e+00
1.00000e-01, 1.20000e-01, 1.10000e-01, 1.65436e-26, 8.27181e-25
1.20000e-01, 1.40000e-01, 1.30000e-01, 1.35658e-24, 6.78288e-23
1.40000e-01, 1.60000e-01, 1.50000e-01, 5.49579e-23, 2.74789e-21
1.60000e-01, 1.80000e-01, 1.70000e-01, 1.46646e-21, 7.33229e-20
1.80000e-01, 2.00000e-01, 1.90000e-01, 2.89907e-20, 1.44954e-18
2.00000e-01, 2.20000e-01, 2.10000e-01, 4.52864e-19, 2.26432e-17
2.20000e-01, 2.40000e-01, 2.30000e-01, 5.82193e-18, 2.91097e-16
2.40000e-01, 2.60000e-01, 2.50000e-01, 6.33477e-17, 3.16738e-15
2.60000e-01, 2.80000e-01, 2.70000e-01, 5.95461e-16, 2.97730e-14
2.80000e-01, 3.00000e-01, 2.90000e-01, 4.91149e-15, 2.45574e-13
3.00000e-01, 3.20000e-01, 3.10000e-01, 3.59869e-14, 1.79934e-12
3.20000e-01, 3.40000e-01, 3.30000e-01, 2.36564e-13, 1.18282e-11
3.40000e-01, 3.60000e-01, 3.50000e-01, 1.40660e-12, 7.03300e-11
3.60000e-01, 3.80000e-01, 3.70000e-01, 7.61679e-12, 3.80839e-10
3.80000e-01, 4.00000e-01, 3.90000e-01, 3.77806e-11, 1.88903e-09
4.00000e-01, 4.20000e-01, 4.10000e-01, 1.72512e-10, 8.62561e-09
4.20000e-01, 4.40000e-01, 4.30000e-01, 7.28280e-10, 3.64140e-08
4.40000e-01, 4.60000e-01, 4.50000e-01, 2.85327e-09, 1.42664e-07
4.60000e-01, 4.80000e-01, 4.70000e-01, 1.04088e-08, 5.20440e-07
4.80000e-01, 5.00000e-01, 4.90000e-01, 3.54614e-08, 1.77307e-06
5.00000e-01, 5.20000e-01, 5.10000e-01, 1.13124e-07, 5.65621e-06
5.20000e-01, 5.40000e-01, 5.30000e-01, 3.38717e-07, 1.69358e-05
5.40000e-01, 5.60000e-01, 5.50000e-01, 9.53968e-07, 4.76984e-05
5.60000e-01, 5.80000e-01, 5.70000e-01, 2.53222e-06, 1.26611e-04
5.80000e-01, 6.00000e-01, 5.90000e-01, 6.34634e-06, 3.17317e-04
6.00000e-01, 6.20000e-01, 6.10000e-01, 1.50425e-05, 7.52126e-04
6.20000e-01, 6.40000e-01, 6.30000e-01, 3.37728e-05, 1.68864e-03
6.40000e-01, 6.60000e-01, 6.50000e-01, 7.19270e-05, 3.59635e-03
6.60000e-01, 6.80000e-01, 6.70000e-01, 1.45510e-04, 7.27550e-03
6.80000e-01, 7.00000e-01, 6.90000e-01, 2.79989e-04, 1.39995e-02
7.00000e-01, 7.20000e-01, 7.10000e-01, 5.13087e-04, 2.56544e-02
7.20000e-01, 7.40000e-01, 7.30000e-01, 8.96570e-04, 4.48285e-02
7.40000e-01, 7.60000e-01, 7.50000e-01, 1.49576e-03, 7.47882e-02
7.60000e-01, 7.80000e-01, 7.70000e-01, 2.38547e-03, 1.19274e-01
7.80000e-01, 8.00000e-01, 7.90000e-01, 3.64153e-03, 1.82077e-01
8.00000e-01, 8.20000e-01, 8.10000e-01, 5.32825e-03, 2.66412e-01
8.20000e-01, 8.40000e-01, 8.30000e-01, 7.48349e-03, 3.74174e-01
8.40000e-01, 8.60000e-01, 8.50000e-01, 1.01047e-02, 5.05236e-01
8.60000e-01, 8.80000e-01, 8.70000e-01, 1.31398e-02, 6.56992e-01
8.80000e-01, 9.00000e-01, 8.90000e-01, 1.64863e-02, 8.24313e-01
9.00000e-01, 9.20000e-01, 9.10000e-01, 2.00000e-02, 1.00000e+00
9.20000e-01, 9.40000e-01, 9.30000e-01, 2.35137e-02, 1.17569e+00
9.40000e-01, 9.60000e-01, 9.50000e-01, 2.68601e-02, 1.34301e+00
9.60000e-01, 9.80000e-01, 9.70000e-01, 2.98953e-02, 1.49476e+00
9.80000e-01, 1.00000e+00, 9.90000e-01, 3.25165e-02, 1.62582e+00
1.00000e+00, 1.02000e+00, 1.01000e+00, 3.46716e-02, 1.73358e+00
1.02000e+00, 1.04000e+00, 1.03000e+00, 3.63581e-02, 1.81791e+00
1.04000e+00, 1.06000e+00, 1.05000e+00, 3.76136e-02, 1.88068e+00
1.06000e+00, 1.08000e+00, 1.07000e+00, 3.85017e-02, 1.92509e+00
1.08000e+00, 1.10000e+00, 1.09000e+00, 3.90971e-02, 1.95485e+00
1.10000e+00, 1.12000e+00, 1.11000e+00, 3.94719e-02, 1.97359e+00
1.12000e+00, 1.14000e+00, 1.13000e+00, 3.96862e-02, 1.98431e+00
1.14000e+00, 1.16000e+00, 1.15000e+00, 3.97826e-02, 1.98913e+00
1.16000e+00, 1.18000e+00, 1.17000e+00, 3.97826e-02, 1.98913e+00
1.18000e+00, 1.20000e+00, 1.19000e+00, 3.96862e-02, 1.98431e+00
1.20000e+00, 1.22000e+00, 1.21000e+00, 3.94719e-02, 1.97359e+00
1.22000e+00, 1.24000e+00, 1.23000e+00, 3.90971e-02, 1.95485e+00
1.24000e+00, 1.26000e+00, 1.25000e+00, 3.85017e-02, 1.92509e+00
1.26000e+00, 1.28000e+00, 1.27000e+00, 3.76136e-02, 1.88068e+00
1.28000e+00, 1.30000e+00, 1.29000e+00, 3.63581e-02, 1.81791e+00
1.30000e+00, 1.32000e+00, 1.31000e+00, 3.46716e-02, 1.73358e+00
1.32000e+00, 1.34000e+00, 1.33000e+00, 3.25165e-02, 1.62582e+00
1.34000e+00, 1.36000e+00, 1.35000e+00, 2.98953e-02, 1.49476e+00
1.36000e+00, 1.38000e+00, 1.37000e+00, 2.68601e-02, 1.34301e+00
1.38000e+00, 1.40000e+00, 1.39000e+00, 2.35137e-02, 1.17569e+00
1.40000e+00, 1.42000e+00, 1.41000e+00, 2.00000e-02, 1.00000e+00
1.42000e+00, 1.44000e+00, 1.43000e+00, 1.64863e-02, 8.24313e-01
1.44000e+00, 1.46000e+00, 1.45000e+00, 1.31398e-02, 6.56992e-01
1.46000e+00, 1.48000e+00, 1.47000e+00, 1.01047e-02, 5.05236e-01
1.48000e+00, 1.50000e+00, 1.49000e+00, 7.48349e-03, 3.74174e-01
1.50000e+00, 1.52000e+00, 1.51000e+00, 5.32825e-03, 2.66412e-01
1.52000e+00, 1.54000e+00, 1.53000e+00, 3.64153e-03, 1.82077e-01
1.54000e+00, 1.56000e+00, 1.55000e+00, 2.38547e-03, 1.19274e-01
1.56000e+00, 1.58000e+00, 1.57000e+00, 1.49576e-03, 7.47882e-02
1.58000e+00, 1.60000e+00, 1.59000e+00, 8.96570e-04, 4.48285e-02
1.60000e+00, 1.62000e+00, 1.61000e+00, 5.13087e-04, 2.56544e-02
1.62000e+00, 1.64000e+00, 1.63000e+00, 2.79989e-04, 1.39995e-02
1.64000e+00, 1.66000e+00, 1.65000e+00, 1.45510e-04, 7.27550e-03
1.66000e+00, 1.68000e+00, 1.67000e+00, 7.19270e-05, 3.59635e-03
1.68000e+00, 1.70000e+00, 1.69000e+00, 3.37728e-05, 1.68864e-03
1.70000e+00, 1.72000e+00, 1.71000e+00, 1.50425e-05, 7.52126e-04
1.72000e+00, 1.74000e+00, 1.73000e+00, 6.34634e-06, 3.17317e-04
1.74000e+00, 1.76000e+00, 1.75000e+00, 2.53222e-06, 1.26611e-04
1.76000e+00, 1.78000e+00, 1.77000e+00, 9.53968e-07, 4.76984e-05
1.78000e+00, 1.80000e+00, 1.79000e+00, 3.38717e-07, 1.69358e-05
1.80000e+00, 1.82000e+00, 1.81000e+00, 1.13124e-07, 5.65621e-06
1.82000e+00, 1.84000e+00, 1.83000e+00, 3.54614e-08, 1.77307e-06
1.84000e+00, 1.86000e+00, 1.85000e+00, 1.04088e-08, 5.20440e-07
1.86000e+00, 1.88000e+00, 1.87000e+00, 2.85327e-09, 1.42664e-07
1.88000e+00, 1.90000e+00, 1.89000e+00, 7.28280e-10, 3.64140e-08
1.90000e+00, 1.92000e+00, 1.91000e+00, 1.72512e-10, 8.62561e-09
1.92000e+00, 1.94000e+00, 1.93000e+00, 3.77806e-11, 1.88903e-09
1.94000e+00, 1.96000e+00, 1.95000e+00, 7.61679e-12, 3.80839e-10
1.96000e+00, 1.98000e+00, 1.97000e+00, 1.40660e-12, 7.03300e-11
1.98000e+00, 2.00000e+00, 1.99000e+00, 2.04952e-13, 1.02476e-11
