# time = 9.100000000000000e-01# start, end, pivot, particles, density
0.00000e+00, 2.00000e-02, 1.00000e-02, 0.00000e+00, 0.00000e+00
2.00000e-02, 4.00000e-02, 3.00000e-02, 0.00000e+00, 0.00000e+00
4.00000e-02, 6.00000e-02, 5.00000e-02, 0.00000e+00, 0.00000e+00
6.00000e-02, 8.00000e-02, 7.00000e-02, 0.00000e+00, 0.00000e+00
8.00000e-02, 1.00000e-01, 9.00000e-02, 0.00000e+00, 0.00000e+00
1.00000e-01, 1.20000e-01, 1.10000e-01, 0.00000e+00, 0.00000e+00
1.20000e-01, 1.40000e-01, 1.30000e-01, 0.00000e+00, 0.00000e+00
1.40000e-01, 1.60000e-01, 1.50000e-01, 0.00000e+00, 0.00000e+00
1.60000e-01, 1.80000e-01, 1.70000e-01, 0.00000e+00, 0.00000e+00
1.80000e-01, 2.00000e-01, 1.90000e-01, 0.00000e+00, 0.00000e+00
2.00000e-01, 2.20000e-01, 2.10000e-01, 0.00000e+00, 0.00000e+00
2.20000e-01, 2.40000e-01, 2.30000e-01, 0.00000e+00, 0.00000e+00
2.40000e-01, 2.60000e-01, 2.50000e-01, 0.00000e+00, 0.00000e+00
2.60000e-01, 2.80000e-01, 2.70000e-01, 0.00000e+00, 0.00000e+00
2.80000e-01, 3.00000e-01, 2.90000e-01, 0.00000e+00, 0.00000e+00
3.00000e-01, 3.20000e-01, 3.10000e-01, 0.00000e+00, 0.00000e+00
3.20000e-01, 3.40000e-01, 3.30000e-01, 0.00000e+00, 0.00000e+00
3.40000e-01, 3.60000e-01, 3.50000e-01, 0.00000e+00, 0.00000e+00
3.60000e-01, 3.80000e-01, 3.70000e-01, 0.00000e+00, 0.00000e+00
3.80000e-01, 4.00000e-01, 3.90000e-01, 0.00000e+00, 0.00000e+00
4.00000e-01, 4.20000e-01, 4.10000e-01, 0.00000e+00, 0.00000e+00
4.20000e-01, 4.40000e-01, 4.30000e-01, 0.00000e+00, 0.00000e+00
4.40000e-01, 4.60000e-01, 4.50000e-01, 0.00000e+00, 0.00000e+00
4.60000e-01, 4.80000e-01, 4.70000e-01, 0.00000e+00, 0.00000e+00
4.80000e-01, 5.00000e-01, 4.90000e-01, 0.00000e+00, 0.00000e+00
5.00000e-01, 5.20000e-01, 5.10000e-01, 0.00000e+00, 0.00000e+00
5.20000e-01, 5.40000e-01, 5.30000e-01, 0.00000e+00, 0.00000e+00
5.40000e-01, 5.60000e-01, 5.50000e-01, 0.00000e+00, 0.00000e+00
5.60000e-01, 5.80000e-01, 5.70000e-01, 0.00000e+00, 0.00000e+00
5.80000e-01, 6.00000e-01, 5.90000e-01, 6.08248e-02, 3.04124e+00
6.00000e-01, 6.20000e-01, 6.10000e-01, 2.24205e-01, 1.12102e+01
6.20000e-01, 6.40000e-01, 6.30000e-01, 1.34133e-01, 6.70666e+00
6.40000e-01, 6.60000e-01, 6.50000e-01, 0.00000e+00, 0.00000e+00
6.60000e-01, 6.80000e-01, 6.70000e-01, 2.02162e-02, 1.01081e+00
6.80000e-01, 7.00000e-01, 6.90000e-01, 5.58777e-01, 2.79389e+01
7.00000e-01, 7.20000e-01, 7.10000e-01, 5.81858e-01, 2.90929e+01
7.20000e-01, 7.40000e-01, 7.30000e-01, 1.48020e-01, 7.40098e+00
7.40000e-01, 7.60000e-01, 7.50000e-01, 0.00000e+00, 0.00000e+00
7.60000e-01, 7.80000e-01, 7.70000e-01, 4.03749e-01, 2.01875e+01
7.80000e-01, 8.00000e-01, 7.90000e-01, 9.63069e-01, 4.81535e+01
8.00000e-01, 8.20000e-01, 8.10000e-01, 6.49432e-01, 3.24716e+01
8.20000e-01, 8.40000e-01, 8.30000e-01, 9.85279e-02, 4.92640e+00
8.40000e-01, 8.60000e-01, 8.50000e-01, 0.00000e+00, 0.00000e+00
8.60000e-01, 8.80000e-01, 8.70000e-01, 5.46223e-01, 2.73112e+01
8.80000e-01, 9.00000e-01, 8.90000e-01, 1.10483e+00, 5.52416e+01
9.00000e-01, 9.20000e-01, 9.10000e-01, 7.92983e-01, 3.96491e+01
9.20000e-01, 9.40000e-01, 9.30000e-01, 2.09627e-01, 1.04814e+01
9.40000e-01, 9.60000e-01, 9.50000e-01, 0.00000e+00, 0.00000e+00
9.60000e-01, 9.80000e-01, 9.70000e-01, 2.14290e-01, 1.07145e+01
9.80000e-01, 1.00000e+00, 9.90000e-01, 9.49717e-01, 4.74858e+01
1.00000e+00, 1.02000e+00, 1.01000e+00, 1.07767e+00, 5.38835e+01
1.02000e+00, 1.04000e+00, 1.03000e+00, 6.15209e-01, 3.07604e+01
1.04000e+00, 1.06000e+00, 1.05000e+00, 1.55618e-01, 7.78089e+00
1.06000e+00, 1.08000e+00, 1.07000e+00, 0.00000e+00, 0.00000e+00
1.08000e+00, 1.10000e+00, 1.09000e+00, 9.17335e-02, 4.58667e+00
1.10000e+00, 1.12000e+00, 1.11000e+00, 6.31005e-01, 3.15502e+01
1.12000e+00, 1.14000e+00, 1.13000e+00, 8.87506e-01, 4.43753e+01
1.14000e+00, 1.16000e+00, 1.15000e+00, 7.12313e-01, 3.56156e+01
1.16000e+00, 1.18000e+00, 1.17000e+00, 3.68860e-01, 1.84430e+01
1.18000e+00, 1.20000e+00, 1.19000e+00, 1.13108e-01, 5.65538e+00
1.20000e+00, 1.22000e+00, 1.21000e+00, 7.47561e-03, 3.73780e-01
1.22000e+00, 1.24000e+00, 1.23000e+00, 0.00000e+00, 0.00000e+00
1.24000e+00, 1.26000e+00, 1.25000e+00, 1.25154e-01, 6.25770e+00
1.26000e+00, 1.28000e+00, 1.27000e+00, 2.95845e-01, 1.47922e+01
1.28000e+00, 1.30000e+00, 1.29000e+00, 3.54291e-01, 1.77145e+01
1.30000e+00, 1.32000e+00, 1.31000e+00, 3.10008e-01, 1.55004e+01
1.32000e+00, 1.34000e+00, 1.33000e+00, 2.22014e-01, 1.11007e+01
1.34000e+00, 1.36000e+00, 1.35000e+00, 1.37037e-01, 6.85185e+00
1.36000e+00, 1.38000e+00, 1.37000e+00, 7.50142e-02, 3.75071e+00
1.38000e+00, 1.40000e+00, 1.39000e+00, 3.70670e-02, 1.85335e+00
1.40000e+00, 1.42000e+00, 1.41000e+00, 1.67315e-02, 8.36574e-01
1.42000e+00, 1.44000e+00, 1.43000e+00, 6.95754e-03, 3.47877e-01
1.44000e+00, 1.46000e+00, 1.45000e+00, 2.68207e-03, 1.34103e-01
1.46000e+00, 1.48000e+00, 1.47000e+00, 9.63064e-04, 4.81532e-02
1.48000e+00, 1.50000e+00, 1.49000e+00, 3.23324e-04, 1.61662e-02
1.50000e+00, 1.52000e+00, 1.51000e+00, 1.01792e-04, 5.08961e-03
1.52000e+00, 1.54000e+00, 1.53000e+00, 3.01251e-05, 1.50626e-03
1.54000e+00, 1.56000e+00, 1.55000e+00, 8.39712e-06, 4.19856e-04
1.56000e+00, 1.58000e+00, 1.57000e+00, 2.20807e-06, 1.10403e-04
1.58000e+00, 1.60000e+00, 1.59000e+00, 5.48456e-07, 2.74228e-05
1.60000e+00, 1.62000e+00, 1.61000e+00, 1.28819e-07, 6.44095e-06
1.62000e+00, 1.64000e+00, 1.63000e+00, 2.86349e-08, 1.43174e-06
1.64000e+00, 1.66000e+00, 1.65000e+00, 6.02810e-09, 3.01405e-07
1.66000e+00, 1.68000e+00, 1.67000e+00, 1.20243e-09, 6.01214e-08
1.68000e+00, 1.70000e+00, 1.69000e+00, 2.27348e-10, 1.13674e-08
1.70000e+00, 1.72000e+00, 1.71000e+00, 4.07552e-11, 2.03776e-09
1.72000e+00, 1.74000e+00, 1.73000e+00, 6.92761e-12, 3.46380e-10
1.74000e+00, 1.76000e+00, 1.75000e+00, 1.11659e-12, 5.58295e-11
1.76000e+00, 1.78000e+00, 1.77000e+00, 1.70628e-13, 8.53140e-12
1.78000e+00, 1.80000e+00, 1.79000e+00, 2.47136e-14, 1.23568e-12
1.80000e+00, 1.82000e+00, 1.81000e+00, 3.39173e-15, 1.69587e-13
1.82000e+00, 1.84000e+00, 1.83000e+00, 4.38538e-16, 2.19269e-14
1.84000e+00, 1.86000e+00, 1.85000e+00, 5.10703e-17, 2.55351e-15
1.86000e+00, 1.88000e+00, 1.87000e+00, 4.44089e-18, 2.22045e-16
1.88000e+00, 1.90000e+00, 1.89000e+00, 0.00000e+00, 0.00000e+00
1.90000e+00, 1.92000e+00, 1.91000e+00, 0.00000e+00, 0.00000e+00
1.92000e+00, 1.94000e+00, 1.93000e+00, 0.00000e+00, 0.00000e+00
1.94000e+00, 1.96000e+00, 1.95000e+00, 0.00000e+00, 0.00000e+00
1.96000e+00, 1.98000e+00, 1.97000e+00, 0.00000e+00, 0.00000e+00
1.98000e+00, 2.00000e+00, 1.99000e+00, 0.00000e+00, 0.00000e+00
