# time = 3.200000000000000e-01# start, end, pivot, particles, density
0.00000e+00, 2.00000e-02, 1.00000e-02, 0.00000e+00, 0.00000e+00
2.00000e-02, 4.00000e-02, 3.00000e-02, 0.00000e+00, 0.00000e+00
4.00000e-02, 6.00000e-02, 5.00000e-02, 0.00000e+00, 0.00000e+00
6.00000e-02, 8.00000e-02, 7.00000e-02, 0.00000e+00, 0.00000e+00
8.00000e-02, 1.00000e-01, 9.00000e-02, 0.00000e+00, 0.00000e+00
1.00000e-01, 1.20000e-01, 1.10000e-01, 0.00000e+00, 0.00000e+00
1.20000e-01, 1.40000e-01, 1.30000e-01, 0.00000e+00, 0.00000e+00
1.40000e-01, 1.60000e-01, 1.50000e-01, 0.00000e+00, 0.00000e+00
1.60000e-01, 1.80000e-01, 1.70000e-01, 0.00000e+00, 0.00000e+00
1.80000e-01, 2.00000e-01, 1.90000e-01, 0.00000e+00, 0.00000e+00
2.00000e-01, 2.20000e-01, 2.10000e-01, 0.00000e+00, 0.00000e+00
2.20000e-01, 2.40000e-01, 2.30000e-01, 0.00000e+00, 0.00000e+00
2.40000e-01, 2.60000e-01, 2.50000e-01, 0.00000e+00, 0.00000e+00
2.60000e-01, 2.80000e-01, 2.70000e-01, 0.00000e+00, 0.00000e+00
2.80000e-01, 3.00000e-01, 2.90000e-01, 0.00000e+00, 0.00000e+00
3.00000e-01, 3.20000e-01, 3.10000e-01, 0.00000e+00, 0.00000e+00
3.20000e-01, 3.40000e-01, 3.30000e-01, 0.00000e+00, 0.00000e+00
3.40000e-01, 3.60000e-01, 3.50000e-01, 2.82836e-02, 1.41418e+00
3.60000e-01, 3.80000e-01, 3.70000e-01, 2.81882e-03, 1.40941e-01
3.80000e-01, 4.00000e-01, 3.90000e-01, 4.25278e-02, 2.12639e+00
4.00000e-01, 4.20000e-01, 4.10000e-01, 6.07316e-02, 3.03658e+00
4.20000e-01, 4.40000e-01, 4.30000e-01, 0.00000e+00, 0.00000e+00
4.40000e-01, 4.60000e-01, 4.50000e-01, 7.42476e-02, 3.71238e+00
4.60000e-01, 4.80000e-01, 4.70000e-01, 6.67919e-02, 3.33959e+00
4.80000e-01, 5.00000e-01, 4.90000e-01, 0.00000e+00, 0.00000e+00
5.00000e-01, 5.20000e-01, 5.10000e-01, 6.40893e-02, 3.20446e+00
5.20000e-01, 5.40000e-01, 5.30000e-01, 1.04994e-01, 5.24972e+00
5.40000e-01, 5.60000e-01, 5.50000e-01, 1.34300e-02, 6.71498e-01
5.60000e-01, 5.80000e-01, 5.70000e-01, 0.00000e+00, 0.00000e+00
5.80000e-01, 6.00000e-01, 5.90000e-01, 1.16562e-01, 5.82812e+00
6.00000e-01, 6.20000e-01, 6.10000e-01, 1.08236e-01, 5.41180e+00
6.20000e-01, 6.40000e-01, 6.30000e-01, 1.41243e-02, 7.06213e-01
6.40000e-01, 6.60000e-01, 6.50000e-01, 0.00000e+00, 0.00000e+00
6.60000e-01, 6.80000e-01, 6.70000e-01, 9.85409e-02, 4.92705e+00
6.80000e-01, 7.00000e-01, 6.90000e-01, 1.51381e-01, 7.56905e+00
7.00000e-01, 7.20000e-01, 7.10000e-01, 8.68533e-02, 4.34267e+00
7.20000e-01, 7.40000e-01, 7.30000e-01, 1.48573e-02, 7.42866e-01
7.40000e-01, 7.60000e-01, 7.50000e-01, 0.00000e+00, 0.00000e+00
7.60000e-01, 7.80000e-01, 7.70000e-01, 3.89611e-02, 1.94806e+00
7.80000e-01, 8.00000e-01, 7.90000e-01, 1.06944e-01, 5.34721e+00
8.00000e-01, 8.20000e-01, 8.10000e-01, 1.20229e-01, 6.01147e+00
8.20000e-01, 8.40000e-01, 8.30000e-01, 8.95781e-02, 4.47891e+00
8.40000e-01, 8.60000e-01, 8.50000e-01, 5.05917e-02, 2.52958e+00
8.60000e-01, 8.80000e-01, 8.70000e-01, 2.29793e-02, 1.14896e+00
8.80000e-01, 9.00000e-01, 8.90000e-01, 8.66353e-03, 4.33177e-01
9.00000e-01, 9.20000e-01, 9.10000e-01, 2.76231e-03, 1.38116e-01
9.20000e-01, 9.40000e-01, 9.30000e-01, 7.53529e-04, 3.76765e-02
9.40000e-01, 9.60000e-01, 9.50000e-01, 1.77124e-04, 8.85622e-03
9.60000e-01, 9.80000e-01, 9.70000e-01, 3.60217e-05, 1.80108e-03
9.80000e-01, 1.00000e+00, 9.90000e-01, 6.34850e-06, 3.17425e-04
1.00000e+00, 1.02000e+00, 1.01000e+00, 9.69222e-07, 4.84611e-05
1.02000e+00, 1.04000e+00, 1.03000e+00, 1.27878e-07, 6.39392e-06
1.04000e+00, 1.06000e+00, 1.05000e+00, 1.45175e-08, 7.25877e-07
1.06000e+00, 1.08000e+00, 1.07000e+00, 1.40868e-09, 7.04341e-08
1.08000e+00, 1.10000e+00, 1.09000e+00, 1.15729e-10, 5.78646e-09
1.10000e+00, 1.12000e+00, 1.11000e+00, 7.94460e-12, 3.97230e-10
1.12000e+00, 1.14000e+00, 1.13000e+00, 4.47457e-13, 2.23728e-11
1.14000e+00, 1.16000e+00, 1.15000e+00, 2.01439e-14, 1.00719e-12
1.16000e+00, 1.18000e+00, 1.17000e+00, 6.96110e-16, 3.48055e-14
1.18000e+00, 1.20000e+00, 1.19000e+00, 1.66533e-17, 8.32667e-16
1.20000e+00, 1.22000e+00, 1.21000e+00, 0.00000e+00, 0.00000e+00
1.22000e+00, 1.24000e+00, 1.23000e+00, 0.00000e+00, 0.00000e+00
1.24000e+00, 1.26000e+00, 1.25000e+00, 0.00000e+00, 0.00000e+00
1.26000e+00, 1.28000e+00, 1.27000e+00, 0.00000e+00, 0.00000e+00
1.28000e+00, 1.30000e+00, 1.29000e+00, 0.00000e+00, 0.00000e+00
1.30000e+00, 1.32000e+00, 1.31000e+00, 0.00000e+00, 0.00000e+00
1.32000e+00, 1.34000e+00, 1.33000e+00, 0.00000e+00, 0.00000e+00
1.34000e+00, 1.36000e+00, 1.35000e+00, 0.00000e+00, 0.00000e+00
1.36000e+00, 1.38000e+00, 1.37000e+00, 0.00000e+00, 0.00000e+00
1.38000e+00, 1.40000e+00, 1.39000e+00, 0.00000e+00, 0.00000e+00
1.40000e+00, 1.42000e+00, 1.41000e+00, 0.00000e+00, 0.00000e+00
1.42000e+00, 1.44000e+00, 1.43000e+00, 0.00000e+00, 0.00000e+00
1.44000e+00, 1.46000e+00, 1.45000e+00, 0.00000e+00, 0.00000e+00
1.46000e+00, 1.48000e+00, 1.47000e+00, 0.00000e+00, 0.00000e+00
1.48000e+00, 1.50000e+00, 1.49000e+00, 0.00000e+00, 0.00000e+00
1.50000e+00, 1.52000e+00, 1.51000e+00, 0.00000e+00, 0.00000e+00
1.52000e+00, 1.54000e+00, 1.53000e+00, 0.00000e+00, 0.00000e+00
1.54000e+00, 1.56000e+00, 1.55000e+00, 0.00000e+00, 0.00000e+00
1.56000e+00, 1.58000e+00, 1.57000e+00, 0.00000e+00, 0.00000e+00
1.58000e+00, 1.60000e+00, 1.59000e+00, 0.00000e+00, 0.00000e+00
1.60000e+00, 1.62000e+00, 1.61000e+00, 0.00000e+00, 0.00000e+00
1.62000e+00, 1.64000e+00, 1.63000e+00, 0.00000e+00, 0.00000e+00
1.64000e+00, 1.66000e+00, 1.65000e+00, 0.00000e+00, 0.00000e+00
1.66000e+00, 1.68000e+00, 1.67000e+00, 0.00000e+00, 0.00000e+00
1.68000e+00, 1.70000e+00, 1.69000e+00, 0.00000e+00, 0.00000e+00
1.70000e+00, 1.72000e+00, 1.71000e+00, 0.00000e+00, 0.00000e+00
1.72000e+00, 1.74000e+00, 1.73000e+00, 0.00000e+00, 0.00000e+00
1.74000e+00, 1.76000e+00, 1.75000e+00, 0.00000e+00, 0.00000e+00
1.76000e+00, 1.78000e+00, 1.77000e+00, 0.00000e+00, 0.00000e+00
1.78000e+00, 1.80000e+00, 1.79000e+00, 0.00000e+00, 0.00000e+00
1.80000e+00, 1.82000e+00, 1.81000e+00, 0.00000e+00, 0.00000e+00
1.82000e+00, 1.84000e+00, 1.83000e+00, 0.00000e+00, 0.00000e+00
1.84000e+00, 1.86000e+00, 1.85000e+00, 0.00000e+00, 0.00000e+00
1.86000e+00, 1.88000e+00, 1.87000e+00, 0.00000e+00, 0.00000e+00
1.88000e+00, 1.90000e+00, 1.89000e+00, 0.00000e+00, 0.00000e+00
1.90000e+00, 1.92000e+00, 1.91000e+00, 0.00000e+00, 0.00000e+00
1.92000e+00, 1.94000e+00, 1.93000e+00, 0.00000e+00, 0.00000e+00
1.94000e+00, 1.96000e+00, 1.95000e+00, 0.00000e+00, 0.00000e+00
1.96000e+00, 1.98000e+00, 1.97000e+00, 0.00000e+00, 0.00000e+00
1.98000e+00, 2.00000e+00, 1.99000e+00, 0.00000e+00, 0.00000e+00
