# time = 9.000000000000000e-01# start, end, pivot, particles, density
0.00000e+00, 2.00000e-02, 1.00000e-02, 0.00000e+00, 0.00000e+00
2.00000e-02, 4.00000e-02, 3.00000e-02, 0.00000e+00, 0.00000e+00
4.00000e-02, 6.00000e-02, 5.00000e-02, 0.00000e+00, 0.00000e+00
6.00000e-02, 8.00000e-02, 7.00000e-02, 0.00000e+00, 0.00000e+00
8.00000e-02, 1.00000e-01, 9.00000e-02, 0.00000e+00, 0.00000e+00
1.00000e-01, 1.20000e-01, 1.10000e-01, 0.00000e+00, 0.00000e+00
1.20000e-01, 1.40000e-01, 1.30000e-01, 0.00000e+00, 0.00000e+00
1.40000e-01, 1.60000e-01, 1.50000e-01, 0.00000e+00, 0.00000e+00
1.60000e-01, 1.80000e-01, 1.70000e-01, 0.00000e+00, 0.00000e+00
1.80000e-01, 2.00000e-01, 1.90000e-01, 0.00000e+00, 0.00000e+00
2.00000e-01, 2.20000e-01, 2.10000e-01, 0.00000e+00, 0.00000e+00
2.20000e-01, 2.40000e-01, 2.30000e-01, 0.00000e+00, 0.00000e+00
2.40000e-01, 2.60000e-01, 2.50000e-01, 0.00000e+00, 0.00000e+00
2.60000e-01, 2.80000e-01, 2.70000e-01, 0.00000e+00, 0.00000e+00
2.80000e-01, 3.00000e-01, 2.90000e-01, 0.00000e+00, 0.00000e+00
3.00000e-01, 3.20000e-01, 3.10000e-01, 0.00000e+00, 0.00000e+00
3.20000e-01, 3.40000e-01, 3.30000e-01, 0.00000e+00, 0.00000e+00
3.40000e-01, 3.60000e-01, 3.50000e-01, 0.00000e+00, 0.00000e+00
3.60000e-01, 3.80000e-01, 3.70000e-01, 0.00000e+00, 0.00000e+00
3.80000e-01, 4.00000e-01, 3.90000e-01, 0.00000e+00, 0.00000e+00
4.00000e-01, 4.20000e-01, 4.10000e-01, 0.00000e+00, 0.00000e+00
4.20000e-01, 4.40000e-01, 4.30000e-01, 0.00000e+00, 0.00000e+00
4.40000e-01, 4.60000e-01, 4.50000e-01, 0.00000e+00, 0.00000e+00
4.60000e-01, 4.80000e-01, 4.70000e-01, 0.00000e+00, 0.00000e+00
4.80000e-01, 5.00000e-01, 4.90000e-01, 0.00000e+00, 0.00000e+00
5.00000e-01, 5.20000e-01, 5.10000e-01, 0.00000e+00, 0.00000e+00
5.20000e-01, 5.40000e-01, 5.30000e-01, 0.00000e+00, 0.00000e+00
5.40000e-01, 5.60000e-01, 5.50000e-01, 0.00000e+00, 0.00000e+00
5.60000e-01, 5.80000e-01, 5.70000e-01, 0.00000e+00, 0.00000e+00
5.80000e-01, 6.00000e-01, 5.90000e-01, 1.14721e-01, 5.73604e+00
6.00000e-01, 6.20000e-01, 6.10000e-01, 2.15584e-01, 1.07792e+01
6.20000e-01, 6.40000e-01, 6.30000e-01, 8.02372e-02, 4.01186e+00
6.40000e-01, 6.60000e-01, 6.50000e-01, 0.00000e+00, 0.00000e+00
6.60000e-01, 6.80000e-01, 6.70000e-01, 1.76134e-01, 8.80671e+00
6.80000e-01, 7.00000e-01, 6.90000e-01, 6.23672e-01, 3.11836e+01
7.00000e-01, 7.20000e-01, 7.10000e-01, 4.35713e-01, 2.17856e+01
7.20000e-01, 7.40000e-01, 7.30000e-01, 3.90915e-02, 1.95458e+00
7.40000e-01, 7.60000e-01, 7.50000e-01, 0.00000e+00, 0.00000e+00
7.60000e-01, 7.80000e-01, 7.70000e-01, 6.31414e-01, 3.15707e+01
7.80000e-01, 8.00000e-01, 7.90000e-01, 9.10658e-01, 4.55329e+01
8.00000e-01, 8.20000e-01, 8.10000e-01, 4.21768e-01, 2.10884e+01
8.20000e-01, 8.40000e-01, 8.30000e-01, 0.00000e+00, 0.00000e+00
8.40000e-01, 8.60000e-01, 8.50000e-01, 2.76561e-02, 1.38280e+00
8.60000e-01, 8.80000e-01, 8.70000e-01, 7.99921e-01, 3.99960e+01
8.80000e-01, 9.00000e-01, 8.90000e-01, 1.04245e+00, 5.21223e+01
9.00000e-01, 9.20000e-01, 9.10000e-01, 5.50379e-01, 2.75190e+01
9.20000e-01, 9.40000e-01, 9.30000e-01, 7.20326e-02, 3.60163e+00
9.40000e-01, 9.60000e-01, 9.50000e-01, 0.00000e+00, 0.00000e+00
9.60000e-01, 9.80000e-01, 9.70000e-01, 4.78869e-01, 2.39435e+01
9.80000e-01, 1.00000e+00, 9.90000e-01, 1.05832e+00, 5.29159e+01
1.00000e+00, 1.02000e+00, 1.01000e+00, 9.13277e-01, 4.56639e+01
1.02000e+00, 1.04000e+00, 1.03000e+00, 4.00747e-01, 2.00374e+01
1.04000e+00, 1.06000e+00, 1.05000e+00, 5.54309e-02, 2.77155e+00
1.06000e+00, 1.08000e+00, 1.07000e+00, 0.00000e+00, 0.00000e+00
1.08000e+00, 1.10000e+00, 1.09000e+00, 2.83994e-01, 1.41997e+01
1.10000e+00, 1.12000e+00, 1.11000e+00, 7.69041e-01, 3.84521e+01
1.12000e+00, 1.14000e+00, 1.13000e+00, 8.36139e-01, 4.18069e+01
1.14000e+00, 1.16000e+00, 1.15000e+00, 5.63571e-01, 2.81785e+01
1.16000e+00, 1.18000e+00, 1.17000e+00, 2.41171e-01, 1.20585e+01
1.18000e+00, 1.20000e+00, 1.19000e+00, 5.28149e-02, 2.64075e+00
1.20000e+00, 1.22000e+00, 1.21000e+00, 0.00000e+00, 0.00000e+00
1.22000e+00, 1.24000e+00, 1.23000e+00, 2.29125e-02, 1.14562e+00
1.24000e+00, 1.26000e+00, 1.25000e+00, 2.01972e-01, 1.00986e+01
1.26000e+00, 1.28000e+00, 1.27000e+00, 3.30186e-01, 1.65093e+01
1.28000e+00, 1.30000e+00, 1.29000e+00, 3.39339e-01, 1.69669e+01
1.30000e+00, 1.32000e+00, 1.31000e+00, 2.70379e-01, 1.35189e+01
1.32000e+00, 1.34000e+00, 1.33000e+00, 1.80823e-01, 9.04114e+00
1.34000e+00, 1.36000e+00, 1.35000e+00, 1.05616e-01, 5.28080e+00
1.36000e+00, 1.38000e+00, 1.37000e+00, 5.51394e-02, 2.75697e+00
1.38000e+00, 1.40000e+00, 1.39000e+00, 2.61168e-02, 1.30584e+00
1.40000e+00, 1.42000e+00, 1.41000e+00, 1.13388e-02, 5.66938e-01
1.42000e+00, 1.44000e+00, 1.43000e+00, 4.54597e-03, 2.27298e-01
1.44000e+00, 1.46000e+00, 1.45000e+00, 1.69249e-03, 8.46247e-02
1.46000e+00, 1.48000e+00, 1.47000e+00, 5.87680e-04, 2.93840e-02
1.48000e+00, 1.50000e+00, 1.49000e+00, 1.90961e-04, 9.54804e-03
1.50000e+00, 1.52000e+00, 1.51000e+00, 5.82261e-05, 2.91131e-03
1.52000e+00, 1.54000e+00, 1.53000e+00, 1.66962e-05, 8.34811e-04
1.54000e+00, 1.56000e+00, 1.55000e+00, 4.51048e-06, 2.25524e-04
1.56000e+00, 1.58000e+00, 1.57000e+00, 1.14965e-06, 5.74824e-05
1.58000e+00, 1.60000e+00, 1.59000e+00, 2.76798e-07, 1.38399e-05
1.60000e+00, 1.62000e+00, 1.61000e+00, 6.30130e-08, 3.15065e-06
1.62000e+00, 1.64000e+00, 1.63000e+00, 1.35737e-08, 6.78686e-07
1.64000e+00, 1.66000e+00, 1.65000e+00, 2.76838e-09, 1.38419e-07
1.66000e+00, 1.68000e+00, 1.67000e+00, 5.34808e-10, 2.67404e-08
1.68000e+00, 1.70000e+00, 1.69000e+00, 9.78915e-11, 4.89458e-09
1.70000e+00, 1.72000e+00, 1.71000e+00, 1.69801e-11, 8.49005e-10
1.72000e+00, 1.74000e+00, 1.73000e+00, 2.79128e-12, 1.39564e-10
1.74000e+00, 1.76000e+00, 1.75000e+00, 4.34811e-13, 2.17406e-11
1.76000e+00, 1.78000e+00, 1.77000e+00, 6.41664e-14, 3.20832e-12
1.78000e+00, 1.80000e+00, 1.79000e+00, 8.96838e-15, 4.48419e-13
1.80000e+00, 1.82000e+00, 1.81000e+00, 1.18683e-15, 5.93414e-14
1.82000e+00, 1.84000e+00, 1.83000e+00, 1.45439e-16, 7.27196e-15
1.84000e+00, 1.86000e+00, 1.85000e+00, 1.44329e-17, 7.21645e-16
1.86000e+00, 1.88000e+00, 1.87000e+00, 1.11022e-18, 5.55112e-17
1.88000e+00, 1.90000e+00, 1.89000e+00, 0.00000e+00, 0.00000e+00
1.90000e+00, 1.92000e+00, 1.91000e+00, 0.00000e+00, 0.00000e+00
1.92000e+00, 1.94000e+00, 1.93000e+00, 0.00000e+00, 0.00000e+00
1.94000e+00, 1.96000e+00, 1.95000e+00, 0.00000e+00, 0.00000e+00
1.96000e+00, 1.98000e+00, 1.97000e+00, 0.00000e+00, 0.00000e+00
1.98000e+00, 2.00000e+00, 1.99000e+00, 0.00000e+00, 0.00000e+00
