# time = 5.500000000000000e-01# start, end, pivot, particles, density
0.00000e+00, 2.00000e-02, 1.00000e-02, 0.00000e+00, 0.00000e+00
2.00000e-02, 4.00000e-02, 3.00000e-02, 0.00000e+00, 0.00000e+00
4.00000e-02, 6.00000e-02, 5.00000e-02, 0.00000e+00, 0.00000e+00
6.00000e-02, 8.00000e-02, 7.00000e-02, 0.00000e+00, 0.00000e+00
8.00000e-02, 1.00000e-01, 9.00000e-02, 0.00000e+00, 0.00000e+00
1.00000e-01, 1.20000e-01, 1.10000e-01, 0.00000e+00, 0.00000e+00
1.20000e-01, 1.40000e-01, 1.30000e-01, 0.00000e+00, 0.00000e+00
1.40000e-01, 1.60000e-01, 1.50000e-01, 0.00000e+00, 0.00000e+00
1.60000e-01, 1.80000e-01, 1.70000e-01, 0.00000e+00, 0.00000e+00
1.80000e-01, 2.00000e-01, 1.90000e-01, 0.00000e+00, 0.00000e+00
2.00000e-01, 2.20000e-01, 2.10000e-01, 0.00000e+00, 0.00000e+00
2.20000e-01, 2.40000e-01, 2.30000e-01, 0.00000e+00, 0.00000e+00
2.40000e-01, 2.60000e-01, 2.50000e-01, 0.00000e+00, 0.00000e+00
2.60000e-01, 2.80000e-01, 2.70000e-01, 0.00000e+00, 0.00000e+00
2.80000e-01, 3.00000e-01, 2.90000e-01, 0.00000e+00, 0.00000e+00
3.00000e-01, 3.20000e-01, 3.10000e-01, 0.00000e+00, 0.00000e+00
3.20000e-01, 3.40000e-01, 3.30000e-01, 0.00000e+00, 0.00000e+00
3.40000e-01, 3.60000e-01, 3.50000e-01, 0.00000e+00, 0.00000e+00
3.60000e-01, 3.80000e-01, 3.70000e-01, 0.00000e+00, 0.00000e+00
3.80000e-01, 4.00000e-01, 3.90000e-01, 0.00000e+00, 0.00000e+00
4.00000e-01, 4.20000e-01, 4.10000e-01, 2.70577e-02, 1.35288e+00
4.20000e-01, 4.40000e-01, 4.30000e-01, 4.79352e-02, 2.39676e+00
4.40000e-01, 4.60000e-01, 4.50000e-01, 1.19188e-03, 5.95939e-02
4.60000e-01, 4.80000e-01, 4.70000e-01, 0.00000e+00, 0.00000e+00
4.80000e-01, 5.00000e-01, 4.90000e-01, 1.41546e-01, 7.07728e+00
5.00000e-01, 5.20000e-01, 5.10000e-01, 9.66674e-02, 4.83337e+00
5.20000e-01, 5.40000e-01, 5.30000e-01, 0.00000e+00, 0.00000e+00
5.40000e-01, 5.60000e-01, 5.50000e-01, 7.15941e-02, 3.57970e+00
5.60000e-01, 5.80000e-01, 5.70000e-01, 2.24208e-01, 1.12104e+01
5.80000e-01, 6.00000e-01, 5.90000e-01, 1.11385e-01, 5.56927e+00
6.00000e-01, 6.20000e-01, 6.10000e-01, 0.00000e+00, 0.00000e+00
6.20000e-01, 6.40000e-01, 6.30000e-01, 8.76372e-02, 4.38186e+00
6.40000e-01, 6.60000e-01, 6.50000e-01, 2.73281e-01, 1.36640e+01
6.60000e-01, 6.80000e-01, 6.70000e-01, 1.78421e-01, 8.92103e+00
6.80000e-01, 7.00000e-01, 6.90000e-01, 1.24712e-02, 6.23559e-01
7.00000e-01, 7.20000e-01, 7.10000e-01, 0.00000e+00, 0.00000e+00
7.20000e-01, 7.40000e-01, 7.30000e-01, 2.33108e-01, 1.16554e+01
7.40000e-01, 7.60000e-01, 7.50000e-01, 3.13957e-01, 1.56979e+01
7.60000e-01, 7.80000e-01, 7.70000e-01, 1.56380e-01, 7.81898e+00
7.80000e-01, 8.00000e-01, 7.90000e-01, 1.39092e-02, 6.95459e-01
8.00000e-01, 8.20000e-01, 8.10000e-01, 0.00000e+00, 0.00000e+00
8.20000e-01, 8.40000e-01, 8.30000e-01, 1.71932e-01, 8.59658e+00
8.40000e-01, 8.60000e-01, 8.50000e-01, 3.18584e-01, 1.59292e+01
8.60000e-01, 8.80000e-01, 8.70000e-01, 2.58426e-01, 1.29213e+01
8.80000e-01, 9.00000e-01, 8.90000e-01, 1.13381e-01, 5.66904e+00
9.00000e-01, 9.20000e-01, 9.10000e-01, 1.72003e-02, 8.60014e-01
9.20000e-01, 9.40000e-01, 9.30000e-01, 0.00000e+00, 0.00000e+00
9.40000e-01, 9.60000e-01, 9.50000e-01, 4.54033e-02, 2.27017e+00
9.60000e-01, 9.80000e-01, 9.70000e-01, 1.48912e-01, 7.44559e+00
9.80000e-01, 1.00000e+00, 9.90000e-01, 1.90221e-01, 9.51104e+00
1.00000e+00, 1.02000e+00, 1.01000e+00, 1.64063e-01, 8.20313e+00
1.02000e+00, 1.04000e+00, 1.03000e+00, 1.10598e-01, 5.52989e+00
1.04000e+00, 1.06000e+00, 1.05000e+00, 6.20496e-02, 3.10248e+00
1.06000e+00, 1.08000e+00, 1.07000e+00, 2.99587e-02, 1.49793e+00
1.08000e+00, 1.10000e+00, 1.09000e+00, 1.27026e-02, 6.35132e-01
1.10000e+00, 1.12000e+00, 1.11000e+00, 4.79316e-03, 2.39658e-01
1.12000e+00, 1.14000e+00, 1.13000e+00, 1.62443e-03, 8.12217e-02
1.14000e+00, 1.16000e+00, 1.15000e+00, 4.97729e-04, 2.48865e-02
1.16000e+00, 1.18000e+00, 1.17000e+00, 1.38543e-04, 6.92715e-03
1.18000e+00, 1.20000e+00, 1.19000e+00, 3.51570e-05, 1.75785e-03
1.20000e+00, 1.22000e+00, 1.21000e+00, 8.15430e-06, 4.07715e-04
1.22000e+00, 1.24000e+00, 1.23000e+00, 1.73178e-06, 8.65891e-05
1.24000e+00, 1.26000e+00, 1.25000e+00, 3.37162e-07, 1.68581e-05
1.26000e+00, 1.28000e+00, 1.27000e+00, 6.02136e-08, 3.01068e-06
1.28000e+00, 1.30000e+00, 1.29000e+00, 9.86556e-09, 4.93278e-07
1.30000e+00, 1.32000e+00, 1.31000e+00, 1.48245e-09, 7.41227e-08
1.32000e+00, 1.34000e+00, 1.33000e+00, 2.04147e-10, 1.02073e-08
1.34000e+00, 1.36000e+00, 1.35000e+00, 2.57324e-11, 1.28662e-09
1.36000e+00, 1.38000e+00, 1.37000e+00, 2.96392e-12, 1.48196e-10
1.38000e+00, 1.40000e+00, 1.39000e+00, 3.11285e-13, 1.55643e-11
1.40000e+00, 1.42000e+00, 1.41000e+00, 2.97284e-14, 1.48642e-12
1.42000e+00, 1.44000e+00, 1.43000e+00, 2.57017e-15, 1.28508e-13
1.44000e+00, 1.46000e+00, 1.45000e+00, 1.98730e-16, 9.93650e-15
1.46000e+00, 1.48000e+00, 1.47000e+00, 1.33227e-17, 6.66134e-16
1.48000e+00, 1.50000e+00, 1.49000e+00, 0.00000e+00, 0.00000e+00
1.50000e+00, 1.52000e+00, 1.51000e+00, 0.00000e+00, 0.00000e+00
1.52000e+00, 1.54000e+00, 1.53000e+00, 0.00000e+00, 0.00000e+00
1.54000e+00, 1.56000e+00, 1.55000e+00, 0.00000e+00, 0.00000e+00
1.56000e+00, 1.58000e+00, 1.57000e+00, 0.00000e+00, 0.00000e+00
1.58000e+00, 1.60000e+00, 1.59000e+00, 0.00000e+00, 0.00000e+00
1.60000e+00, 1.62000e+00, 1.61000e+00, 0.00000e+00, 0.00000e+00
1.62000e+00, 1.64000e+00, 1.63000e+00, 0.00000e+00, 0.00000e+00
1.64000e+00, 1.66000e+00, 1.65000e+00, 0.00000e+00, 0.00000e+00
1.66000e+00, 1.68000e+00, 1.67000e+00, 0.00000e+00, 0.00000e+00
1.68000e+00, 1.70000e+00, 1.69000e+00, 0.00000e+00, 0.00000e+00
1.70000e+00, 1.72000e+00, 1.71000e+00, 0.00000e+00, 0.00000e+00
1.72000e+00, 1.74000e+00, 1.73000e+00, 0.00000e+00, 0.00000e+00
1.74000e+00, 1.76000e+00, 1.75000e+00, 0.00000e+00, 0.00000e+00
1.76000e+00, 1.78000e+00, 1.77000e+00, 0.00000e+00, 0.00000e+00
1.78000e+00, 1.80000e+00, 1.79000e+00, 0.00000e+00, 0.00000e+00
1.80000e+00, 1.82000e+00, 1.81000e+00, 0.00000e+00, 0.00000e+00
1.82000e+00, 1.84000e+00, 1.83000e+00, 0.00000e+00, 0.00000e+00
1.84000e+00, 1.86000e+00, 1.85000e+00, 0.00000e+00, 0.00000e+00
1.86000e+00, 1.88000e+00, 1.87000e+00, 0.00000e+00, 0.00000e+00
1.88000e+00, 1.90000e+00, 1.89000e+00, 0.00000e+00, 0.00000e+00
1.90000e+00, 1.92000e+00, 1.91000e+00, 0.00000e+00, 0.00000e+00
1.92000e+00, 1.94000e+00, 1.93000e+00, 0.00000e+00, 0.00000e+00
1.94000e+00, 1.96000e+00, 1.95000e+00, 0.00000e+00, 0.00000e+00
1.96000e+00, 1.98000e+00, 1.97000e+00, 0.00000e+00, 0.00000e+00
1.98000e+00, 2.00000e+00, 1.99000e+00, 0.00000e+00, 0.00000e+00
