# time = 1.600000000000000e-01# start, end, pivot, particles, density
0.00000e+00, 2.00000e-02, 1.00000e-02, 0.00000e+00, 0.00000e+00
2.00000e-02, 4.00000e-02, 3.00000e-02, 0.00000e+00, 0.00000e+00
4.00000e-02, 6.00000e-02, 5.00000e-02, 0.00000e+00, 0.00000e+00
6.00000e-02, 8.00000e-02, 7.00000e-02, 0.00000e+00, 0.00000e+00
8.00000e-02, 1.00000e-01, 9.00000e-02, 0.00000e+00, 0.00000e+00
1.00000e-01, 1.20000e-01, 1.10000e-01, 0.00000e+00, 0.00000e+00
1.20000e-01, 1.40000e-01, 1.30000e-01, 0.00000e+00, 0.00000e+00
1.40000e-01, 1.60000e-01, 1.50000e-01, 0.00000e+00, 0.00000e+00
1.60000e-01, 1.80000e-01, 1.70000e-01, 0.00000e+00, 0.00000e+00
1.80000e-01, 2.00000e-01, 1.90000e-01, 0.00000e+00, 0.00000e+00
2.00000e-01, 2.20000e-01, 2.10000e-01, 7.03513e-03, 3.51756e-01
2.20000e-01, 2.40000e-01, 2.30000e-01, 2.39654e-02, 1.19827e+00
2.40000e-01, 2.60000e-01, 2.50000e-01, 3.45498e-02, 1.72749e+00
2.60000e-01, 2.80000e-01, 2.70000e-01, 3.86263e-02, 1.93132e+00
2.80000e-01, 3.00000e-01, 2.90000e-01, 3.97378e-02, 1.98689e+00
3.00000e-01, 3.20000e-01, 3.10000e-01, 3.99620e-02, 1.99810e+00
3.20000e-01, 3.40000e-01, 3.30000e-01, 3.99959e-02, 1.99979e+00
3.40000e-01, 3.60000e-01, 3.50000e-01, 4.00000e-02, 2.00000e+00
3.60000e-01, 3.80000e-01, 3.70000e-01, 3.99962e-02, 1.99981e+00
3.80000e-01, 4.00000e-01, 3.90000e-01, 4.00336e-02, 2.00168e+00
4.00000e-01, 4.20000e-01, 4.10000e-01, 3.97786e-02, 1.98893e+00
4.20000e-01, 4.40000e-01, 4.30000e-01, 4.10917e-02, 2.05459e+00
4.40000e-01, 4.60000e-01, 4.50000e-01, 3.60114e-02, 1.80057e+00
4.60000e-01, 4.80000e-01, 4.70000e-01, 5.04271e-02, 2.52135e+00
4.80000e-01, 5.00000e-01, 4.90000e-01, 2.22559e-02, 1.11279e+00
5.00000e-01, 5.20000e-01, 5.10000e-01, 5.35784e-02, 2.67892e+00
5.20000e-01, 5.40000e-01, 5.30000e-01, 5.30214e-02, 2.65107e+00
5.40000e-01, 5.60000e-01, 5.50000e-01, 3.09483e-03, 1.54741e-01
5.60000e-01, 5.80000e-01, 5.70000e-01, 4.68573e-02, 2.34287e+00
5.80000e-01, 6.00000e-01, 5.90000e-01, 8.60283e-02, 4.30141e+00
6.00000e-01, 6.20000e-01, 6.10000e-01, 2.79860e-02, 1.39930e+00
6.20000e-01, 6.40000e-01, 6.30000e-01, 0.00000e+00, 0.00000e+00
6.40000e-01, 6.60000e-01, 6.50000e-01, 3.16447e-02, 1.58224e+00
6.60000e-01, 6.80000e-01, 6.70000e-01, 8.11710e-02, 4.05855e+00
6.80000e-01, 7.00000e-01, 6.90000e-01, 8.05997e-02, 4.02999e+00
7.00000e-01, 7.20000e-01, 7.10000e-01, 4.92772e-02, 2.46386e+00
7.20000e-01, 7.40000e-01, 7.30000e-01, 2.11060e-02, 1.05530e+00
7.40000e-01, 7.60000e-01, 7.50000e-01, 6.69031e-03, 3.34515e-01
7.60000e-01, 7.80000e-01, 7.70000e-01, 1.60999e-03, 8.04997e-02
7.80000e-01, 8.00000e-01, 7.90000e-01, 2.96845e-04, 1.48423e-02
8.00000e-01, 8.20000e-01, 8.10000e-01, 4.18130e-05, 2.09065e-03
8.20000e-01, 8.40000e-01, 8.30000e-01, 4.43318e-06, 2.21659e-04
8.40000e-01, 8.60000e-01, 8.50000e-01, 3.43183e-07, 1.71592e-05
8.60000e-01, 8.80000e-01, 8.70000e-01, 1.83377e-08, 9.16887e-07
8.80000e-01, 9.00000e-01, 8.90000e-01, 6.05360e-10, 3.02680e-08
9.00000e-01, 9.20000e-01, 9.10000e-01, 9.31323e-12, 4.65661e-10
9.20000e-01, 9.40000e-01, 9.30000e-01, 0.00000e+00, 0.00000e+00
9.40000e-01, 9.60000e-01, 9.50000e-01, 0.00000e+00, 0.00000e+00
9.60000e-01, 9.80000e-01, 9.70000e-01, 0.00000e+00, 0.00000e+00
9.80000e-01, 1.00000e+00, 9.90000e-01, 0.00000e+00, 0.00000e+00
1.00000e+00, 1.02000e+00, 1.01000e+00, 0.00000e+00, 0.00000e+00
1.02000e+00, 1.04000e+00, 1.03000e+00, 0.00000e+00, 0.00000e+00
1.04000e+00, 1.06000e+00, 1.05000e+00, 0.00000e+00, 0.00000e+00
1.06000e+00, 1.08000e+00, 1.07000e+00, 0.00000e+00, 0.00000e+00
1.08000e+00, 1.10000e+00, 1.09000e+00, 0.00000e+00, 0.00000e+00
1.10000e+00, 1.12000e+00, 1.11000e+00, 0.00000e+00, 0.00000e+00
1.12000e+00, 1.14000e+00, 1.13000e+00, 0.00000e+00, 0.00000e+00
1.14000e+00, 1.16000e+00, 1.15000e+00, 0.00000e+00, 0.00000e+00
1.16000e+00, 1.18000e+00, 1.17000e+00, 0.00000e+00, 0.00000e+00
1.18000e+00, 1.20000e+00, 1.19000e+00, 0.00000e+00, 0.00000e+00
1.20000e+00, 1.22000e+00, 1.21000e+00, 0.00000e+00, 0.00000e+00
1.22000e+00, 1.24000e+00, 1.23000e+00, 0.00000e+00, 0.00000e+00
1.24000e+00, 1.26000e+00, 1.25000e+00, 0.00000e+00, 0.00000e+00
1.26000e+00, 1.28000e+00, 1.27000e+00, 0.00000e+00, 0.00000e+00
1.28000e+00, 1.30000e+00, 1.29000e+00, 0.00000e+00, 0.00000e+00
1.30000e+00, 1.32000e+00, 1.31000e+00, 0.00000e+00, 0.00000e+00
1.32000e+00, 1.34000e+00, 1.33000e+00, 0.00000e+00, 0.00000e+00
1.34000e+00, 1.36000e+00, 1.35000e+00, 0.00000e+00, 0.00000e+00
1.36000e+00, 1.38000e+00, 1.37000e+00, 0.00000e+00, 0.00000e+00
1.38000e+00, 1.40000e+00, 1.39000e+00, 0.00000e+00, 0.00000e+00
1.40000e+00, 1.42000e+00, 1.41000e+00, 0.00000e+00, 0.00000e+00
1.42000e+00, 1.44000e+00, 1.43000e+00, 0.00000e+00, 0.00000e+00
1.44000e+00, 1.46000e+00, 1.45000e+00, 0.00000e+00, 0.00000e+00
1.46000e+00, 1.48000e+00, 1.47000e+00, 0.00000e+00, 0.00000e+00
1.48000e+00, 1.50000e+00, 1.49000e+00, 0.00000e+00, 0.00000e+00
1.50000e+00, 1.52000e+00, 1.51000e+00, 0.00000e+00, 0.00000e+00
1.52000e+00, 1.54000e+00, 1.53000e+00, 0.00000e+00, 0.00000e+00
1.54000e+00, 1.56000e+00, 1.55000e+00, 0.00000e+00, 0.00000e+00
1.56000e+00, 1.58000e+00, 1.57000e+00, 0.00000e+00, 0.00000e+00
1.58000e+00, 1.60000e+00, 1.59000e+00, 0.00000e+00, 0.00000e+00
1.60000e+00, 1.62000e+00, 1.61000e+00, 0.00000e+00, 0.00000e+00
1.62000e+00, 1.64000e+00, 1.63000e+00, 0.00000e+00, 0.00000e+00
1.64000e+00, 1.66000e+00, 1.65000e+00, 0.00000e+00, 0.00000e+00
1.66000e+00, 1.68000e+00, 1.67000e+00, 0.00000e+00, 0.00000e+00
1.68000e+00, 1.70000e+00, 1.69000e+00, 0.00000e+00, 0.00000e+00
1.70000e+00, 1.72000e+00, 1.71000e+00, 0.00000e+00, 0.00000e+00
1.72000e+00, 1.74000e+00, 1.73000e+00, 0.00000e+00, 0.00000e+00
1.74000e+00, 1.76000e+00, 1.75000e+00, 0.00000e+00, 0.00000e+00
1.76000e+00, 1.78000e+00, 1.77000e+00, 0.00000e+00, 0.00000e+00
1.78000e+00, 1.80000e+00, 1.79000e+00, 0.00000e+00, 0.00000e+00
1.80000e+00, 1.82000e+00, 1.81000e+00, 0.00000e+00, 0.00000e+00
1.82000e+00, 1.84000e+00, 1.83000e+00, 0.00000e+00, 0.00000e+00
1.84000e+00, 1.86000e+00, 1.85000e+00, 0.00000e+00, 0.00000e+00
1.86000e+00, 1.88000e+00, 1.87000e+00, 0.00000e+00, 0.00000e+00
1.88000e+00, 1.90000e+00, 1.89000e+00, 0.00000e+00, 0.00000e+00
1.90000e+00, 1.92000e+00, 1.91000e+00, 0.00000e+00, 0.00000e+00
1.92000e+00, 1.94000e+00, 1.93000e+00, 0.00000e+00, 0.00000e+00
1.94000e+00, 1.96000e+00, 1.95000e+00, 0.00000e+00, 0.00000e+00
1.96000e+00, 1.98000e+00, 1.97000e+00, 0.00000e+00, 0.00000e+00
1.98000e+00, 2.00000e+00, 1.99000e+00, 0.00000e+00, 0.00000e+00
