# time = 2.600000000000000e-01# start, end, pivot, particles, density
0.00000e+00, 2.00000e-02, 1.00000e-02, 0.00000e+00, 0.00000e+00
2.00000e-02, 4.00000e-02, 3.00000e-02, 0.00000e+00, 0.00000e+00
4.00000e-02, 6.00000e-02, 5.00000e-02, 0.00000e+00, 0.00000e+00
6.00000e-02, 8.00000e-02, 7.00000e-02, 0.00000e+00, 0.00000e+00
8.00000e-02, 1.00000e-01, 9.00000e-02, 0.00000e+00, 0.00000e+00
1.00000e-01, 1.20000e-01, 1.10000e-01, 0.00000e+00, 0.00000e+00
1.20000e-01, 1.40000e-01, 1.30000e-01, 0.00000e+00, 0.00000e+00
1.40000e-01, 1.60000e-01, 1.50000e-01, 0.00000e+00, 0.00000e+00
1.60000e-01, 1.80000e-01, 1.70000e-01, 0.00000e+00, 0.00000e+00
1.80000e-01, 2.00000e-01, 1.90000e-01, 0.00000e+00, 0.00000e+00
2.00000e-01, 2.20000e-01, 2.10000e-01, 0.00000e+00, 0.00000e+00
2.20000e-01, 2.40000e-01, 2.30000e-01, 0.00000e+00, 0.00000e+00
2.40000e-01, 2.60000e-01, 2.50000e-01, 0.00000e+00, 0.00000e+00
2.60000e-01, 2.80000e-01, 2.70000e-01, 0.00000e+00, 0.00000e+00
2.80000e-01, 3.00000e-01, 2.90000e-01, 3.45948e-03, 1.72974e-01
3.00000e-01, 3.20000e-01, 3.10000e-01, 1.90563e-02, 9.52816e-01
3.20000e-01, 3.40000e-01, 3.30000e-01, 3.04290e-02, 1.52145e+00
3.40000e-01, 3.60000e-01, 3.50000e-01, 3.91492e-02, 1.95746e+00
3.60000e-01, 3.80000e-01, 3.70000e-01, 3.32170e-02, 1.66085e+00
3.80000e-01, 4.00000e-01, 3.90000e-01, 5.25799e-02, 2.62900e+00
4.00000e-01, 4.20000e-01, 4.10000e-01, 2.05022e-02, 1.02511e+00
4.20000e-01, 4.40000e-01, 4.30000e-01, 5.56498e-02, 2.78249e+00
4.40000e-01, 4.60000e-01, 4.50000e-01, 4.94952e-02, 2.47476e+00
4.60000e-01, 4.80000e-01, 4.70000e-01, 0.00000e+00, 0.00000e+00
4.80000e-01, 5.00000e-01, 4.90000e-01, 7.94647e-02, 3.97324e+00
5.00000e-01, 5.20000e-01, 5.10000e-01, 5.77100e-02, 2.88550e+00
5.20000e-01, 5.40000e-01, 5.30000e-01, 0.00000e+00, 0.00000e+00
5.40000e-01, 5.60000e-01, 5.50000e-01, 5.91090e-02, 2.95545e+00
5.60000e-01, 5.80000e-01, 5.70000e-01, 1.03395e-01, 5.16974e+00
5.80000e-01, 6.00000e-01, 5.90000e-01, 2.69195e-02, 1.34597e+00
6.00000e-01, 6.20000e-01, 6.10000e-01, 0.00000e+00, 0.00000e+00
6.20000e-01, 6.40000e-01, 6.30000e-01, 7.62135e-02, 3.81067e+00
6.40000e-01, 6.60000e-01, 6.50000e-01, 1.22734e-01, 6.13672e+00
6.60000e-01, 6.80000e-01, 6.70000e-01, 6.25176e-02, 3.12588e+00
6.80000e-01, 7.00000e-01, 6.90000e-01, 5.39640e-03, 2.69820e-01
7.00000e-01, 7.20000e-01, 7.10000e-01, 0.00000e+00, 0.00000e+00
7.20000e-01, 7.40000e-01, 7.30000e-01, 5.69533e-02, 2.84766e+00
7.40000e-01, 7.60000e-01, 7.50000e-01, 1.05026e-01, 5.25131e+00
7.60000e-01, 7.80000e-01, 7.70000e-01, 9.81003e-02, 4.90502e+00
7.80000e-01, 8.00000e-01, 7.90000e-01, 6.28626e-02, 3.14313e+00
8.00000e-01, 8.20000e-01, 8.10000e-01, 3.06191e-02, 1.53095e+00
8.20000e-01, 8.40000e-01, 8.30000e-01, 1.18925e-02, 5.94627e-01
8.40000e-01, 8.60000e-01, 8.50000e-01, 3.78030e-03, 1.89015e-01
8.60000e-01, 8.80000e-01, 8.70000e-01, 9.98226e-04, 4.99113e-02
8.80000e-01, 9.00000e-01, 8.90000e-01, 2.20795e-04, 1.10398e-02
9.00000e-01, 9.20000e-01, 9.10000e-01, 4.10610e-05, 2.05305e-03
9.20000e-01, 9.40000e-01, 9.30000e-01, 6.42059e-06, 3.21030e-04
9.40000e-01, 9.60000e-01, 9.50000e-01, 8.41379e-07, 4.20689e-05
9.60000e-01, 9.80000e-01, 9.70000e-01, 9.17703e-08, 4.58851e-06
9.80000e-01, 1.00000e+00, 9.90000e-01, 8.23955e-09, 4.11977e-07
1.00000e+00, 1.02000e+00, 1.01000e+00, 5.98939e-10, 2.99469e-08
1.02000e+00, 1.04000e+00, 1.03000e+00, 3.43885e-11, 1.71943e-09
1.04000e+00, 1.06000e+00, 1.05000e+00, 1.50172e-12, 7.50862e-11
1.06000e+00, 1.08000e+00, 1.07000e+00, 4.68869e-14, 2.34435e-12
1.08000e+00, 1.10000e+00, 1.09000e+00, 9.32587e-16, 4.66294e-14
1.10000e+00, 1.12000e+00, 1.11000e+00, 8.88178e-18, 4.44089e-16
1.12000e+00, 1.14000e+00, 1.13000e+00, 0.00000e+00, 0.00000e+00
1.14000e+00, 1.16000e+00, 1.15000e+00, 0.00000e+00, 0.00000e+00
1.16000e+00, 1.18000e+00, 1.17000e+00, 0.00000e+00, 0.00000e+00
1.18000e+00, 1.20000e+00, 1.19000e+00, 0.00000e+00, 0.00000e+00
1.20000e+00, 1.22000e+00, 1.21000e+00, 0.00000e+00, 0.00000e+00
1.22000e+00, 1.24000e+00, 1.23000e+00, 0.00000e+00, 0.00000e+00
1.24000e+00, 1.26000e+00, 1.25000e+00, 0.00000e+00, 0.00000e+00
1.26000e+00, 1.28000e+00, 1.27000e+00, 0.00000e+00, 0.00000e+00
1.28000e+00, 1.30000e+00, 1.29000e+00, 0.00000e+00, 0.00000e+00
1.30000e+00, 1.32000e+00, 1.31000e+00, 0.00000e+00, 0.00000e+00
1.32000e+00, 1.34000e+00, 1.33000e+00, 0.00000e+00, 0.00000e+00
1.34000e+00, 1.36000e+00, 1.35000e+00, 0.00000e+00, 0.00000e+00
1.36000e+00, 1.38000e+00, 1.37000e+00, 0.00000e+00, 0.00000e+00
1.38000e+00, 1.40000e+00, 1.39000e+00, 0.00000e+00, 0.00000e+00
1.40000e+00, 1.42000e+00, 1.41000e+00, 0.00000e+00, 0.00000e+00
1.42000e+00, 1.44000e+00, 1.43000e+00, 0.00000e+00, 0.00000e+00
1.44000e+00, 1.46000e+00, 1.45000e+00, 0.00000e+00, 0.00000e+00
1.46000e+00, 1.48000e+00, 1.47000e+00, 0.00000e+00, 0.00000e+00
1.48000e+00, 1.50000e+00, 1.49000e+00, 0.00000e+00, 0.00000e+00
1.50000e+00, 1.52000e+00, 1.51000e+00, 0.00000e+00, 0.00000e+00
1.52000e+00, 1.54000e+00, 1.53000e+00, 0.00000e+00, 0.00000e+00
1.54000e+00, 1.56000e+00, 1.55000e+00, 0.00000e+00, 0.00000e+00
1.56000e+00, 1.58000e+00, 1.57000e+00, 0.00000e+00, 0.00000e+00
1.58000e+00, 1.60000e+00, 1.59000e+00, 0.00000e+00, 0.00000e+00
1.60000e+00, 1.62000e+00, 1.61000e+00, 0.00000e+00, 0.00000e+00
1.62000e+00, 1.64000e+00, 1.63000e+00, 0.00000e+00, 0.00000e+00
1.64000e+00, 1.66000e+00, 1.65000e+00, 0.00000e+00, 0.00000e+00
1.66000e+00, 1.68000e+00, 1.67000e+00, 0.00000e+00, 0.00000e+00
1.68000e+00, 1.70000e+00, 1.69000e+00, 0.00000e+00, 0.00000e+00
1.70000e+00, 1.72000e+00, 1.71000e+00, 0.00000e+00, 0.00000e+00
1.72000e+00, 1.74000e+00, 1.73000e+00, 0.00000e+00, 0.00000e+00
1.74000e+00, 1.76000e+00, 1.75000e+00, 0.00000e+00, 0.00000e+00
1.76000e+00, 1.78000e+00, 1.77000e+00, 0.00000e+00, 0.00000e+00
1.78000e+00, 1.80000e+00, 1.79000e+00, 0.00000e+00, 0.00000e+00
1.80000e+00, 1.82000e+00, 1.81000e+00, 0.00000e+00, 0.00000e+00
1.82000e+00, 1.84000e+00, 1.83000e+00, 0.00000e+00, 0.00000e+00
1.84000e+00, 1.86000e+00, 1.85000e+00, 0.00000e+00, 0.00000e+00
1.86000e+00, 1.88000e+00, 1.87000e+00, 0.00000e+00, 0.00000e+00
1.88000e+00, 1.90000e+00, 1.89000e+00, 0.00000e+00, 0.00000e+00
1.90000e+00, 1.92000e+00, 1.91000e+00, 0.00000e+00, 0.00000e+00
1.92000e+00, 1.94000e+00, 1.93000e+00, 0.00000e+00, 0.00000e+00
1.94000e+00, 1.96000e+00, 1.95000e+00, 0.00000e+00, 0.00000e+00
1.96000e+00, 1.98000e+00, 1.97000e+00, 0.00000e+00, 0.00000e+00
1.98000e+00, 2.00000e+00, 1.99000e+00, 0.00000e+00, 0.00000e+00
