# time = 2.800000000000000e-01# start, end, pivot, particles, density
0.00000e+00, 2.00000e-02, 1.00000e-02, 0.00000e+00, 0.00000e+00
2.00000e-02, 4.00000e-02, 3.00000e-02, 0.00000e+00, 0.00000e+00
4.00000e-02, 6.00000e-02, 5.00000e-02, 0.00000e+00, 0.00000e+00
6.00000e-02, 8.00000e-02, 7.00000e-02, 0.00000e+00, 0.00000e+00
8.00000e-02, 1.00000e-01, 9.00000e-02, 0.00000e+00, 0.00000e+00
1.00000e-01, 1.20000e-01, 1.10000e-01, 0.00000e+00, 0.00000e+00
1.20000e-01, 1.40000e-01, 1.30000e-01, 0.00000e+00, 0.00000e+00
1.40000e-01, 1.60000e-01, 1.50000e-01, 0.00000e+00, 0.00000e+00
1.60000e-01, 1.80000e-01, 1.70000e-01, 0.00000e+00, 0.00000e+00
1.80000e-01, 2.00000e-01, 1.90000e-01, 0.00000e+00, 0.00000e+00
2.00000e-01, 2.20000e-01, 2.10000e-01, 0.00000e+00, 0.00000e+00
2.20000e-01, 2.40000e-01, 2.30000e-01, 0.00000e+00, 0.00000e+00
2.40000e-01, 2.60000e-01, 2.50000e-01, 0.00000e+00, 0.00000e+00
2.60000e-01, 2.80000e-01, 2.70000e-01, 0.00000e+00, 0.00000e+00
2.80000e-01, 3.00000e-01, 2.90000e-01, 0.00000e+00, 0.00000e+00
3.00000e-01, 3.20000e-01, 3.10000e-01, 5.96250e-03, 2.98125e-01
3.20000e-01, 3.40000e-01, 3.30000e-01, 1.88712e-02, 9.43559e-01
3.40000e-01, 3.60000e-01, 3.50000e-01, 3.73388e-02, 1.86694e+00
3.60000e-01, 3.80000e-01, 3.70000e-01, 2.55327e-02, 1.27664e+00
3.80000e-01, 4.00000e-01, 3.90000e-01, 5.82898e-02, 2.91449e+00
4.00000e-01, 4.20000e-01, 4.10000e-01, 2.15740e-02, 1.07870e+00
4.20000e-01, 4.40000e-01, 4.30000e-01, 3.74833e-02, 1.87416e+00
4.40000e-01, 4.60000e-01, 4.50000e-01, 7.55080e-02, 3.77540e+00
4.60000e-01, 4.80000e-01, 4.70000e-01, 0.00000e+00, 0.00000e+00
4.80000e-01, 5.00000e-01, 4.90000e-01, 4.56432e-02, 2.28216e+00
5.00000e-01, 5.20000e-01, 5.10000e-01, 9.38355e-02, 4.69177e+00
5.20000e-01, 5.40000e-01, 5.30000e-01, 1.10790e-02, 5.53948e-01
5.40000e-01, 5.60000e-01, 5.50000e-01, 5.39974e-03, 2.69987e-01
5.60000e-01, 5.80000e-01, 5.70000e-01, 1.06565e-01, 5.32826e+00
5.80000e-01, 6.00000e-01, 5.90000e-01, 8.06288e-02, 4.03144e+00
6.00000e-01, 6.20000e-01, 6.10000e-01, 1.80958e-03, 9.04790e-02
6.20000e-01, 6.40000e-01, 6.30000e-01, 1.39903e-02, 6.99516e-01
6.40000e-01, 6.60000e-01, 6.50000e-01, 1.14578e-01, 5.72889e+00
6.60000e-01, 6.80000e-01, 6.70000e-01, 1.18135e-01, 5.90676e+00
6.80000e-01, 7.00000e-01, 6.90000e-01, 4.39888e-02, 2.19944e+00
7.00000e-01, 7.20000e-01, 7.10000e-01, 0.00000e+00, 0.00000e+00
7.20000e-01, 7.40000e-01, 7.30000e-01, 7.01182e-03, 3.50591e-01
7.40000e-01, 7.60000e-01, 7.50000e-01, 7.52534e-02, 3.76267e+00
7.60000e-01, 7.80000e-01, 7.70000e-01, 1.12393e-01, 5.61964e+00
7.80000e-01, 8.00000e-01, 7.90000e-01, 9.60528e-02, 4.80264e+00
8.00000e-01, 8.20000e-01, 8.10000e-01, 5.86442e-02, 2.93221e+00
8.20000e-01, 8.40000e-01, 8.30000e-01, 2.78166e-02, 1.39083e+00
8.40000e-01, 8.60000e-01, 8.50000e-01, 1.06824e-02, 5.34121e-01
8.60000e-01, 8.80000e-01, 8.70000e-01, 3.39905e-03, 1.69953e-01
8.80000e-01, 9.00000e-01, 8.90000e-01, 9.08448e-04, 4.54224e-02
9.00000e-01, 9.20000e-01, 9.10000e-01, 2.05557e-04, 1.02779e-02
9.20000e-01, 9.40000e-01, 9.30000e-01, 3.95332e-05, 1.97666e-03
9.40000e-01, 9.60000e-01, 9.50000e-01, 6.46744e-06, 3.23372e-04
9.60000e-01, 9.80000e-01, 9.70000e-01, 8.98193e-07, 4.49096e-05
9.80000e-01, 1.00000e+00, 9.90000e-01, 1.05384e-07, 5.26918e-06
1.00000e+00, 1.02000e+00, 1.01000e+00, 1.03624e-08, 5.18119e-07
1.02000e+00, 1.04000e+00, 1.03000e+00, 8.43783e-10, 4.21892e-08
1.04000e+00, 1.06000e+00, 1.05000e+00, 5.59186e-11, 2.79593e-09
1.06000e+00, 1.08000e+00, 1.07000e+00, 2.94070e-12, 1.47035e-10
1.08000e+00, 1.10000e+00, 1.09000e+00, 1.18113e-13, 5.90566e-12
1.10000e+00, 1.12000e+00, 1.11000e+00, 3.40505e-15, 1.70253e-13
1.12000e+00, 1.14000e+00, 1.13000e+00, 6.21725e-17, 3.10862e-15
1.14000e+00, 1.16000e+00, 1.15000e+00, 0.00000e+00, 0.00000e+00
1.16000e+00, 1.18000e+00, 1.17000e+00, 0.00000e+00, 0.00000e+00
1.18000e+00, 1.20000e+00, 1.19000e+00, 0.00000e+00, 0.00000e+00
1.20000e+00, 1.22000e+00, 1.21000e+00, 0.00000e+00, 0.00000e+00
1.22000e+00, 1.24000e+00, 1.23000e+00, 0.00000e+00, 0.00000e+00
1.24000e+00, 1.26000e+00, 1.25000e+00, 0.00000e+00, 0.00000e+00
1.26000e+00, 1.28000e+00, 1.27000e+00, 0.00000e+00, 0.00000e+00
1.28000e+00, 1.30000e+00, 1.29000e+00, 0.00000e+00, 0.00000e+00
1.30000e+00, 1.32000e+00, 1.31000e+00, 0.00000e+00, 0.00000e+00
1.32000e+00, 1.34000e+00, 1.33000e+00, 0.00000e+00, 0.00000e+00
1.34000e+00, 1.36000e+00, 1.35000e+00, 0.00000e+00, 0.00000e+00
1.36000e+00, 1.38000e+00, 1.37000e+00, 0.00000e+00, 0.00000e+00
1.38000e+00, 1.40000e+00, 1.39000e+00, 0.00000e+00, 0.00000e+00
1.40000e+00, 1.42000e+00, 1.41000e+00, 0.00000e+00, 0.00000e+00
1.42000e+00, 1.44000e+00, 1.43000e+00, 0.00000e+00, 0.00000e+00
1.44000e+00, 1.46000e+00, 1.45000e+00, 0.00000e+00, 0.00000e+00
1.46000e+00, 1.48000e+00, 1.47000e+00, 0.00000e+00, 0.00000e+00
1.48000e+00, 1.50000e+00, 1.49000e+00, 0.00000e+00, 0.00000e+00
1.50000e+00, 1.52000e+00, 1.51000e+00, 0.00000e+00, 0.00000e+00
1.52000e+00, 1.54000e+00, 1.53000e+00, 0.00000e+00, 0.00000e+00
1.54000e+00, 1.56000e+00, 1.55000e+00, 0.00000e+00, 0.00000e+00
1.56000e+00, 1.58000e+00, 1.57000e+00, 0.00000e+00, 0.00000e+00
1.58000e+00, 1.60000e+00, 1.59000e+00, 0.00000e+00, 0.00000e+00
1.60000e+00, 1.62000e+00, 1.61000e+00, 0.00000e+00, 0.00000e+00
1.62000e+00, 1.64000e+00, 1.63000e+00, 0.00000e+00, 0.00000e+00
1.64000e+00, 1.66000e+00, 1.65000e+00, 0.00000e+00, 0.00000e+00
1.66000e+00, 1.68000e+00, 1.67000e+00, 0.00000e+00, 0.00000e+00
1.68000e+00, 1.70000e+00, 1.69000e+00, 0.00000e+00, 0.00000e+00
1.70000e+00, 1.72000e+00, 1.71000e+00, 0.00000e+00, 0.00000e+00
1.72000e+00, 1.74000e+00, 1.73000e+00, 0.00000e+00, 0.00000e+00
1.74000e+00, 1.76000e+00, 1.75000e+00, 0.00000e+00, 0.00000e+00
1.76000e+00, 1.78000e+00, 1.77000e+00, 0.00000e+00, 0.00000e+00
1.78000e+00, 1.80000e+00, 1.79000e+00, 0.00000e+00, 0.00000e+00
1.80000e+00, 1.82000e+00, 1.81000e+00, 0.00000e+00, 0.00000e+00
1.82000e+00, 1.84000e+00, 1.83000e+00, 0.00000e+00, 0.00000e+00
1.84000e+00, 1.86000e+00, 1.85000e+00, 0.00000e+00, 0.00000e+00
1.86000e+00, 1.88000e+00, 1.87000e+00, 0.00000e+00, 0.00000e+00
1.88000e+00, 1.90000e+00, 1.89000e+00, 0.00000e+00, 0.00000e+00
1.90000e+00, 1.92000e+00, 1.91000e+00, 0.00000e+00, 0.00000e+00
1.92000e+00, 1.94000e+00, 1.93000e+00, 0.00000e+00, 0.00000e+00
1.94000e+00, 1.96000e+00, 1.95000e+00, 0.00000e+00, 0.00000e+00
1.96000e+00, 1.98000e+00, 1.97000e+00, 0.00000e+00, 0.00000e+00
1.98000e+00, 2.00000e+00, 1.99000e+00, 0.00000e+00, 0.00000e+00
