# time = 9.800000000000000e-01# start, end, pivot, particles, density
0.00000e+00, 7.25710e-04, 3.62855e-04, 7.25447e-04, 9.99637e-01
7.25710e-04, 1.52399e-03, 1.12485e-03, 2.58621e-03, 3.23973e+00
1.52399e-03, 2.40210e-03, 1.96305e-03, 2.83978e-03, 3.23398e+00
2.40210e-03, 3.36802e-03, 2.88506e-03, 3.11785e-03, 3.22786e+00
3.36802e-03, 4.43053e-03, 3.89928e-03, 3.42286e-03, 3.22148e+00
4.43053e-03, 5.59929e-03, 5.01491e-03, 3.75691e-03, 3.21443e+00
5.59929e-03, 6.88493e-03, 6.24211e-03, 4.12181e-03, 3.20604e+00
6.88493e-03, 8.29914e-03, 7.59203e-03, 4.52155e-03, 3.19724e+00
8.29914e-03, 9.85476e-03, 9.07695e-03, 4.95982e-03, 3.18831e+00
9.85476e-03, 1.15659e-02, 1.07104e-02, 5.43619e-03, 3.17686e+00
1.15659e-02, 1.34482e-02, 1.25071e-02, 5.95974e-03, 3.16620e+00
1.34482e-02, 1.55188e-02, 1.44835e-02, 6.52848e-03, 3.15304e+00
1.55188e-02, 1.77964e-02, 1.66576e-02, 7.15145e-03, 3.13992e+00
1.77964e-02, 2.03017e-02, 1.90490e-02, 7.82549e-03, 3.12351e+00
2.03017e-02, 2.30576e-02, 2.16797e-02, 8.56646e-03, 3.10843e+00
2.30576e-02, 2.60891e-02, 2.45733e-02, 9.36526e-03, 3.08935e+00
2.60891e-02, 2.94237e-02, 2.77564e-02, 1.02362e-02, 3.06967e+00
2.94237e-02, 3.30918e-02, 3.12577e-02, 1.11816e-02, 3.04836e+00
3.30918e-02, 3.71267e-02, 3.51092e-02, 1.22044e-02, 3.02472e+00
3.71267e-02, 4.15650e-02, 3.93458e-02, 1.33069e-02, 2.99815e+00
4.15650e-02, 4.64472e-02, 4.40061e-02, 1.45052e-02, 2.97102e+00
4.64472e-02, 5.18177e-02, 4.91325e-02, 1.57905e-02, 2.94027e+00
5.18177e-02, 5.77252e-02, 5.47714e-02, 1.71689e-02, 2.90630e+00
5.77252e-02, 6.42234e-02, 6.09743e-02, 1.86552e-02, 2.87082e+00
6.42234e-02, 7.13714e-02, 6.77974e-02, 2.02340e-02, 2.83071e+00
7.13714e-02, 7.92343e-02, 7.53029e-02, 2.19292e-02, 2.78896e+00
7.92343e-02, 8.78834e-02, 8.35588e-02, 2.37173e-02, 2.74215e+00
8.78834e-02, 9.73975e-02, 9.26404e-02, 2.56200e-02, 2.69285e+00
9.73975e-02, 1.07863e-01, 1.02630e-01, 2.76197e-02, 2.63913e+00
1.07863e-01, 1.19375e-01, 1.13619e-01, 2.97070e-02, 2.58052e+00
1.19375e-01, 1.32038e-01, 1.25707e-01, 3.18875e-02, 2.51812e+00
1.32038e-01, 1.45968e-01, 1.39003e-01, 3.41433e-02, 2.45115e+00
1.45968e-01, 1.61290e-01, 1.53629e-01, 3.64764e-02, 2.38058e+00
1.61290e-01, 1.78145e-01, 1.69717e-01, 3.88365e-02, 2.30419e+00
1.78145e-01, 1.96685e-01, 1.87415e-01, 4.12102e-02, 2.22275e+00
1.96685e-01, 2.17079e-01, 2.06882e-01, 4.35894e-02, 2.13734e+00
2.17079e-01, 2.39513e-01, 2.28296e-01, 4.59207e-02, 2.04696e+00
2.39513e-01, 2.64190e-01, 2.51851e-01, 4.81536e-02, 1.95136e+00
2.64190e-01, 2.91335e-01, 2.77762e-01, 5.02688e-02, 1.85188e+00
2.91335e-01, 3.21194e-01, 3.06264e-01, 5.21951e-02, 1.74804e+00
3.21194e-01, 3.54039e-01, 3.37616e-01, 5.38863e-02, 1.64062e+00
3.54039e-01, 3.90168e-01, 3.72104e-01, 5.52771e-02, 1.52997e+00
3.90168e-01, 4.29911e-01, 4.10040e-01, 5.63109e-02, 1.41689e+00
4.29911e-01, 4.73628e-01, 4.51769e-01, 5.69269e-02, 1.30218e+00
4.73628e-01, 5.21716e-01, 4.97672e-01, 5.70689e-02, 1.18675e+00
5.21716e-01, 5.74614e-01, 5.48165e-01, 5.66716e-02, 1.07135e+00
5.74614e-01, 6.32801e-01, 6.03707e-01, 5.57095e-02, 9.57421e-01
6.32801e-01, 6.96806e-01, 6.64804e-01, 5.41537e-02, 8.46075e-01
6.96806e-01, 7.67213e-01, 7.32010e-01, 5.19900e-02, 7.38427e-01
7.67213e-01, 8.44660e-01, 8.05936e-01, 4.92392e-02, 6.35779e-01
8.44660e-01, 9.29852e-01, 8.87256e-01, 4.59418e-02, 5.39276e-01
9.29852e-01, 1.02356e+00, 9.76707e-01, 4.21658e-02, 4.49956e-01
1.02356e+00, 1.12664e+00, 1.07510e+00, 3.80101e-02, 3.68737e-01
1.12664e+00, 1.24003e+00, 1.18334e+00, 3.35856e-02, 2.96195e-01
1.24003e+00, 1.36476e+00, 1.30240e+00, 2.90318e-02, 2.32759e-01
1.36476e+00, 1.50197e+00, 1.43336e+00, 2.45024e-02, 1.78586e-01
1.50197e+00, 1.65289e+00, 1.57743e+00, 2.01412e-02, 1.33454e-01
1.65289e+00, 1.81890e+00, 1.73590e+00, 1.60834e-02, 9.68792e-02
1.81890e+00, 2.00152e+00, 1.91021e+00, 1.24409e-02, 6.81259e-02
2.00152e+00, 2.20240e+00, 2.10196e+00, 9.29307e-03, 4.62623e-02
2.20240e+00, 2.42336e+00, 2.31288e+00, 6.68074e-03, 3.02343e-02
2.42336e+00, 2.66642e+00, 2.54489e+00, 4.60506e-03, 1.89460e-02
2.66642e+00, 2.93379e+00, 2.80011e+00, 3.03131e-03, 1.13376e-02
2.93379e+00, 3.22790e+00, 3.08084e+00, 1.89709e-03, 6.45039e-03
3.22790e+00, 3.55141e+00, 3.38965e+00, 1.12335e-03, 3.47233e-03
3.55141e+00, 3.90728e+00, 3.72934e+00, 6.26081e-04, 1.75931e-03
3.90728e+00, 4.29873e+00, 4.10301e+00, 3.26552e-04, 8.34205e-04
4.29873e+00, 4.72933e+00, 4.51403e+00, 1.58408e-04, 3.67878e-04
4.72933e+00, 5.20299e+00, 4.96616e+00, 7.09828e-05, 1.49861e-04
5.20299e+00, 5.72401e+00, 5.46350e+00, 2.91711e-05, 5.59880e-05
5.72401e+00, 6.29714e+00, 6.01058e+00, 1.09072e-05, 1.90310e-05
6.29714e+00, 6.92758e+00, 6.61236e+00, 3.67888e-06, 5.83541e-06
6.92758e+00, 7.62106e+00, 7.27432e+00, 1.10901e-06, 1.59918e-06
7.62106e+00, 8.38390e+00, 8.00248e+00, 2.95825e-07, 3.87799e-07
8.38390e+00, 9.22301e+00, 8.80345e+00, 6.90799e-08, 8.23247e-08
9.22301e+00, 1.01460e+01, 9.68453e+00, 1.39597e-08, 1.51238e-08
1.01460e+01, 1.11614e+01, 1.06537e+01, 2.41125e-09, 2.37485e-09
1.11614e+01, 1.22782e+01, 1.17198e+01, 3.51337e-10, 3.14575e-10
1.22782e+01, 1.35068e+01, 1.28925e+01, 4.25818e-11, 3.46603e-11
1.35068e+01, 1.48582e+01, 1.41825e+01, 4.22948e-12, 3.12969e-12
1.48582e+01, 1.63447e+01, 1.56015e+01, 3.38932e-13, 2.28000e-13
1.63447e+01, 1.79799e+01, 1.71623e+01, 2.15576e-14, 1.31835e-14
1.79799e+01, 1.97786e+01, 1.88793e+01, 1.07009e-15, 5.94916e-16
1.97786e+01, 2.17572e+01, 2.07679e+01, 4.07499e-17, 2.05954e-17
2.17572e+01, 2.39337e+01, 2.28455e+01, 1.17048e-18, 5.37796e-19
2.39337e+01, 2.63278e+01, 2.51307e+01, 2.49550e-20, 1.04236e-20
2.63278e+01, 2.89613e+01, 2.76445e+01, 3.89360e-22, 1.47849e-22
2.89613e+01, 3.18581e+01, 3.04097e+01, 4.39785e-24, 1.51815e-24
3.18581e+01, 3.50447e+01, 3.34514e+01, 3.57574e-26, 1.12214e-26
3.50447e+01, 3.85499e+01, 3.67973e+01, 2.09586e-28, 5.97929e-29
3.85499e+01, 4.24056e+01, 4.04777e+01, 8.94415e-31, 2.31971e-31
4.24056e+01, 4.66469e+01, 4.45262e+01, 2.82955e-33, 6.67144e-34
4.66469e+01, 5.13123e+01, 4.89796e+01, 6.79133e-36, 1.45568e-36
5.13123e+01, 5.64442e+01, 5.38783e+01, 1.38164e-38, 2.69224e-39
5.64442e+01, 6.20894e+01, 5.92668e+01, 2.48264e-41, 4.39782e-42
6.20894e+01, 6.82990e+01, 6.51942e+01, 4.11522e-44, 6.62712e-45
6.82990e+01, 7.51297e+01, 7.17144e+01, 1.01039e-44, 1.47921e-45
7.51297e+01, 8.26434e+01, 7.88865e+01, 8.45965e-45, 1.12590e-45
8.26434e+01, 9.09084e+01, 8.67759e+01, 7.10292e-45, 8.59391e-46
9.09084e+01, 1.00000e+02, 9.54542e+01, 3.71966e-44, 4.09133e-45
