# time = 6.000000000000000e+00# start, end, pivot, particles, density
0.00000e+00, 7.25710e-05, 3.62855e-05, 8.43379e-04, 1.16214e+01
7.25710e-05, 1.52399e-04, 1.12485e-04, 9.27716e-04, 1.16214e+01
1.52399e-04, 2.40210e-04, 1.96305e-04, 1.02049e-03, 1.16214e+01
2.40210e-04, 3.36802e-04, 2.88506e-04, 1.12254e-03, 1.16214e+01
3.36802e-04, 4.43053e-04, 3.89928e-04, 1.23479e-03, 1.16214e+01
4.43053e-04, 5.59929e-04, 5.01491e-04, 1.35827e-03, 1.16214e+01
5.59929e-04, 6.88493e-04, 6.24211e-04, 1.49409e-03, 1.16214e+01
6.88493e-04, 8.29914e-04, 7.59203e-04, 1.64350e-03, 1.16214e+01
8.29914e-04, 9.85476e-04, 9.07695e-04, 1.80785e-03, 1.16214e+01
9.85476e-04, 1.15659e-03, 1.07104e-03, 1.98863e-03, 1.16214e+01
1.15659e-03, 1.34482e-03, 1.25071e-03, 2.18749e-03, 1.16213e+01
1.34482e-03, 1.55188e-03, 1.44835e-03, 2.40623e-03, 1.16213e+01
1.55188e-03, 1.77964e-03, 1.66576e-03, 2.64685e-03, 1.16213e+01
1.77964e-03, 2.03017e-03, 1.90490e-03, 2.91152e-03, 1.16212e+01
2.03017e-03, 2.30576e-03, 2.16797e-03, 3.20265e-03, 1.16212e+01
2.30576e-03, 2.60891e-03, 2.45733e-03, 3.52290e-03, 1.16211e+01
2.60891e-03, 2.94237e-03, 2.77564e-03, 3.87515e-03, 1.16210e+01
2.94237e-03, 3.30918e-03, 3.12577e-03, 4.26262e-03, 1.16209e+01
3.30918e-03, 3.71267e-03, 3.51092e-03, 4.68883e-03, 1.16207e+01
3.71267e-03, 4.15650e-03, 3.93458e-03, 5.15763e-03, 1.16205e+01
4.15650e-03, 4.64472e-03, 4.40061e-03, 5.67328e-03, 1.16203e+01
4.64472e-03, 5.18177e-03, 4.91325e-03, 6.24046e-03, 1.16200e+01
5.18177e-03, 5.77252e-03, 5.47714e-03, 6.86431e-03, 1.16197e+01
5.77252e-03, 6.42234e-03, 6.09743e-03, 7.55047e-03, 1.16193e+01
6.42234e-03, 7.13714e-03, 6.77974e-03, 8.30515e-03, 1.16188e+01
7.13714e-03, 7.92343e-03, 7.53029e-03, 9.13518e-03, 1.16181e+01
7.92343e-03, 8.78834e-03, 8.35588e-03, 1.00480e-02, 1.16174e+01
8.78834e-03, 9.73975e-03, 9.26404e-03, 1.10520e-02, 1.16165e+01
9.73975e-03, 1.07863e-02, 1.02630e-02, 1.21560e-02, 1.16153e+01
1.07863e-02, 1.19375e-02, 1.13619e-02, 1.33700e-02, 1.16140e+01
1.19375e-02, 1.32038e-02, 1.25707e-02, 1.47049e-02, 1.16123e+01
1.32038e-02, 1.45968e-02, 1.39003e-02, 1.61725e-02, 1.16102e+01
1.45968e-02, 1.61290e-02, 1.53629e-02, 1.77860e-02, 1.16078e+01
1.61290e-02, 1.78145e-02, 1.69717e-02, 1.95595e-02, 1.16048e+01
1.78145e-02, 1.96685e-02, 1.87415e-02, 2.15087e-02, 1.16011e+01
1.96685e-02, 2.17079e-02, 2.06882e-02, 2.36505e-02, 1.15967e+01
2.17079e-02, 2.39513e-02, 2.28296e-02, 2.60034e-02, 1.15913e+01
2.39513e-02, 2.64190e-02, 2.51851e-02, 2.85876e-02, 1.15847e+01
2.64190e-02, 2.91335e-02, 2.77762e-02, 3.14249e-02, 1.15768e+01
2.91335e-02, 3.21194e-02, 3.06264e-02, 3.45387e-02, 1.15672e+01
3.21194e-02, 3.54039e-02, 3.37616e-02, 3.79543e-02, 1.15556e+01
3.54039e-02, 3.90168e-02, 3.72104e-02, 4.16988e-02, 1.15414e+01
3.90168e-02, 4.29911e-02, 4.10040e-02, 4.58007e-02, 1.15244e+01
4.29911e-02, 4.73628e-02, 4.51769e-02, 5.02904e-02, 1.15037e+01
4.73628e-02, 5.21716e-02, 4.97672e-02, 5.51991e-02, 1.14787e+01
5.21716e-02, 5.74614e-02, 5.48165e-02, 6.05590e-02, 1.14484e+01
5.74614e-02, 6.32801e-02, 6.03707e-02, 6.64020e-02, 1.14118e+01
6.32801e-02, 6.96806e-02, 6.64804e-02, 7.27594e-02, 1.13676e+01
6.96806e-02, 7.67213e-02, 7.32010e-02, 7.96599e-02, 1.13143e+01
7.67213e-02, 8.44660e-02, 8.05936e-02, 8.71277e-02, 1.12500e+01
8.44660e-02, 9.29852e-02, 8.87256e-02, 9.51801e-02, 1.11725e+01
9.29852e-02, 1.02356e-01, 9.76707e-02, 1.03824e-01, 1.10792e+01
1.02356e-01, 1.12664e-01, 1.07510e-01, 1.13050e-01, 1.09670e+01
1.12664e-01, 1.24003e-01, 1.18334e-01, 1.22830e-01, 1.08325e+01
1.24003e-01, 1.36476e-01, 1.30240e-01, 1.33103e-01, 1.06713e+01
1.36476e-01, 1.50197e-01, 1.43336e-01, 1.43771e-01, 1.04788e+01
1.50197e-01, 1.65289e-01, 1.57743e-01, 1.54687e-01, 1.02495e+01
1.65289e-01, 1.81890e-01, 1.73590e-01, 1.65636e-01, 9.97720e+00
1.81890e-01, 2.00152e-01, 1.91021e-01, 1.76323e-01, 9.65538e+00
2.00152e-01, 2.20240e-01, 2.10196e-01, 1.86353e-01, 9.27696e+00
2.20240e-01, 2.42336e-01, 2.31288e-01, 1.95219e-01, 8.83485e+00
2.42336e-01, 2.66642e-01, 2.54489e-01, 2.02285e-01, 8.32237e+00
2.66642e-01, 2.93379e-01, 2.80011e-01, 2.06785e-01, 7.73410e+00
2.93379e-01, 3.22790e-01, 3.08084e-01, 2.07843e-01, 7.06696e+00
3.22790e-01, 3.55141e-01, 3.38965e-01, 2.04519e-01, 6.32176e+00
3.55141e-01, 3.90728e-01, 3.72934e-01, 1.95909e-01, 5.50512e+00
3.90728e-01, 4.29873e-01, 4.10301e-01, 1.81308e-01, 4.63165e+00
4.29873e-01, 4.72933e-01, 4.51403e-01, 1.60450e-01, 3.72621e+00
4.72933e-01, 5.20299e-01, 4.96616e-01, 1.33824e-01, 2.82532e+00
5.20299e-01, 5.72401e-01, 5.46350e-01, 1.02994e-01, 1.97675e+00
5.72401e-01, 6.29714e-01, 6.01058e-01, 7.08103e-02, 1.23551e+00
6.29714e-01, 6.92758e-01, 6.61236e-01, 4.12403e-02, 6.54151e-01
6.92758e-01, 7.62106e-01, 7.27432e-01, 1.84940e-02, 2.66683e-01
7.62106e-01, 8.38390e-01, 8.00248e-01, 5.25170e-03, 6.88448e-02
8.38390e-01, 9.22301e-01, 8.80345e-01, 5.80151e-04, 6.91384e-03
9.22301e-01, 1.01460e+00, 9.68453e-01, 4.41425e-06, 4.78236e-05
1.01460e+00, 1.11614e+00, 1.06537e+00, 0.00000e+00, 0.00000e+00
1.11614e+00, 1.22782e+00, 1.17198e+00, 0.00000e+00, 0.00000e+00
1.22782e+00, 1.35068e+00, 1.28925e+00, 0.00000e+00, 0.00000e+00
1.35068e+00, 1.48582e+00, 1.41825e+00, 0.00000e+00, 0.00000e+00
1.48582e+00, 1.63447e+00, 1.56015e+00, 0.00000e+00, 0.00000e+00
1.63447e+00, 1.79799e+00, 1.71623e+00, 0.00000e+00, 0.00000e+00
1.79799e+00, 1.97786e+00, 1.88793e+00, 0.00000e+00, 0.00000e+00
1.97786e+00, 2.17572e+00, 2.07679e+00, 0.00000e+00, 0.00000e+00
2.17572e+00, 2.39337e+00, 2.28455e+00, 0.00000e+00, 0.00000e+00
2.39337e+00, 2.63278e+00, 2.51307e+00, 0.00000e+00, 0.00000e+00
2.63278e+00, 2.89613e+00, 2.76445e+00, 0.00000e+00, 0.00000e+00
2.89613e+00, 3.18581e+00, 3.04097e+00, 0.00000e+00, 0.00000e+00
3.18581e+00, 3.50447e+00, 3.34514e+00, 0.00000e+00, 0.00000e+00
3.50447e+00, 3.85499e+00, 3.67973e+00, 0.00000e+00, 0.00000e+00
3.85499e+00, 4.24056e+00, 4.04777e+00, 0.00000e+00, 0.00000e+00
4.24056e+00, 4.66469e+00, 4.45262e+00, 0.00000e+00, 0.00000e+00
4.66469e+00, 5.13123e+00, 4.89796e+00, 0.00000e+00, 0.00000e+00
5.13123e+00, 5.64442e+00, 5.38783e+00, 0.00000e+00, 0.00000e+00
5.64442e+00, 6.20894e+00, 5.92668e+00, 0.00000e+00, 0.00000e+00
6.20894e+00, 6.82990e+00, 6.51942e+00, 0.00000e+00, 0.00000e+00
6.82990e+00, 7.51297e+00, 7.17144e+00, 0.00000e+00, 0.00000e+00
7.51297e+00, 8.26434e+00, 7.88865e+00, 0.00000e+00, 0.00000e+00
8.26434e+00, 9.09084e+00, 8.67759e+00, 0.00000e+00, 0.00000e+00
9.09084e+00, 1.00000e+01, 9.54542e+00, 0.00000e+00, 0.00000e+00
