# time = 8.200000000000001e-01# start, end, pivot, particles, density
0.00000e+00, 2.00000e-02, 1.00000e-02, 0.00000e+00, 0.00000e+00
2.00000e-02, 4.00000e-02, 3.00000e-02, 0.00000e+00, 0.00000e+00
4.00000e-02, 6.00000e-02, 5.00000e-02, 0.00000e+00, 0.00000e+00
6.00000e-02, 8.00000e-02, 7.00000e-02, 0.00000e+00, 0.00000e+00
8.00000e-02, 1.00000e-01, 9.00000e-02, 0.00000e+00, 0.00000e+00
1.00000e-01, 1.20000e-01, 1.10000e-01, 0.00000e+00, 0.00000e+00
1.20000e-01, 1.40000e-01, 1.30000e-01, 0.00000e+00, 0.00000e+00
1.40000e-01, 1.60000e-01, 1.50000e-01, 0.00000e+00, 0.00000e+00
1.60000e-01, 1.80000e-01, 1.70000e-01, 0.00000e+00, 0.00000e+00
1.80000e-01, 2.00000e-01, 1.90000e-01, 0.00000e+00, 0.00000e+00
2.00000e-01, 2.20000e-01, 2.10000e-01, 0.00000e+00, 0.00000e+00
2.20000e-01, 2.40000e-01, 2.30000e-01, 0.00000e+00, 0.00000e+00
2.40000e-01, 2.60000e-01, 2.50000e-01, 0.00000e+00, 0.00000e+00
2.60000e-01, 2.80000e-01, 2.70000e-01, 0.00000e+00, 0.00000e+00
2.80000e-01, 3.00000e-01, 2.90000e-01, 0.00000e+00, 0.00000e+00
3.00000e-01, 3.20000e-01, 3.10000e-01, 0.00000e+00, 0.00000e+00
3.20000e-01, 3.40000e-01, 3.30000e-01, 0.00000e+00, 0.00000e+00
3.40000e-01, 3.60000e-01, 3.50000e-01, 0.00000e+00, 0.00000e+00
3.60000e-01, 3.80000e-01, 3.70000e-01, 0.00000e+00, 0.00000e+00
3.80000e-01, 4.00000e-01, 3.90000e-01, 0.00000e+00, 0.00000e+00
4.00000e-01, 4.20000e-01, 4.10000e-01, 0.00000e+00, 0.00000e+00
4.20000e-01, 4.40000e-01, 4.30000e-01, 0.00000e+00, 0.00000e+00
4.40000e-01, 4.60000e-01, 4.50000e-01, 0.00000e+00, 0.00000e+00
4.60000e-01, 4.80000e-01, 4.70000e-01, 0.00000e+00, 0.00000e+00
4.80000e-01, 5.00000e-01, 4.90000e-01, 4.85806e-01, 2.42903e+01
5.00000e-01, 5.20000e-01, 5.10000e-01, 3.83996e-01, 1.91998e+01
5.20000e-01, 5.40000e-01, 5.30000e-01, 0.00000e+00, 0.00000e+00
5.40000e-01, 5.60000e-01, 5.50000e-01, 4.59249e-03, 2.29624e-01
5.60000e-01, 5.80000e-01, 5.70000e-01, 1.94529e+00, 9.72645e+01
5.80000e-01, 6.00000e-01, 5.90000e-01, 1.37272e+00, 6.86358e+01
6.00000e-01, 6.20000e-01, 6.10000e-01, 0.00000e+00, 0.00000e+00
6.20000e-01, 6.40000e-01, 6.30000e-01, 1.21334e-01, 6.06669e+00
6.40000e-01, 6.60000e-01, 6.50000e-01, 3.47232e+00, 1.73616e+02
6.60000e-01, 6.80000e-01, 6.70000e-01, 2.45593e+00, 1.22797e+02
6.80000e-01, 7.00000e-01, 6.90000e-01, 0.00000e+00, 0.00000e+00
7.00000e-01, 7.20000e-01, 7.10000e-01, 0.00000e+00, 0.00000e+00
7.20000e-01, 7.40000e-01, 7.30000e-01, 4.09251e+00, 2.04625e+02
7.40000e-01, 7.60000e-01, 7.50000e-01, 5.78174e+00, 2.89087e+02
7.60000e-01, 7.80000e-01, 7.70000e-01, 2.08783e+00, 1.04391e+02
7.80000e-01, 8.00000e-01, 7.90000e-01, 0.00000e+00, 0.00000e+00
8.00000e-01, 8.20000e-01, 8.10000e-01, 0.00000e+00, 0.00000e+00
8.20000e-01, 8.40000e-01, 8.30000e-01, 7.26837e+00, 3.63418e+02
8.40000e-01, 8.60000e-01, 8.50000e-01, 8.29382e+00, 4.14691e+02
8.60000e-01, 8.80000e-01, 8.70000e-01, 3.38315e+00, 1.69158e+02
8.80000e-01, 9.00000e-01, 8.90000e-01, 0.00000e+00, 0.00000e+00
9.00000e-01, 9.20000e-01, 9.10000e-01, 0.00000e+00, 0.00000e+00
9.20000e-01, 9.40000e-01, 9.30000e-01, 4.43551e+00, 2.21776e+02
9.40000e-01, 9.60000e-01, 9.50000e-01, 9.77810e+00, 4.88905e+02
9.60000e-01, 9.80000e-01, 9.70000e-01, 7.20586e+00, 3.60293e+02
9.80000e-01, 1.00000e+00, 9.90000e-01, 2.55301e+00, 1.27650e+02
1.00000e+00, 1.02000e+00, 1.01000e+00, 3.54474e-01, 1.77237e+01
1.02000e+00, 1.04000e+00, 1.03000e+00, 0.00000e+00, 0.00000e+00
1.04000e+00, 1.06000e+00, 1.05000e+00, 5.27891e-01, 2.63946e+01
1.06000e+00, 1.08000e+00, 1.07000e+00, 4.31263e+00, 2.15632e+02
1.08000e+00, 1.10000e+00, 1.09000e+00, 5.01915e+00, 2.50958e+02
1.10000e+00, 1.12000e+00, 1.11000e+00, 3.36326e+00, 1.68163e+02
1.12000e+00, 1.14000e+00, 1.13000e+00, 1.63335e+00, 8.16673e+01
1.14000e+00, 1.16000e+00, 1.15000e+00, 6.24392e-01, 3.12196e+01
1.16000e+00, 1.18000e+00, 1.17000e+00, 1.95198e-01, 9.75988e+00
1.18000e+00, 1.20000e+00, 1.19000e+00, 5.08805e-02, 2.54403e+00
1.20000e+00, 1.22000e+00, 1.21000e+00, 1.11638e-02, 5.58192e-01
1.22000e+00, 1.24000e+00, 1.23000e+00, 2.06849e-03, 1.03425e-01
1.24000e+00, 1.26000e+00, 1.25000e+00, 3.23144e-04, 1.61572e-02
1.26000e+00, 1.28000e+00, 1.27000e+00, 4.23131e-05, 2.11565e-03
1.28000e+00, 1.30000e+00, 1.29000e+00, 4.59514e-06, 2.29757e-04
1.30000e+00, 1.32000e+00, 1.31000e+00, 4.07137e-07, 2.03569e-05
1.32000e+00, 1.34000e+00, 1.33000e+00, 2.87135e-08, 1.43568e-06
1.34000e+00, 1.36000e+00, 1.35000e+00, 1.55200e-09, 7.75999e-08
1.36000e+00, 1.38000e+00, 1.37000e+00, 6.04268e-11, 3.02134e-09
1.38000e+00, 1.40000e+00, 1.39000e+00, 1.50976e-12, 7.54879e-11
1.40000e+00, 1.42000e+00, 1.41000e+00, 1.81899e-14, 9.09495e-13
1.42000e+00, 1.44000e+00, 1.43000e+00, 0.00000e+00, 0.00000e+00
1.44000e+00, 1.46000e+00, 1.45000e+00, 0.00000e+00, 0.00000e+00
1.46000e+00, 1.48000e+00, 1.47000e+00, 0.00000e+00, 0.00000e+00
1.48000e+00, 1.50000e+00, 1.49000e+00, 0.00000e+00, 0.00000e+00
1.50000e+00, 1.52000e+00, 1.51000e+00, 0.00000e+00, 0.00000e+00
1.52000e+00, 1.54000e+00, 1.53000e+00, 0.00000e+00, 0.00000e+00
1.54000e+00, 1.56000e+00, 1.55000e+00, 0.00000e+00, 0.00000e+00
1.56000e+00, 1.58000e+00, 1.57000e+00, 0.00000e+00, 0.00000e+00
1.58000e+00, 1.60000e+00, 1.59000e+00, 0.00000e+00, 0.00000e+00
1.60000e+00, 1.62000e+00, 1.61000e+00, 0.00000e+00, 0.00000e+00
1.62000e+00, 1.64000e+00, 1.63000e+00, 0.00000e+00, 0.00000e+00
1.64000e+00, 1.66000e+00, 1.65000e+00, 0.00000e+00, 0.00000e+00
1.66000e+00, 1.68000e+00, 1.67000e+00, 0.00000e+00, 0.00000e+00
1.68000e+00, 1.70000e+00, 1.69000e+00, 0.00000e+00, 0.00000e+00
1.70000e+00, 1.72000e+00, 1.71000e+00, 0.00000e+00, 0.00000e+00
1.72000e+00, 1.74000e+00, 1.73000e+00, 0.00000e+00, 0.00000e+00
1.74000e+00, 1.76000e+00, 1.75000e+00, 0.00000e+00, 0.00000e+00
1.76000e+00, 1.78000e+00, 1.77000e+00, 0.00000e+00, 0.00000e+00
1.78000e+00, 1.80000e+00, 1.79000e+00, 0.00000e+00, 0.00000e+00
1.80000e+00, 1.82000e+00, 1.81000e+00, 0.00000e+00, 0.00000e+00
1.82000e+00, 1.84000e+00, 1.83000e+00, 0.00000e+00, 0.00000e+00
1.84000e+00, 1.86000e+00, 1.85000e+00, 0.00000e+00, 0.00000e+00
1.86000e+00, 1.88000e+00, 1.87000e+00, 0.00000e+00, 0.00000e+00
1.88000e+00, 1.90000e+00, 1.89000e+00, 0.00000e+00, 0.00000e+00
1.90000e+00, 1.92000e+00, 1.91000e+00, 0.00000e+00, 0.00000e+00
1.92000e+00, 1.94000e+00, 1.93000e+00, 0.00000e+00, 0.00000e+00
1.94000e+00, 1.96000e+00, 1.95000e+00, 0.00000e+00, 0.00000e+00
1.96000e+00, 1.98000e+00, 1.97000e+00, 0.00000e+00, 0.00000e+00
1.98000e+00, 2.00000e+00, 1.99000e+00, 0.00000e+00, 0.00000e+00
