# time = 8.000000000000000e-01# start, end, pivot, particles, density
0.00000e+00, 2.00000e-02, 1.00000e-02, 0.00000e+00, 0.00000e+00
2.00000e-02, 4.00000e-02, 3.00000e-02, 0.00000e+00, 0.00000e+00
4.00000e-02, 6.00000e-02, 5.00000e-02, 0.00000e+00, 0.00000e+00
6.00000e-02, 8.00000e-02, 7.00000e-02, 0.00000e+00, 0.00000e+00
8.00000e-02, 1.00000e-01, 9.00000e-02, 0.00000e+00, 0.00000e+00
1.00000e-01, 1.20000e-01, 1.10000e-01, 0.00000e+00, 0.00000e+00
1.20000e-01, 1.40000e-01, 1.30000e-01, 0.00000e+00, 0.00000e+00
1.40000e-01, 1.60000e-01, 1.50000e-01, 0.00000e+00, 0.00000e+00
1.60000e-01, 1.80000e-01, 1.70000e-01, 0.00000e+00, 0.00000e+00
1.80000e-01, 2.00000e-01, 1.90000e-01, 0.00000e+00, 0.00000e+00
2.00000e-01, 2.20000e-01, 2.10000e-01, 0.00000e+00, 0.00000e+00
2.20000e-01, 2.40000e-01, 2.30000e-01, 0.00000e+00, 0.00000e+00
2.40000e-01, 2.60000e-01, 2.50000e-01, 0.00000e+00, 0.00000e+00
2.60000e-01, 2.80000e-01, 2.70000e-01, 0.00000e+00, 0.00000e+00
2.80000e-01, 3.00000e-01, 2.90000e-01, 0.00000e+00, 0.00000e+00
3.00000e-01, 3.20000e-01, 3.10000e-01, 0.00000e+00, 0.00000e+00
3.20000e-01, 3.40000e-01, 3.30000e-01, 0.00000e+00, 0.00000e+00
3.40000e-01, 3.60000e-01, 3.50000e-01, 0.00000e+00, 0.00000e+00
3.60000e-01, 3.80000e-01, 3.70000e-01, 0.00000e+00, 0.00000e+00
3.80000e-01, 4.00000e-01, 3.90000e-01, 0.00000e+00, 0.00000e+00
4.00000e-01, 4.20000e-01, 4.10000e-01, 0.00000e+00, 0.00000e+00
4.20000e-01, 4.40000e-01, 4.30000e-01, 0.00000e+00, 0.00000e+00
4.40000e-01, 4.60000e-01, 4.50000e-01, 0.00000e+00, 0.00000e+00
4.60000e-01, 4.80000e-01, 4.70000e-01, 1.85755e-01, 9.28776e+00
4.80000e-01, 5.00000e-01, 4.90000e-01, 4.67941e-01, 2.33971e+01
5.00000e-01, 5.20000e-01, 5.10000e-01, 1.50025e-01, 7.50127e+00
5.20000e-01, 5.40000e-01, 5.30000e-01, 0.00000e+00, 0.00000e+00
5.40000e-01, 5.60000e-01, 5.50000e-01, 8.81043e-01, 4.40522e+01
5.60000e-01, 5.80000e-01, 5.70000e-01, 1.75290e+00, 8.76451e+01
5.80000e-01, 6.00000e-01, 5.90000e-01, 4.96265e-01, 2.48133e+01
6.00000e-01, 6.20000e-01, 6.10000e-01, 0.00000e+00, 0.00000e+00
6.20000e-01, 6.40000e-01, 6.30000e-01, 1.66787e+00, 8.33937e+01
6.40000e-01, 6.60000e-01, 6.50000e-01, 3.09308e+00, 1.54654e+02
6.60000e-01, 6.80000e-01, 6.70000e-01, 9.09394e-01, 4.54697e+01
6.80000e-01, 7.00000e-01, 6.90000e-01, 0.00000e+00, 0.00000e+00
7.00000e-01, 7.20000e-01, 7.10000e-01, 9.64577e-01, 4.82288e+01
7.20000e-01, 7.40000e-01, 7.30000e-01, 5.28373e+00, 2.64187e+02
7.40000e-01, 7.60000e-01, 7.50000e-01, 3.34703e+00, 1.67351e+02
7.60000e-01, 7.80000e-01, 7.70000e-01, 4.14311e-01, 2.07156e+01
7.80000e-01, 8.00000e-01, 7.90000e-01, 0.00000e+00, 0.00000e+00
8.00000e-01, 8.20000e-01, 8.10000e-01, 3.53814e+00, 1.76907e+02
8.20000e-01, 8.40000e-01, 8.30000e-01, 7.91121e+00, 3.95561e+02
8.40000e-01, 8.60000e-01, 8.50000e-01, 4.82383e+00, 2.41192e+02
8.60000e-01, 8.80000e-01, 8.70000e-01, 9.71236e-01, 4.85618e+01
8.80000e-01, 9.00000e-01, 8.90000e-01, 0.00000e+00, 0.00000e+00
9.00000e-01, 9.20000e-01, 9.10000e-01, 1.10461e+00, 5.52306e+01
9.20000e-01, 9.40000e-01, 9.30000e-01, 7.75543e+00, 3.87771e+02
9.40000e-01, 9.60000e-01, 9.50000e-01, 7.74444e+00, 3.87222e+02
9.60000e-01, 9.80000e-01, 9.70000e-01, 3.68812e+00, 1.84406e+02
9.80000e-01, 1.00000e+00, 9.90000e-01, 7.08947e-01, 3.54474e+01
1.00000e+00, 1.02000e+00, 1.01000e+00, 0.00000e+00, 0.00000e+00
1.02000e+00, 1.04000e+00, 1.03000e+00, 0.00000e+00, 0.00000e+00
1.04000e+00, 1.06000e+00, 1.05000e+00, 2.87564e+00, 1.43782e+02
1.06000e+00, 1.08000e+00, 1.07000e+00, 4.69551e+00, 2.34775e+02
1.08000e+00, 1.10000e+00, 1.09000e+00, 3.64139e+00, 1.82070e+02
1.10000e+00, 1.12000e+00, 1.11000e+00, 1.93998e+00, 9.69990e+01
1.12000e+00, 1.14000e+00, 1.13000e+00, 7.94834e-01, 3.97417e+01
1.14000e+00, 1.16000e+00, 1.15000e+00, 2.62957e-01, 1.31478e+01
1.16000e+00, 1.18000e+00, 1.17000e+00, 7.19630e-02, 3.59815e+00
1.18000e+00, 1.20000e+00, 1.19000e+00, 1.64877e-02, 8.24384e-01
1.20000e+00, 1.22000e+00, 1.21000e+00, 3.17733e-03, 1.58867e-01
1.22000e+00, 1.24000e+00, 1.23000e+00, 5.14682e-04, 2.57341e-02
1.24000e+00, 1.26000e+00, 1.25000e+00, 6.97099e-05, 3.48550e-03
1.26000e+00, 1.28000e+00, 1.27000e+00, 7.81492e-06, 3.90746e-04
1.28000e+00, 1.30000e+00, 1.29000e+00, 7.13575e-07, 3.56788e-05
1.30000e+00, 1.32000e+00, 1.31000e+00, 5.17881e-08, 2.58941e-06
1.32000e+00, 1.34000e+00, 1.33000e+00, 2.87695e-09, 1.43848e-07
1.34000e+00, 1.36000e+00, 1.35000e+00, 1.14997e-10, 5.74983e-09
1.36000e+00, 1.38000e+00, 1.37000e+00, 2.94676e-12, 1.47338e-10
1.38000e+00, 1.40000e+00, 1.39000e+00, 3.63798e-14, 1.81899e-12
1.40000e+00, 1.42000e+00, 1.41000e+00, 0.00000e+00, 0.00000e+00
1.42000e+00, 1.44000e+00, 1.43000e+00, 0.00000e+00, 0.00000e+00
1.44000e+00, 1.46000e+00, 1.45000e+00, 0.00000e+00, 0.00000e+00
1.46000e+00, 1.48000e+00, 1.47000e+00, 0.00000e+00, 0.00000e+00
1.48000e+00, 1.50000e+00, 1.49000e+00, 0.00000e+00, 0.00000e+00
1.50000e+00, 1.52000e+00, 1.51000e+00, 0.00000e+00, 0.00000e+00
1.52000e+00, 1.54000e+00, 1.53000e+00, 0.00000e+00, 0.00000e+00
1.54000e+00, 1.56000e+00, 1.55000e+00, 0.00000e+00, 0.00000e+00
1.56000e+00, 1.58000e+00, 1.57000e+00, 0.00000e+00, 0.00000e+00
1.58000e+00, 1.60000e+00, 1.59000e+00, 0.00000e+00, 0.00000e+00
1.60000e+00, 1.62000e+00, 1.61000e+00, 0.00000e+00, 0.00000e+00
1.62000e+00, 1.64000e+00, 1.63000e+00, 0.00000e+00, 0.00000e+00
1.64000e+00, 1.66000e+00, 1.65000e+00, 0.00000e+00, 0.00000e+00
1.66000e+00, 1.68000e+00, 1.67000e+00, 0.00000e+00, 0.00000e+00
1.68000e+00, 1.70000e+00, 1.69000e+00, 0.00000e+00, 0.00000e+00
1.70000e+00, 1.72000e+00, 1.71000e+00, 0.00000e+00, 0.00000e+00
1.72000e+00, 1.74000e+00, 1.73000e+00, 0.00000e+00, 0.00000e+00
1.74000e+00, 1.76000e+00, 1.75000e+00, 0.00000e+00, 0.00000e+00
1.76000e+00, 1.78000e+00, 1.77000e+00, 0.00000e+00, 0.00000e+00
1.78000e+00, 1.80000e+00, 1.79000e+00, 0.00000e+00, 0.00000e+00
1.80000e+00, 1.82000e+00, 1.81000e+00, 0.00000e+00, 0.00000e+00
1.82000e+00, 1.84000e+00, 1.83000e+00, 0.00000e+00, 0.00000e+00
1.84000e+00, 1.86000e+00, 1.85000e+00, 0.00000e+00, 0.00000e+00
1.86000e+00, 1.88000e+00, 1.87000e+00, 0.00000e+00, 0.00000e+00
1.88000e+00, 1.90000e+00, 1.89000e+00, 0.00000e+00, 0.00000e+00
1.90000e+00, 1.92000e+00, 1.91000e+00, 0.00000e+00, 0.00000e+00
1.92000e+00, 1.94000e+00, 1.93000e+00, 0.00000e+00, 0.00000e+00
1.94000e+00, 1.96000e+00, 1.95000e+00, 0.00000e+00, 0.00000e+00
1.96000e+00, 1.98000e+00, 1.97000e+00, 0.00000e+00, 0.00000e+00
1.98000e+00, 2.00000e+00, 1.99000e+00, 0.00000e+00, 0.00000e+00
