# time = 7.400000000000000e-01# start, end, pivot, particles, density
0.00000e+00, 2.00000e-02, 1.00000e-02, 0.00000e+00, 0.00000e+00
2.00000e-02, 4.00000e-02, 3.00000e-02, 0.00000e+00, 0.00000e+00
4.00000e-02, 6.00000e-02, 5.00000e-02, 0.00000e+00, 0.00000e+00
6.00000e-02, 8.00000e-02, 7.00000e-02, 0.00000e+00, 0.00000e+00
8.00000e-02, 1.00000e-01, 9.00000e-02, 0.00000e+00, 0.00000e+00
1.00000e-01, 1.20000e-01, 1.10000e-01, 0.00000e+00, 0.00000e+00
1.20000e-01, 1.40000e-01, 1.30000e-01, 0.00000e+00, 0.00000e+00
1.40000e-01, 1.60000e-01, 1.50000e-01, 0.00000e+00, 0.00000e+00
1.60000e-01, 1.80000e-01, 1.70000e-01, 0.00000e+00, 0.00000e+00
1.80000e-01, 2.00000e-01, 1.90000e-01, 0.00000e+00, 0.00000e+00
2.00000e-01, 2.20000e-01, 2.10000e-01, 0.00000e+00, 0.00000e+00
2.20000e-01, 2.40000e-01, 2.30000e-01, 0.00000e+00, 0.00000e+00
2.40000e-01, 2.60000e-01, 2.50000e-01, 0.00000e+00, 0.00000e+00
2.60000e-01, 2.80000e-01, 2.70000e-01, 0.00000e+00, 0.00000e+00
2.80000e-01, 3.00000e-01, 2.90000e-01, 0.00000e+00, 0.00000e+00
3.00000e-01, 3.20000e-01, 3.10000e-01, 0.00000e+00, 0.00000e+00
3.20000e-01, 3.40000e-01, 3.30000e-01, 0.00000e+00, 0.00000e+00
3.40000e-01, 3.60000e-01, 3.50000e-01, 0.00000e+00, 0.00000e+00
3.60000e-01, 3.80000e-01, 3.70000e-01, 0.00000e+00, 0.00000e+00
3.80000e-01, 4.00000e-01, 3.90000e-01, 0.00000e+00, 0.00000e+00
4.00000e-01, 4.20000e-01, 4.10000e-01, 0.00000e+00, 0.00000e+00
4.20000e-01, 4.40000e-01, 4.30000e-01, 0.00000e+00, 0.00000e+00
4.40000e-01, 4.60000e-01, 4.50000e-01, 2.12292e-01, 1.06146e+01
4.60000e-01, 4.80000e-01, 4.70000e-01, 2.46978e-01, 1.23489e+01
4.80000e-01, 5.00000e-01, 4.90000e-01, 0.00000e+00, 0.00000e+00
5.00000e-01, 5.20000e-01, 5.10000e-01, 0.00000e+00, 0.00000e+00
5.20000e-01, 5.40000e-01, 5.30000e-01, 9.99423e-01, 4.99711e+01
5.40000e-01, 5.60000e-01, 5.50000e-01, 8.06596e-01, 4.03298e+01
5.60000e-01, 5.80000e-01, 5.70000e-01, 0.00000e+00, 0.00000e+00
5.80000e-01, 6.00000e-01, 5.90000e-01, 1.30966e-02, 6.54830e-01
6.00000e-01, 6.20000e-01, 6.10000e-01, 1.86961e+00, 9.34807e+01
6.20000e-01, 6.40000e-01, 6.30000e-01, 1.35138e+00, 6.75692e+01
6.40000e-01, 6.60000e-01, 6.50000e-01, 0.00000e+00, 0.00000e+00
6.60000e-01, 6.80000e-01, 6.70000e-01, 0.00000e+00, 0.00000e+00
6.80000e-01, 7.00000e-01, 6.90000e-01, 2.41099e+00, 1.20549e+02
7.00000e-01, 7.20000e-01, 7.10000e-01, 3.08933e+00, 1.54466e+02
7.20000e-01, 7.40000e-01, 7.30000e-01, 8.32754e-01, 4.16377e+01
7.40000e-01, 7.60000e-01, 7.50000e-01, 0.00000e+00, 0.00000e+00
7.60000e-01, 7.80000e-01, 7.70000e-01, 9.64459e-01, 4.82230e+01
7.80000e-01, 8.00000e-01, 7.90000e-01, 4.92105e+00, 2.46052e+02
8.00000e-01, 8.20000e-01, 8.10000e-01, 4.04984e+00, 2.02492e+02
8.20000e-01, 8.40000e-01, 8.30000e-01, 9.47629e-01, 4.73814e+01
8.40000e-01, 8.60000e-01, 8.50000e-01, 0.00000e+00, 0.00000e+00
8.60000e-01, 8.80000e-01, 8.70000e-01, 3.52336e-02, 1.76168e+00
8.80000e-01, 9.00000e-01, 8.90000e-01, 4.82181e+00, 2.41091e+02
9.00000e-01, 9.20000e-01, 9.10000e-01, 5.62057e+00, 2.81028e+02
9.20000e-01, 9.40000e-01, 9.30000e-01, 2.89406e+00, 1.44703e+02
9.40000e-01, 9.60000e-01, 9.50000e-01, 6.59062e-01, 3.29531e+01
9.60000e-01, 9.80000e-01, 9.70000e-01, 0.00000e+00, 0.00000e+00
9.80000e-01, 1.00000e+00, 9.90000e-01, 0.00000e+00, 0.00000e+00
1.00000e+00, 1.02000e+00, 1.01000e+00, 2.03819e+00, 1.01910e+02
1.02000e+00, 1.04000e+00, 1.03000e+00, 3.48796e+00, 1.74398e+02
1.04000e+00, 1.06000e+00, 1.05000e+00, 2.72837e+00, 1.36418e+02
1.06000e+00, 1.08000e+00, 1.07000e+00, 1.44622e+00, 7.23108e+01
1.08000e+00, 1.10000e+00, 1.09000e+00, 5.83714e-01, 2.91857e+01
1.10000e+00, 1.12000e+00, 1.11000e+00, 1.88493e-01, 9.42466e+00
1.12000e+00, 1.14000e+00, 1.13000e+00, 4.98761e-02, 2.49381e+00
1.14000e+00, 1.16000e+00, 1.15000e+00, 1.09348e-02, 5.46742e-01
1.16000e+00, 1.18000e+00, 1.17000e+00, 1.99272e-03, 9.96358e-02
1.18000e+00, 1.20000e+00, 1.19000e+00, 3.01004e-04, 1.50502e-02
1.20000e+00, 1.22000e+00, 1.21000e+00, 3.73696e-05, 1.86848e-03
1.22000e+00, 1.24000e+00, 1.23000e+00, 3.75679e-06, 1.87840e-04
1.24000e+00, 1.26000e+00, 1.25000e+00, 2.98705e-07, 1.49353e-05
1.26000e+00, 1.28000e+00, 1.27000e+00, 1.81020e-08, 9.05100e-07
1.28000e+00, 1.30000e+00, 1.29000e+00, 7.86385e-10, 3.93193e-08
1.30000e+00, 1.32000e+00, 1.31000e+00, 2.18279e-11, 1.09139e-09
1.32000e+00, 1.34000e+00, 1.33000e+00, 2.91038e-13, 1.45519e-11
1.34000e+00, 1.36000e+00, 1.35000e+00, 0.00000e+00, 0.00000e+00
1.36000e+00, 1.38000e+00, 1.37000e+00, 0.00000e+00, 0.00000e+00
1.38000e+00, 1.40000e+00, 1.39000e+00, 0.00000e+00, 0.00000e+00
1.40000e+00, 1.42000e+00, 1.41000e+00, 0.00000e+00, 0.00000e+00
1.42000e+00, 1.44000e+00, 1.43000e+00, 0.00000e+00, 0.00000e+00
1.44000e+00, 1.46000e+00, 1.45000e+00, 0.00000e+00, 0.00000e+00
1.46000e+00, 1.48000e+00, 1.47000e+00, 0.00000e+00, 0.00000e+00
1.48000e+00, 1.50000e+00, 1.49000e+00, 0.00000e+00, 0.00000e+00
1.50000e+00, 1.52000e+00, 1.51000e+00, 0.00000e+00, 0.00000e+00
1.52000e+00, 1.54000e+00, 1.53000e+00, 0.00000e+00, 0.00000e+00
1.54000e+00, 1.56000e+00, 1.55000e+00, 0.00000e+00, 0.00000e+00
1.56000e+00, 1.58000e+00, 1.57000e+00, 0.00000e+00, 0.00000e+00
1.58000e+00, 1.60000e+00, 1.59000e+00, 0.00000e+00, 0.00000e+00
1.60000e+00, 1.62000e+00, 1.61000e+00, 0.00000e+00, 0.00000e+00
1.62000e+00, 1.64000e+00, 1.63000e+00, 0.00000e+00, 0.00000e+00
1.64000e+00, 1.66000e+00, 1.65000e+00, 0.00000e+00, 0.00000e+00
1.66000e+00, 1.68000e+00, 1.67000e+00, 0.00000e+00, 0.00000e+00
1.68000e+00, 1.70000e+00, 1.69000e+00, 0.00000e+00, 0.00000e+00
1.70000e+00, 1.72000e+00, 1.71000e+00, 0.00000e+00, 0.00000e+00
1.72000e+00, 1.74000e+00, 1.73000e+00, 0.00000e+00, 0.00000e+00
1.74000e+00, 1.76000e+00, 1.75000e+00, 0.00000e+00, 0.00000e+00
1.76000e+00, 1.78000e+00, 1.77000e+00, 0.00000e+00, 0.00000e+00
1.78000e+00, 1.80000e+00, 1.79000e+00, 0.00000e+00, 0.00000e+00
1.80000e+00, 1.82000e+00, 1.81000e+00, 0.00000e+00, 0.00000e+00
1.82000e+00, 1.84000e+00, 1.83000e+00, 0.00000e+00, 0.00000e+00
1.84000e+00, 1.86000e+00, 1.85000e+00, 0.00000e+00, 0.00000e+00
1.86000e+00, 1.88000e+00, 1.87000e+00, 0.00000e+00, 0.00000e+00
1.88000e+00, 1.90000e+00, 1.89000e+00, 0.00000e+00, 0.00000e+00
1.90000e+00, 1.92000e+00, 1.91000e+00, 0.00000e+00, 0.00000e+00
1.92000e+00, 1.94000e+00, 1.93000e+00, 0.00000e+00, 0.00000e+00
1.94000e+00, 1.96000e+00, 1.95000e+00, 0.00000e+00, 0.00000e+00
1.96000e+00, 1.98000e+00, 1.97000e+00, 0.00000e+00, 0.00000e+00
1.98000e+00, 2.00000e+00, 1.99000e+00, 0.00000e+00, 0.00000e+00
