# time = 9.600000000000000e-01# start, end, pivot, particles, density
0.00000e+00, 2.00000e-02, 1.00000e-02, 0.00000e+00, 0.00000e+00
2.00000e-02, 4.00000e-02, 3.00000e-02, 0.00000e+00, 0.00000e+00
4.00000e-02, 6.00000e-02, 5.00000e-02, 0.00000e+00, 0.00000e+00
6.00000e-02, 8.00000e-02, 7.00000e-02, 0.00000e+00, 0.00000e+00
8.00000e-02, 1.00000e-01, 9.00000e-02, 0.00000e+00, 0.00000e+00
1.00000e-01, 1.20000e-01, 1.10000e-01, 0.00000e+00, 0.00000e+00
1.20000e-01, 1.40000e-01, 1.30000e-01, 0.00000e+00, 0.00000e+00
1.40000e-01, 1.60000e-01, 1.50000e-01, 0.00000e+00, 0.00000e+00
1.60000e-01, 1.80000e-01, 1.70000e-01, 0.00000e+00, 0.00000e+00
1.80000e-01, 2.00000e-01, 1.90000e-01, 0.00000e+00, 0.00000e+00
2.00000e-01, 2.20000e-01, 2.10000e-01, 0.00000e+00, 0.00000e+00
2.20000e-01, 2.40000e-01, 2.30000e-01, 0.00000e+00, 0.00000e+00
2.40000e-01, 2.60000e-01, 2.50000e-01, 0.00000e+00, 0.00000e+00
2.60000e-01, 2.80000e-01, 2.70000e-01, 0.00000e+00, 0.00000e+00
2.80000e-01, 3.00000e-01, 2.90000e-01, 0.00000e+00, 0.00000e+00
3.00000e-01, 3.20000e-01, 3.10000e-01, 0.00000e+00, 0.00000e+00
3.20000e-01, 3.40000e-01, 3.30000e-01, 0.00000e+00, 0.00000e+00
3.40000e-01, 3.60000e-01, 3.50000e-01, 0.00000e+00, 0.00000e+00
3.60000e-01, 3.80000e-01, 3.70000e-01, 0.00000e+00, 0.00000e+00
3.80000e-01, 4.00000e-01, 3.90000e-01, 0.00000e+00, 0.00000e+00
4.00000e-01, 4.20000e-01, 4.10000e-01, 0.00000e+00, 0.00000e+00
4.20000e-01, 4.40000e-01, 4.30000e-01, 0.00000e+00, 0.00000e+00
4.40000e-01, 4.60000e-01, 4.50000e-01, 0.00000e+00, 0.00000e+00
4.60000e-01, 4.80000e-01, 4.70000e-01, 0.00000e+00, 0.00000e+00
4.80000e-01, 5.00000e-01, 4.90000e-01, 0.00000e+00, 0.00000e+00
5.00000e-01, 5.20000e-01, 5.10000e-01, 0.00000e+00, 0.00000e+00
5.20000e-01, 5.40000e-01, 5.30000e-01, 0.00000e+00, 0.00000e+00
5.40000e-01, 5.60000e-01, 5.50000e-01, 1.00118e+00, 5.00590e+01
5.60000e-01, 5.80000e-01, 5.70000e-01, 1.40981e+00, 7.04903e+01
5.80000e-01, 6.00000e-01, 5.90000e-01, 1.27839e-01, 6.39194e+00
6.00000e-01, 6.20000e-01, 6.10000e-01, 0.00000e+00, 0.00000e+00
6.20000e-01, 6.40000e-01, 6.30000e-01, 3.65352e+00, 1.82676e+02
6.40000e-01, 6.60000e-01, 6.50000e-01, 5.58311e+00, 2.79156e+02
6.60000e-01, 6.80000e-01, 6.70000e-01, 1.27094e+00, 6.35469e+01
6.80000e-01, 7.00000e-01, 6.90000e-01, 0.00000e+00, 0.00000e+00
7.00000e-01, 7.20000e-01, 7.10000e-01, 5.50722e+00, 2.75361e+02
7.20000e-01, 7.40000e-01, 7.30000e-01, 9.94635e+00, 4.97318e+02
7.40000e-01, 7.60000e-01, 7.50000e-01, 4.49937e+00, 2.24969e+02
7.60000e-01, 7.80000e-01, 7.70000e-01, 0.00000e+00, 0.00000e+00
7.80000e-01, 8.00000e-01, 7.90000e-01, 0.00000e+00, 0.00000e+00
8.00000e-01, 8.20000e-01, 8.10000e-01, 1.34447e+01, 6.72237e+02
8.20000e-01, 8.40000e-01, 8.30000e-01, 1.51831e+01, 7.59156e+02
8.40000e-01, 8.60000e-01, 8.50000e-01, 5.05566e+00, 2.52783e+02
8.60000e-01, 8.80000e-01, 8.70000e-01, 0.00000e+00, 0.00000e+00
8.80000e-01, 9.00000e-01, 8.90000e-01, 0.00000e+00, 0.00000e+00
9.00000e-01, 9.20000e-01, 9.10000e-01, 1.75029e+01, 8.75145e+02
9.20000e-01, 9.40000e-01, 9.30000e-01, 2.26809e+01, 1.13404e+03
9.40000e-01, 9.60000e-01, 9.50000e-01, 1.05665e+01, 5.28325e+02
9.60000e-01, 9.80000e-01, 9.70000e-01, 1.75030e+00, 8.75152e+01
9.80000e-01, 1.00000e+00, 9.90000e-01, 0.00000e+00, 0.00000e+00
1.00000e+00, 1.02000e+00, 1.01000e+00, 4.09843e+00, 2.04921e+02
1.02000e+00, 1.04000e+00, 1.03000e+00, 2.12728e+01, 1.06364e+03
1.04000e+00, 1.06000e+00, 1.05000e+00, 2.06550e+01, 1.03275e+03
1.06000e+00, 1.08000e+00, 1.07000e+00, 9.85446e+00, 4.92723e+02
1.08000e+00, 1.10000e+00, 1.09000e+00, 2.43682e+00, 1.21841e+02
1.10000e+00, 1.12000e+00, 1.11000e+00, 0.00000e+00, 0.00000e+00
1.12000e+00, 1.14000e+00, 1.13000e+00, 0.00000e+00, 0.00000e+00
1.14000e+00, 1.16000e+00, 1.15000e+00, 4.10456e+00, 2.05228e+02
1.16000e+00, 1.18000e+00, 1.17000e+00, 9.92218e+00, 4.96109e+02
1.18000e+00, 1.20000e+00, 1.19000e+00, 8.99363e+00, 4.49682e+02
1.20000e+00, 1.22000e+00, 1.21000e+00, 5.38193e+00, 2.69096e+02
1.22000e+00, 1.24000e+00, 1.23000e+00, 2.46337e+00, 1.23169e+02
1.24000e+00, 1.26000e+00, 1.25000e+00, 9.16367e-01, 4.58183e+01
1.26000e+00, 1.28000e+00, 1.27000e+00, 2.85581e-01, 1.42791e+01
1.28000e+00, 1.30000e+00, 1.29000e+00, 7.57979e-02, 3.78990e+00
1.30000e+00, 1.32000e+00, 1.31000e+00, 1.72863e-02, 8.64315e-01
1.32000e+00, 1.34000e+00, 1.33000e+00, 3.40106e-03, 1.70053e-01
1.34000e+00, 1.36000e+00, 1.35000e+00, 5.77571e-04, 2.88786e-02
1.36000e+00, 1.38000e+00, 1.37000e+00, 8.44478e-05, 4.22239e-03
1.38000e+00, 1.40000e+00, 1.39000e+00, 1.05733e-05, 5.28664e-04
1.40000e+00, 1.42000e+00, 1.41000e+00, 1.12389e-06, 5.61943e-05
1.42000e+00, 1.44000e+00, 1.43000e+00, 1.00153e-07, 5.00764e-06
1.44000e+00, 1.46000e+00, 1.45000e+00, 7.34932e-09, 3.67466e-07
1.46000e+00, 1.48000e+00, 1.47000e+00, 4.32759e-10, 2.16380e-08
1.48000e+00, 1.50000e+00, 1.49000e+00, 1.96702e-11, 9.83512e-10
1.50000e+00, 1.52000e+00, 1.51000e+00, 6.48153e-13, 3.24076e-11
1.52000e+00, 1.54000e+00, 1.53000e+00, 1.37823e-14, 6.89115e-13
1.54000e+00, 1.56000e+00, 1.55000e+00, 1.42109e-16, 7.10543e-15
1.56000e+00, 1.58000e+00, 1.57000e+00, 0.00000e+00, 0.00000e+00
1.58000e+00, 1.60000e+00, 1.59000e+00, 0.00000e+00, 0.00000e+00
1.60000e+00, 1.62000e+00, 1.61000e+00, 0.00000e+00, 0.00000e+00
1.62000e+00, 1.64000e+00, 1.63000e+00, 0.00000e+00, 0.00000e+00
1.64000e+00, 1.66000e+00, 1.65000e+00, 0.00000e+00, 0.00000e+00
1.66000e+00, 1.68000e+00, 1.67000e+00, 0.00000e+00, 0.00000e+00
1.68000e+00, 1.70000e+00, 1.69000e+00, 0.00000e+00, 0.00000e+00
1.70000e+00, 1.72000e+00, 1.71000e+00, 0.00000e+00, 0.00000e+00
1.72000e+00, 1.74000e+00, 1.73000e+00, 0.00000e+00, 0.00000e+00
1.74000e+00, 1.76000e+00, 1.75000e+00, 0.00000e+00, 0.00000e+00
1.76000e+00, 1.78000e+00, 1.77000e+00, 0.00000e+00, 0.00000e+00
1.78000e+00, 1.80000e+00, 1.79000e+00, 0.00000e+00, 0.00000e+00
1.80000e+00, 1.82000e+00, 1.81000e+00, 0.00000e+00, 0.00000e+00
1.82000e+00, 1.84000e+00, 1.83000e+00, 0.00000e+00, 0.00000e+00
1.84000e+00, 1.86000e+00, 1.85000e+00, 0.00000e+00, 0.00000e+00
1.86000e+00, 1.88000e+00, 1.87000e+00, 0.00000e+00, 0.00000e+00
1.88000e+00, 1.90000e+00, 1.89000e+00, 0.00000e+00, 0.00000e+00
1.90000e+00, 1.92000e+00, 1.91000e+00, 0.00000e+00, 0.00000e+00
1.92000e+00, 1.94000e+00, 1.93000e+00, 0.00000e+00, 0.00000e+00
1.94000e+00, 1.96000e+00, 1.95000e+00, 0.00000e+00, 0.00000e+00
1.96000e+00, 1.98000e+00, 1.97000e+00, 0.00000e+00, 0.00000e+00
1.98000e+00, 2.00000e+00, 1.99000e+00, 0.00000e+00, 0.00000e+00
