# time = 4.000000000000000e-01# start, end, pivot, particles, density
0.00000e+00, 7.25710e-04, 3.62855e-04, 7.25447e-04, 9.99637e-01
7.25710e-04, 1.52399e-03, 1.12485e-03, 1.72192e-03, 2.15704e+00
1.52399e-03, 2.40210e-03, 1.96305e-03, 1.89162e-03, 2.15420e+00
2.40210e-03, 3.36802e-03, 2.88506e-03, 2.07778e-03, 2.15109e+00
3.36802e-03, 4.43053e-03, 3.89928e-03, 2.28203e-03, 2.14777e+00
4.43053e-03, 5.59929e-03, 5.01491e-03, 2.50595e-03, 2.14411e+00
5.59929e-03, 6.88493e-03, 6.24211e-03, 2.75117e-03, 2.13992e+00
6.88493e-03, 8.29914e-03, 7.59203e-03, 3.01993e-03, 2.13543e+00
8.29914e-03, 9.85476e-03, 9.07695e-03, 3.31453e-03, 2.13068e+00
9.85476e-03, 1.15659e-02, 1.07104e-02, 3.63635e-03, 2.12505e+00
1.15659e-02, 1.34482e-02, 1.25071e-02, 3.98925e-03, 2.11934e+00
1.34482e-02, 1.55188e-02, 1.44835e-02, 4.37446e-03, 2.11272e+00
1.55188e-02, 1.77964e-02, 1.66576e-02, 4.79611e-03, 2.10578e+00
1.77964e-02, 2.03017e-02, 1.90490e-02, 5.25538e-03, 2.09766e+00
2.03017e-02, 2.30576e-02, 2.16797e-02, 5.75840e-03, 2.08949e+00
2.30576e-02, 2.60891e-02, 2.45733e-02, 6.30513e-03, 2.07989e+00
2.60891e-02, 2.94237e-02, 2.77564e-02, 6.90158e-03, 2.06968e+00
2.94237e-02, 3.30918e-02, 3.12577e-02, 7.55092e-03, 2.05855e+00
3.30918e-02, 3.71267e-02, 3.51092e-02, 8.25652e-03, 2.04628e+00
3.71267e-02, 4.15650e-02, 3.93458e-02, 9.02177e-03, 2.03267e+00
4.15650e-02, 4.64472e-02, 4.40061e-02, 9.85368e-03, 2.01828e+00
4.64472e-02, 5.18177e-02, 4.91325e-02, 1.07530e-02, 2.00226e+00
5.18177e-02, 5.77252e-02, 5.47714e-02, 1.17242e-02, 1.98464e+00
5.77252e-02, 6.42234e-02, 6.09743e-02, 1.27744e-02, 1.96582e+00
6.42234e-02, 7.13714e-02, 6.77974e-02, 1.39023e-02, 1.94491e+00
7.13714e-02, 7.92343e-02, 7.53029e-02, 1.51173e-02, 1.92262e+00
7.92343e-02, 8.78834e-02, 8.35588e-02, 1.64158e-02, 1.89797e+00
8.78834e-02, 9.73975e-02, 9.26404e-02, 1.78062e-02, 1.87156e+00
9.73975e-02, 1.07863e-01, 1.02630e-01, 1.92858e-02, 1.84280e+00
1.07863e-01, 1.19375e-01, 1.13619e-01, 2.08537e-02, 1.81147e+00
1.19375e-01, 1.32038e-01, 1.25707e-01, 2.25123e-02, 1.77777e+00
1.32038e-01, 1.45968e-01, 1.39003e-01, 2.42569e-02, 1.74141e+00
1.45968e-01, 1.61290e-01, 1.53629e-01, 2.60873e-02, 1.70255e+00
1.61290e-01, 1.78145e-01, 1.69717e-01, 2.79874e-02, 1.66051e+00
1.78145e-01, 1.96685e-01, 1.87415e-01, 2.99494e-02, 1.61538e+00
1.96685e-01, 2.17079e-01, 2.06882e-01, 3.19659e-02, 1.56740e+00
2.17079e-01, 2.39513e-01, 2.28296e-01, 3.40140e-02, 1.51620e+00
2.39513e-01, 2.64190e-01, 2.51851e-01, 3.60689e-02, 1.46164e+00
2.64190e-01, 2.91335e-01, 2.77762e-01, 3.81124e-02, 1.40404e+00
2.91335e-01, 3.21194e-01, 3.06264e-01, 4.01075e-02, 1.34322e+00
3.21194e-01, 3.54039e-01, 3.37616e-01, 4.20214e-02, 1.27938e+00
3.54039e-01, 3.90168e-01, 3.72104e-01, 4.38114e-02, 1.21262e+00
3.90168e-01, 4.29911e-01, 4.10040e-01, 4.54338e-02, 1.14320e+00
4.29911e-01, 4.73628e-01, 4.51769e-01, 4.68397e-02, 1.07143e+00
4.73628e-01, 5.21716e-01, 4.97672e-01, 4.79778e-02, 9.97698e-01
5.21716e-01, 5.74614e-01, 5.48165e-01, 4.87899e-02, 9.22351e-01
5.74614e-01, 6.32801e-01, 6.03707e-01, 4.92291e-02, 8.46048e-01
6.32801e-01, 6.96806e-01, 6.64804e-01, 4.92453e-02, 7.69389e-01
6.96806e-01, 7.67213e-01, 7.32010e-01, 4.87932e-02, 6.93023e-01
7.67213e-01, 8.44660e-01, 8.05936e-01, 4.78419e-02, 6.17737e-01
8.44660e-01, 9.29852e-01, 8.87256e-01, 4.63718e-02, 5.44323e-01
9.29852e-01, 1.02356e+00, 9.76707e-01, 4.43805e-02, 4.73589e-01
1.02356e+00, 1.12664e+00, 1.07510e+00, 4.18882e-02, 4.06358e-01
1.12664e+00, 1.24003e+00, 1.18334e+00, 3.89315e-02, 3.43341e-01
1.24003e+00, 1.36476e+00, 1.30240e+00, 3.55756e-02, 2.85223e-01
1.36476e+00, 1.50197e+00, 1.43336e+00, 3.19119e-02, 2.32590e-01
1.50197e+00, 1.65289e+00, 1.57743e+00, 2.80460e-02, 1.85831e-01
1.65289e+00, 1.81890e+00, 1.73590e+00, 2.41003e-02, 1.45170e-01
1.81890e+00, 2.00152e+00, 1.91021e+00, 2.02035e-02, 1.10634e-01
2.00152e+00, 2.20240e+00, 2.10196e+00, 1.64821e-02, 8.20506e-02
2.20240e+00, 2.42336e+00, 2.31288e+00, 1.30498e-02, 5.90581e-02
2.42336e+00, 2.66642e+00, 2.54489e+00, 9.99785e-03, 4.11330e-02
2.66642e+00, 2.93379e+00, 2.80011e+00, 7.38762e-03, 2.76309e-02
2.93379e+00, 3.22790e+00, 3.08084e+00, 5.24620e-03, 1.78379e-02
3.22790e+00, 3.55141e+00, 3.38965e+00, 3.56638e-03, 1.10238e-02
3.55141e+00, 3.90728e+00, 3.72934e+00, 2.31097e-03, 6.49391e-03
3.90728e+00, 4.29873e+00, 4.10301e+00, 1.42074e-03, 3.62940e-03
4.29873e+00, 4.72933e+00, 4.51403e+00, 8.24464e-04, 1.91469e-03
4.72933e+00, 5.20299e+00, 4.96616e+00, 4.49089e-04, 9.48129e-04
5.20299e+00, 5.72401e+00, 5.46350e+00, 2.28249e-04, 4.38076e-04
5.72401e+00, 6.29714e+00, 6.01058e+00, 1.07530e-04, 1.87620e-04
6.29714e+00, 6.92758e+00, 6.61236e+00, 4.66243e-05, 7.39551e-05
6.92758e+00, 7.62106e+00, 7.27432e+00, 1.84630e-05, 2.66236e-05
7.62106e+00, 8.38390e+00, 8.00248e+00, 6.62190e-06, 8.68068e-06
8.38390e+00, 9.22301e+00, 8.80345e+00, 2.13177e-06, 2.54050e-06
9.22301e+00, 1.01460e+01, 9.68453e+00, 6.10048e-07, 6.60921e-07
1.01460e+01, 1.11614e+01, 1.06537e+01, 1.53571e-07, 1.51252e-07
1.11614e+01, 1.22782e+01, 1.17198e+01, 3.36274e-08, 3.01088e-08
1.22782e+01, 1.35068e+01, 1.28925e+01, 6.32807e-09, 5.15085e-09
1.35068e+01, 1.48582e+01, 1.41825e+01, 1.01023e-09, 7.47539e-10
1.48582e+01, 1.63447e+01, 1.56015e+01, 1.34936e-10, 9.07714e-11
1.63447e+01, 1.79799e+01, 1.71623e+01, 1.48590e-11, 9.08698e-12
1.79799e+01, 1.97786e+01, 1.88793e+01, 1.32805e-12, 7.38332e-13
1.97786e+01, 2.17572e+01, 2.07679e+01, 9.47623e-14, 4.78939e-14
2.17572e+01, 2.39337e+01, 2.28455e+01, 5.30581e-15, 2.43783e-15
2.39337e+01, 2.63278e+01, 2.51307e+01, 2.28980e-16, 9.56436e-17
2.63278e+01, 2.89613e+01, 2.76445e+01, 7.47924e-18, 2.84004e-18
2.89613e+01, 3.18581e+01, 3.04097e+01, 1.81579e-19, 6.26814e-20
3.18581e+01, 3.50447e+01, 3.34514e+01, 3.22033e-21, 1.01061e-21
3.50447e+01, 3.85499e+01, 3.67973e+01, 4.10817e-23, 1.17202e-23
3.85499e+01, 4.24056e+01, 4.04777e+01, 3.72432e-25, 9.65923e-26
4.24056e+01, 4.66469e+01, 4.45262e+01, 2.38311e-27, 5.61885e-28
4.66469e+01, 5.13123e+01, 4.89796e+01, 1.07716e-29, 2.30882e-30
5.13123e+01, 5.64442e+01, 5.38783e+01, 3.86438e-32, 7.53004e-33
5.64442e+01, 6.20894e+01, 5.92668e+01, 1.13345e-34, 2.00782e-35
6.20894e+01, 6.82990e+01, 6.51942e+01, 2.81361e-37, 4.53101e-38
6.82990e+01, 7.51297e+01, 7.17144e+01, 6.11933e-40, 8.95867e-41
7.51297e+01, 8.26434e+01, 7.88865e+01, 1.19311e-42, 1.58791e-43
8.26434e+01, 9.09084e+01, 8.67759e+01, 8.13596e-45, 9.84380e-46
9.09084e+01, 1.00000e+02, 9.54542e+01, 3.71966e-44, 4.09133e-45
