# time = 5.300000000000000e-01# start, end, pivot, particles, density
0.00000e+00, 7.25710e-04, 3.62855e-04, 7.25447e-04, 9.99637e-01
7.25710e-04, 1.52399e-03, 1.12485e-03, 1.97216e-03, 2.47050e+00
1.52399e-03, 2.40210e-03, 1.96305e-03, 2.16625e-03, 2.46694e+00
2.40210e-03, 3.36802e-03, 2.88506e-03, 2.37913e-03, 2.46307e+00
3.36802e-03, 4.43053e-03, 3.89928e-03, 2.61267e-03, 2.45896e+00
4.43053e-03, 5.59929e-03, 5.01491e-03, 2.86863e-03, 2.45442e+00
5.59929e-03, 6.88493e-03, 6.24211e-03, 3.14876e-03, 2.44918e+00
6.88493e-03, 8.29914e-03, 7.59203e-03, 3.45573e-03, 2.44359e+00
8.29914e-03, 9.85476e-03, 9.07695e-03, 3.79219e-03, 2.43773e+00
9.85476e-03, 1.15659e-02, 1.07104e-02, 4.15930e-03, 2.43066e+00
1.15659e-02, 1.34482e-02, 1.25071e-02, 4.56203e-03, 2.42364e+00
1.34482e-02, 1.55188e-02, 1.44835e-02, 5.00110e-03, 2.41537e+00
1.55188e-02, 1.77964e-02, 1.66576e-02, 5.48172e-03, 2.40681e+00
1.77964e-02, 2.03017e-02, 1.90490e-02, 6.00438e-03, 2.39663e+00
2.03017e-02, 2.30576e-02, 2.16797e-02, 6.57720e-03, 2.38660e+00
2.30576e-02, 2.60891e-02, 2.45733e-02, 7.19856e-03, 2.37461e+00
2.60891e-02, 2.94237e-02, 2.77564e-02, 7.87621e-03, 2.36195e+00
2.94237e-02, 3.30918e-02, 3.12577e-02, 8.61334e-03, 2.34819e+00
3.30918e-02, 3.71267e-02, 3.51092e-02, 9.41335e-03, 2.33299e+00
3.71267e-02, 4.15650e-02, 3.93458e-02, 1.02796e-02, 2.31607e+00
4.15650e-02, 4.64472e-02, 4.40061e-02, 1.12210e-02, 2.29834e+00
4.64472e-02, 5.18177e-02, 4.91325e-02, 1.22366e-02, 2.27851e+00
5.18177e-02, 5.77252e-02, 5.47714e-02, 1.33313e-02, 2.25669e+00
5.77252e-02, 6.42234e-02, 6.09743e-02, 1.45138e-02, 2.23350e+00
6.42234e-02, 7.13714e-02, 6.77974e-02, 1.57803e-02, 2.20764e+00
7.13714e-02, 7.92343e-02, 7.53029e-02, 1.71428e-02, 2.18023e+00
7.92343e-02, 8.78834e-02, 8.35588e-02, 1.85941e-02, 2.14982e+00
8.78834e-02, 9.73975e-02, 9.26404e-02, 2.01450e-02, 2.11739e+00
9.73975e-02, 1.07863e-01, 1.02630e-01, 2.17898e-02, 2.08207e+00
1.07863e-01, 1.19375e-01, 1.13619e-01, 2.35257e-02, 2.04358e+00
1.19375e-01, 1.32038e-01, 1.25707e-01, 2.53555e-02, 2.00230e+00
1.32038e-01, 1.45968e-01, 1.39003e-01, 2.72715e-02, 1.95782e+00
1.45968e-01, 1.61290e-01, 1.53629e-01, 2.92733e-02, 1.91048e+00
1.61290e-01, 1.78145e-01, 1.69717e-01, 3.13372e-02, 1.85925e+00
1.78145e-01, 1.96685e-01, 1.87415e-01, 3.34535e-02, 1.80438e+00
1.96685e-01, 2.17079e-01, 2.06882e-01, 3.56136e-02, 1.74626e+00
2.17079e-01, 2.39513e-01, 2.28296e-01, 3.77869e-02, 1.68439e+00
2.39513e-01, 2.64190e-01, 2.51851e-01, 3.99421e-02, 1.61860e+00
2.64190e-01, 2.91335e-01, 2.77762e-01, 4.20588e-02, 1.54943e+00
2.91335e-01, 3.21194e-01, 3.06264e-01, 4.40909e-02, 1.47663e+00
3.21194e-01, 3.54039e-01, 3.37616e-01, 4.60005e-02, 1.40053e+00
3.54039e-01, 3.90168e-01, 3.72104e-01, 4.77377e-02, 1.32129e+00
3.90168e-01, 4.29911e-01, 4.10040e-01, 4.92534e-02, 1.23931e+00
4.29911e-01, 4.73628e-01, 4.51769e-01, 5.04934e-02, 1.15501e+00
4.73628e-01, 5.21716e-01, 4.97672e-01, 5.14023e-02, 1.06891e+00
5.21716e-01, 5.74614e-01, 5.48165e-01, 5.19177e-02, 9.81481e-01
5.74614e-01, 6.32801e-01, 6.03707e-01, 5.19948e-02, 8.93580e-01
6.32801e-01, 6.96806e-01, 6.64804e-01, 5.15863e-02, 8.05964e-01
6.96806e-01, 7.67213e-01, 7.32010e-01, 5.06522e-02, 7.19427e-01
7.67213e-01, 8.44660e-01, 8.05936e-01, 4.91729e-02, 6.34923e-01
8.44660e-01, 9.29852e-01, 8.87256e-01, 4.71432e-02, 5.53378e-01
9.29852e-01, 1.02356e+00, 9.76707e-01, 4.45790e-02, 4.75708e-01
1.02356e+00, 1.12664e+00, 1.07510e+00, 4.15231e-02, 4.02816e-01
1.12664e+00, 1.24003e+00, 1.18334e+00, 3.80348e-02, 3.35433e-01
1.24003e+00, 1.36476e+00, 1.30240e+00, 3.42044e-02, 2.74229e-01
1.36476e+00, 1.50197e+00, 1.43336e+00, 3.01474e-02, 2.19730e-01
1.50197e+00, 1.65289e+00, 1.57743e+00, 2.59887e-02, 1.72199e-01
1.65289e+00, 1.81890e+00, 1.73590e+00, 2.18639e-02, 1.31699e-01
1.81890e+00, 2.00152e+00, 1.91021e+00, 1.79071e-02, 9.80587e-02
2.00152e+00, 2.20240e+00, 2.10196e+00, 1.42403e-02, 7.08907e-02
2.20240e+00, 2.42336e+00, 2.31288e+00, 1.09635e-02, 4.96162e-02
2.42336e+00, 2.66642e+00, 2.54489e+00, 8.14551e-03, 3.35121e-02
2.66642e+00, 2.93379e+00, 2.80011e+00, 5.81987e-03, 2.17672e-02
2.93379e+00, 3.22790e+00, 3.08084e+00, 3.98354e-03, 1.35446e-02
3.22790e+00, 3.55141e+00, 3.38965e+00, 2.60119e-03, 8.04040e-03
3.55141e+00, 3.90728e+00, 3.72934e+00, 1.61302e-03, 4.53265e-03
3.90728e+00, 4.29873e+00, 4.10301e+00, 9.45175e-04, 2.41453e-03
4.29873e+00, 4.72933e+00, 4.51403e+00, 5.20513e-04, 1.20881e-03
4.72933e+00, 5.20299e+00, 4.96616e+00, 2.67807e-04, 5.65400e-04
5.20299e+00, 5.72401e+00, 5.46350e+00, 1.27921e-04, 2.45517e-04
5.72401e+00, 6.29714e+00, 6.01058e+00, 5.63320e-05, 9.82888e-05
6.29714e+00, 6.92758e+00, 6.61236e+00, 2.26989e-05, 3.60049e-05
6.92758e+00, 7.62106e+00, 7.27432e+00, 8.30137e-06, 1.19705e-05
7.62106e+00, 8.38390e+00, 8.00248e+00, 2.73127e-06, 3.58043e-06
8.38390e+00, 9.22301e+00, 8.80345e+00, 8.00795e-07, 9.54332e-07
9.22301e+00, 1.01460e+01, 9.68453e+00, 2.07096e-07, 2.24366e-07
1.01460e+01, 1.11614e+01, 1.06537e+01, 4.67222e-08, 4.60168e-08
1.11614e+01, 1.22782e+01, 1.17198e+01, 9.08729e-09, 8.13645e-09
1.22782e+01, 1.35068e+01, 1.28925e+01, 1.50449e-09, 1.22461e-09
1.35068e+01, 1.48582e+01, 1.41825e+01, 2.09170e-10, 1.54779e-10
1.48582e+01, 1.63447e+01, 1.56015e+01, 2.40705e-11, 1.61922e-11
1.63447e+01, 1.79799e+01, 1.71623e+01, 2.25785e-12, 1.38078e-12
1.79799e+01, 1.97786e+01, 1.88793e+01, 1.69868e-13, 9.44384e-14
1.97786e+01, 2.17572e+01, 2.07679e+01, 1.00785e-14, 5.09378e-15
2.17572e+01, 2.39337e+01, 2.28455e+01, 4.63394e-16, 2.12913e-16
2.39337e+01, 2.63278e+01, 2.51307e+01, 1.62194e-17, 6.77477e-18
2.63278e+01, 2.89613e+01, 2.76445e+01, 4.24581e-19, 1.61223e-19
2.89613e+01, 3.18581e+01, 3.04097e+01, 8.17297e-21, 2.82133e-21
3.18581e+01, 3.50447e+01, 3.34514e+01, 1.13954e-22, 3.57611e-23
3.50447e+01, 3.85499e+01, 3.67973e+01, 1.13728e-24, 3.24454e-25
3.85499e+01, 4.24056e+01, 4.04777e+01, 8.07003e-27, 2.09301e-27
4.24056e+01, 4.66469e+01, 4.45262e+01, 4.07368e-29, 9.60484e-30
4.66469e+01, 5.13123e+01, 4.89796e+01, 1.47667e-31, 3.16514e-32
5.13123e+01, 5.64442e+01, 5.38783e+01, 4.32522e-34, 8.42801e-35
5.64442e+01, 6.20894e+01, 5.92668e+01, 1.06577e-36, 1.88795e-37
6.20894e+01, 6.82990e+01, 6.51942e+01, 2.28000e-39, 3.67170e-40
6.82990e+01, 7.51297e+01, 7.17144e+01, 4.34430e-42, 6.36002e-43
7.51297e+01, 8.26434e+01, 7.88865e+01, 1.22780e-44, 1.63408e-45
8.26434e+01, 9.09084e+01, 8.67759e+01, 7.10639e-45, 8.59811e-46
9.09084e+01, 1.00000e+02, 9.54542e+01, 3.71966e-44, 4.09133e-45
