# time = 7.600000000000000e-01# start, end, pivot, particles, density
0.00000e+00, 2.00000e-02, 1.00000e-02, 0.00000e+00, 0.00000e+00
2.00000e-02, 4.00000e-02, 3.00000e-02, 0.00000e+00, 0.00000e+00
4.00000e-02, 6.00000e-02, 5.00000e-02, 0.00000e+00, 0.00000e+00
6.00000e-02, 8.00000e-02, 7.00000e-02, 0.00000e+00, 0.00000e+00
8.00000e-02, 1.00000e-01, 9.00000e-02, 0.00000e+00, 0.00000e+00
1.00000e-01, 1.20000e-01, 1.10000e-01, 0.00000e+00, 0.00000e+00
1.20000e-01, 1.40000e-01, 1.30000e-01, 0.00000e+00, 0.00000e+00
1.40000e-01, 1.60000e-01, 1.50000e-01, 0.00000e+00, 0.00000e+00
1.60000e-01, 1.80000e-01, 1.70000e-01, 0.00000e+00, 0.00000e+00
1.80000e-01, 2.00000e-01, 1.90000e-01, 0.00000e+00, 0.00000e+00
2.00000e-01, 2.20000e-01, 2.10000e-01, 0.00000e+00, 0.00000e+00
2.20000e-01, 2.40000e-01, 2.30000e-01, 0.00000e+00, 0.00000e+00
2.40000e-01, 2.60000e-01, 2.50000e-01, 0.00000e+00, 0.00000e+00
2.60000e-01, 2.80000e-01, 2.70000e-01, 0.00000e+00, 0.00000e+00
2.80000e-01, 3.00000e-01, 2.90000e-01, 0.00000e+00, 0.00000e+00
3.00000e-01, 3.20000e-01, 3.10000e-01, 0.00000e+00, 0.00000e+00
3.20000e-01, 3.40000e-01, 3.30000e-01, 0.00000e+00, 0.00000e+00
3.40000e-01, 3.60000e-01, 3.50000e-01, 0.00000e+00, 0.00000e+00
3.60000e-01, 3.80000e-01, 3.70000e-01, 0.00000e+00, 0.00000e+00
3.80000e-01, 4.00000e-01, 3.90000e-01, 0.00000e+00, 0.00000e+00
4.00000e-01, 4.20000e-01, 4.10000e-01, 0.00000e+00, 0.00000e+00
4.20000e-01, 4.40000e-01, 4.30000e-01, 0.00000e+00, 0.00000e+00
4.40000e-01, 4.60000e-01, 4.50000e-01, 8.88026e-02, 4.44013e+00
4.60000e-01, 4.80000e-01, 4.70000e-01, 3.53124e-01, 1.76562e+01
4.80000e-01, 5.00000e-01, 4.90000e-01, 1.23489e-01, 6.17445e+00
5.00000e-01, 5.20000e-01, 5.10000e-01, 0.00000e+00, 0.00000e+00
5.20000e-01, 5.40000e-01, 5.30000e-01, 5.96124e-01, 2.98062e+01
5.40000e-01, 5.60000e-01, 5.50000e-01, 1.30631e+00, 6.53154e+01
5.60000e-01, 5.80000e-01, 5.70000e-01, 3.96750e-01, 1.98375e+01
5.80000e-01, 6.00000e-01, 5.90000e-01, 0.00000e+00, 0.00000e+00
6.00000e-01, 6.20000e-01, 6.10000e-01, 1.20047e+00, 6.00235e+01
6.20000e-01, 6.40000e-01, 6.30000e-01, 2.28619e+00, 1.14310e+02
6.40000e-01, 6.60000e-01, 6.50000e-01, 6.75692e-01, 3.37846e+01
6.60000e-01, 6.80000e-01, 6.70000e-01, 0.00000e+00, 0.00000e+00
6.80000e-01, 7.00000e-01, 6.90000e-01, 8.66322e-01, 4.33161e+01
7.00000e-01, 7.20000e-01, 7.10000e-01, 3.87845e+00, 1.93922e+02
7.20000e-01, 7.40000e-01, 7.30000e-01, 2.37742e+00, 1.18871e+02
7.40000e-01, 7.60000e-01, 7.50000e-01, 0.00000e+00, 0.00000e+00
7.60000e-01, 7.80000e-01, 7.70000e-01, 0.00000e+00, 0.00000e+00
7.80000e-01, 8.00000e-01, 7.90000e-01, 3.37836e+00, 1.68918e+02
8.00000e-01, 8.20000e-01, 8.10000e-01, 6.03655e+00, 3.01827e+02
8.20000e-01, 8.40000e-01, 8.30000e-01, 2.97255e+00, 1.48627e+02
8.40000e-01, 8.60000e-01, 8.50000e-01, 4.56198e-01, 2.28099e+01
8.60000e-01, 8.80000e-01, 8.70000e-01, 0.00000e+00, 0.00000e+00
8.80000e-01, 9.00000e-01, 8.90000e-01, 2.02914e+00, 1.01457e+02
9.00000e-01, 9.20000e-01, 9.10000e-01, 6.58444e+00, 3.29222e+02
9.20000e-01, 9.40000e-01, 9.30000e-01, 5.37482e+00, 2.68741e+02
9.40000e-01, 9.60000e-01, 9.50000e-01, 2.10609e+00, 1.05305e+02
9.60000e-01, 9.80000e-01, 9.70000e-01, 3.29531e-01, 1.64766e+01
9.80000e-01, 1.00000e+00, 9.90000e-01, 0.00000e+00, 0.00000e+00
1.00000e+00, 1.02000e+00, 1.01000e+00, 2.94214e-01, 1.47107e+01
1.02000e+00, 1.04000e+00, 1.03000e+00, 3.14287e+00, 1.57144e+02
1.04000e+00, 1.06000e+00, 1.05000e+00, 3.74924e+00, 1.87462e+02
1.06000e+00, 1.08000e+00, 1.07000e+00, 2.51854e+00, 1.25927e+02
1.08000e+00, 1.10000e+00, 1.09000e+00, 1.21258e+00, 6.06288e+01
1.10000e+00, 1.12000e+00, 1.11000e+00, 4.55412e-01, 2.27706e+01
1.12000e+00, 1.14000e+00, 1.13000e+00, 1.38655e-01, 6.93277e+00
1.14000e+00, 1.16000e+00, 1.15000e+00, 3.48765e-02, 1.74383e+00
1.16000e+00, 1.18000e+00, 1.17000e+00, 7.30963e-03, 3.65482e-01
1.18000e+00, 1.20000e+00, 1.19000e+00, 1.27868e-03, 6.39339e-02
1.20000e+00, 1.22000e+00, 1.21000e+00, 1.85993e-04, 9.29965e-03
1.22000e+00, 1.24000e+00, 1.23000e+00, 2.22922e-05, 1.11461e-03
1.24000e+00, 1.26000e+00, 1.25000e+00, 2.16805e-06, 1.08403e-04
1.26000e+00, 1.28000e+00, 1.27000e+00, 1.67062e-07, 8.35308e-06
1.28000e+00, 1.30000e+00, 1.29000e+00, 9.82647e-09, 4.91324e-07
1.30000e+00, 1.32000e+00, 1.31000e+00, 4.14875e-10, 2.07438e-08
1.32000e+00, 1.34000e+00, 1.33000e+00, 1.12050e-11, 5.60249e-10
1.34000e+00, 1.36000e+00, 1.35000e+00, 1.45519e-13, 7.27596e-12
1.36000e+00, 1.38000e+00, 1.37000e+00, 0.00000e+00, 0.00000e+00
1.38000e+00, 1.40000e+00, 1.39000e+00, 0.00000e+00, 0.00000e+00
1.40000e+00, 1.42000e+00, 1.41000e+00, 0.00000e+00, 0.00000e+00
1.42000e+00, 1.44000e+00, 1.43000e+00, 0.00000e+00, 0.00000e+00
1.44000e+00, 1.46000e+00, 1.45000e+00, 0.00000e+00, 0.00000e+00
1.46000e+00, 1.48000e+00, 1.47000e+00, 0.00000e+00, 0.00000e+00
1.48000e+00, 1.50000e+00, 1.49000e+00, 0.00000e+00, 0.00000e+00
1.50000e+00, 1.52000e+00, 1.51000e+00, 0.00000e+00, 0.00000e+00
1.52000e+00, 1.54000e+00, 1.53000e+00, 0.00000e+00, 0.00000e+00
1.54000e+00, 1.56000e+00, 1.55000e+00, 0.00000e+00, 0.00000e+00
1.56000e+00, 1.58000e+00, 1.57000e+00, 0.00000e+00, 0.00000e+00
1.58000e+00, 1.60000e+00, 1.59000e+00, 0.00000e+00, 0.00000e+00
1.60000e+00, 1.62000e+00, 1.61000e+00, 0.00000e+00, 0.00000e+00
1.62000e+00, 1.64000e+00, 1.63000e+00, 0.00000e+00, 0.00000e+00
1.64000e+00, 1.66000e+00, 1.65000e+00, 0.00000e+00, 0.00000e+00
1.66000e+00, 1.68000e+00, 1.67000e+00, 0.00000e+00, 0.00000e+00
1.68000e+00, 1.70000e+00, 1.69000e+00, 0.00000e+00, 0.00000e+00
1.70000e+00, 1.72000e+00, 1.71000e+00, 0.00000e+00, 0.00000e+00
1.72000e+00, 1.74000e+00, 1.73000e+00, 0.00000e+00, 0.00000e+00
1.74000e+00, 1.76000e+00, 1.75000e+00, 0.00000e+00, 0.00000e+00
1.76000e+00, 1.78000e+00, 1.77000e+00, 0.00000e+00, 0.00000e+00
1.78000e+00, 1.80000e+00, 1.79000e+00, 0.00000e+00, 0.00000e+00
1.80000e+00, 1.82000e+00, 1.81000e+00, 0.00000e+00, 0.00000e+00
1.82000e+00, 1.84000e+00, 1.83000e+00, 0.00000e+00, 0.00000e+00
1.84000e+00, 1.86000e+00, 1.85000e+00, 0.00000e+00, 0.00000e+00
1.86000e+00, 1.88000e+00, 1.87000e+00, 0.00000e+00, 0.00000e+00
1.88000e+00, 1.90000e+00, 1.89000e+00, 0.00000e+00, 0.00000e+00
1.90000e+00, 1.92000e+00, 1.91000e+00, 0.00000e+00, 0.00000e+00
1.92000e+00, 1.94000e+00, 1.93000e+00, 0.00000e+00, 0.00000e+00
1.94000e+00, 1.96000e+00, 1.95000e+00, 0.00000e+00, 0.00000e+00
1.96000e+00, 1.98000e+00, 1.97000e+00, 0.00000e+00, 0.00000e+00
1.98000e+00, 2.00000e+00, 1.99000e+00, 0.00000e+00, 0.00000e+00
