# time = 8.800000000000000e-01# start, end, pivot, particles, density
0.00000e+00, 2.00000e-02, 1.00000e-02, 0.00000e+00, 0.00000e+00
2.00000e-02, 4.00000e-02, 3.00000e-02, 0.00000e+00, 0.00000e+00
4.00000e-02, 6.00000e-02, 5.00000e-02, 0.00000e+00, 0.00000e+00
6.00000e-02, 8.00000e-02, 7.00000e-02, 0.00000e+00, 0.00000e+00
8.00000e-02, 1.00000e-01, 9.00000e-02, 0.00000e+00, 0.00000e+00
1.00000e-01, 1.20000e-01, 1.10000e-01, 0.00000e+00, 0.00000e+00
1.20000e-01, 1.40000e-01, 1.30000e-01, 0.00000e+00, 0.00000e+00
1.40000e-01, 1.60000e-01, 1.50000e-01, 0.00000e+00, 0.00000e+00
1.60000e-01, 1.80000e-01, 1.70000e-01, 0.00000e+00, 0.00000e+00
1.80000e-01, 2.00000e-01, 1.90000e-01, 0.00000e+00, 0.00000e+00
2.00000e-01, 2.20000e-01, 2.10000e-01, 0.00000e+00, 0.00000e+00
2.20000e-01, 2.40000e-01, 2.30000e-01, 0.00000e+00, 0.00000e+00
2.40000e-01, 2.60000e-01, 2.50000e-01, 0.00000e+00, 0.00000e+00
2.60000e-01, 2.80000e-01, 2.70000e-01, 0.00000e+00, 0.00000e+00
2.80000e-01, 3.00000e-01, 2.90000e-01, 0.00000e+00, 0.00000e+00
3.00000e-01, 3.20000e-01, 3.10000e-01, 0.00000e+00, 0.00000e+00
3.20000e-01, 3.40000e-01, 3.30000e-01, 0.00000e+00, 0.00000e+00
3.40000e-01, 3.60000e-01, 3.50000e-01, 0.00000e+00, 0.00000e+00
3.60000e-01, 3.80000e-01, 3.70000e-01, 0.00000e+00, 0.00000e+00
3.80000e-01, 4.00000e-01, 3.90000e-01, 0.00000e+00, 0.00000e+00
4.00000e-01, 4.20000e-01, 4.10000e-01, 0.00000e+00, 0.00000e+00
4.20000e-01, 4.40000e-01, 4.30000e-01, 0.00000e+00, 0.00000e+00
4.40000e-01, 4.60000e-01, 4.50000e-01, 0.00000e+00, 0.00000e+00
4.60000e-01, 4.80000e-01, 4.70000e-01, 0.00000e+00, 0.00000e+00
4.80000e-01, 5.00000e-01, 4.90000e-01, 0.00000e+00, 0.00000e+00
5.00000e-01, 5.20000e-01, 5.10000e-01, 4.27377e-01, 2.13688e+01
5.20000e-01, 5.40000e-01, 5.30000e-01, 8.42627e-01, 4.21314e+01
5.40000e-01, 5.60000e-01, 5.50000e-01, 2.07302e-01, 1.03651e+01
5.60000e-01, 5.80000e-01, 5.70000e-01, 0.00000e+00, 0.00000e+00
5.80000e-01, 6.00000e-01, 5.90000e-01, 1.80822e+00, 9.04109e+01
6.00000e-01, 6.20000e-01, 6.10000e-01, 3.12994e+00, 1.56497e+02
6.20000e-01, 6.40000e-01, 6.30000e-01, 7.94700e-01, 3.97350e+01
6.40000e-01, 6.60000e-01, 6.50000e-01, 0.00000e+00, 0.00000e+00
6.60000e-01, 6.80000e-01, 6.70000e-01, 3.17310e+00, 1.58655e+02
6.80000e-01, 7.00000e-01, 6.90000e-01, 5.68274e+00, 2.84137e+02
7.00000e-01, 7.20000e-01, 7.10000e-01, 1.67517e+00, 8.37585e+01
7.20000e-01, 7.40000e-01, 7.30000e-01, 0.00000e+00, 0.00000e+00
7.40000e-01, 7.60000e-01, 7.50000e-01, 9.71162e-01, 4.85581e+01
7.60000e-01, 7.80000e-01, 7.70000e-01, 8.52993e+00, 4.26496e+02
7.80000e-01, 8.00000e-01, 7.90000e-01, 7.45765e+00, 3.72883e+02
8.00000e-01, 8.20000e-01, 8.10000e-01, 1.76663e+00, 8.83315e+01
8.20000e-01, 8.40000e-01, 8.30000e-01, 0.00000e+00, 0.00000e+00
8.40000e-01, 8.60000e-01, 8.50000e-01, 2.13088e+00, 1.06544e+02
8.60000e-01, 8.80000e-01, 8.70000e-01, 1.30902e+01, 6.54512e+02
8.80000e-01, 9.00000e-01, 8.90000e-01, 1.09350e+01, 5.46748e+02
9.00000e-01, 9.20000e-01, 9.10000e-01, 3.57409e+00, 1.78705e+02
9.20000e-01, 9.40000e-01, 9.30000e-01, 0.00000e+00, 0.00000e+00
9.40000e-01, 9.60000e-01, 9.50000e-01, 0.00000e+00, 0.00000e+00
9.60000e-01, 9.80000e-01, 9.70000e-01, 8.23117e+00, 4.11558e+02
9.80000e-01, 1.00000e+00, 9.90000e-01, 1.42750e+01, 7.13751e+02
1.00000e+00, 1.02000e+00, 1.01000e+00, 9.49879e+00, 4.74940e+02
1.02000e+00, 1.04000e+00, 1.03000e+00, 3.12565e+00, 1.56283e+02
1.04000e+00, 1.06000e+00, 1.05000e+00, 4.07744e-01, 2.03872e+01
1.06000e+00, 1.08000e+00, 1.07000e+00, 0.00000e+00, 0.00000e+00
1.08000e+00, 1.10000e+00, 1.09000e+00, 8.48412e-01, 4.24206e+01
1.10000e+00, 1.12000e+00, 1.11000e+00, 5.87176e+00, 2.93588e+02
1.12000e+00, 1.14000e+00, 1.13000e+00, 6.70804e+00, 3.35402e+02
1.14000e+00, 1.16000e+00, 1.15000e+00, 4.49233e+00, 2.24616e+02
1.16000e+00, 1.18000e+00, 1.17000e+00, 2.20113e+00, 1.10057e+02
1.18000e+00, 1.20000e+00, 1.19000e+00, 8.55571e-01, 4.27786e+01
1.20000e+00, 1.22000e+00, 1.21000e+00, 2.74016e-01, 1.37008e+01
1.22000e+00, 1.24000e+00, 1.23000e+00, 7.37528e-02, 3.68764e+00
1.24000e+00, 1.26000e+00, 1.25000e+00, 1.68542e-02, 8.42711e-01
1.26000e+00, 1.28000e+00, 1.27000e+00, 3.28436e-03, 1.64218e-01
1.28000e+00, 1.30000e+00, 1.29000e+00, 5.45787e-04, 2.72894e-02
1.30000e+00, 1.32000e+00, 1.31000e+00, 7.70626e-05, 3.85313e-03
1.32000e+00, 1.34000e+00, 1.33000e+00, 9.17746e-06, 4.58873e-04
1.34000e+00, 1.36000e+00, 1.35000e+00, 9.11205e-07, 4.55603e-05
1.36000e+00, 1.38000e+00, 1.37000e+00, 7.41414e-08, 3.70707e-06
1.38000e+00, 1.40000e+00, 1.39000e+00, 4.82039e-09, 2.41020e-07
1.40000e+00, 1.42000e+00, 1.41000e+00, 2.41009e-10, 1.20505e-08
1.42000e+00, 1.44000e+00, 1.43000e+00, 8.70613e-12, 4.35307e-10
1.44000e+00, 1.46000e+00, 1.45000e+00, 2.02360e-13, 1.01180e-11
1.46000e+00, 1.48000e+00, 1.47000e+00, 2.27374e-15, 1.13687e-13
1.48000e+00, 1.50000e+00, 1.49000e+00, 0.00000e+00, 0.00000e+00
1.50000e+00, 1.52000e+00, 1.51000e+00, 0.00000e+00, 0.00000e+00
1.52000e+00, 1.54000e+00, 1.53000e+00, 0.00000e+00, 0.00000e+00
1.54000e+00, 1.56000e+00, 1.55000e+00, 0.00000e+00, 0.00000e+00
1.56000e+00, 1.58000e+00, 1.57000e+00, 0.00000e+00, 0.00000e+00
1.58000e+00, 1.60000e+00, 1.59000e+00, 0.00000e+00, 0.00000e+00
1.60000e+00, 1.62000e+00, 1.61000e+00, 0.00000e+00, 0.00000e+00
1.62000e+00, 1.64000e+00, 1.63000e+00, 0.00000e+00, 0.00000e+00
1.64000e+00, 1.66000e+00, 1.65000e+00, 0.00000e+00, 0.00000e+00
1.66000e+00, 1.68000e+00, 1.67000e+00, 0.00000e+00, 0.00000e+00
1.68000e+00, 1.70000e+00, 1.69000e+00, 0.00000e+00, 0.00000e+00
1.70000e+00, 1.72000e+00, 1.71000e+00, 0.00000e+00, 0.00000e+00
1.72000e+00, 1.74000e+00, 1.73000e+00, 0.00000e+00, 0.00000e+00
1.74000e+00, 1.76000e+00, 1.75000e+00, 0.00000e+00, 0.00000e+00
1.76000e+00, 1.78000e+00, 1.77000e+00, 0.00000e+00, 0.00000e+00
1.78000e+00, 1.80000e+00, 1.79000e+00, 0.00000e+00, 0.00000e+00
1.80000e+00, 1.82000e+00, 1.81000e+00, 0.00000e+00, 0.00000e+00
1.82000e+00, 1.84000e+00, 1.83000e+00, 0.00000e+00, 0.00000e+00
1.84000e+00, 1.86000e+00, 1.85000e+00, 0.00000e+00, 0.00000e+00
1.86000e+00, 1.88000e+00, 1.87000e+00, 0.00000e+00, 0.00000e+00
1.88000e+00, 1.90000e+00, 1.89000e+00, 0.00000e+00, 0.00000e+00
1.90000e+00, 1.92000e+00, 1.91000e+00, 0.00000e+00, 0.00000e+00
1.92000e+00, 1.94000e+00, 1.93000e+00, 0.00000e+00, 0.00000e+00
1.94000e+00, 1.96000e+00, 1.95000e+00, 0.00000e+00, 0.00000e+00
1.96000e+00, 1.98000e+00, 1.97000e+00, 0.00000e+00, 0.00000e+00
1.98000e+00, 2.00000e+00, 1.99000e+00, 0.00000e+00, 0.00000e+00
