# time = 9.400000000000001e-01# start, end, pivot, particles, density
0.00000e+00, 2.00000e-02, 1.00000e-02, 0.00000e+00, 0.00000e+00
2.00000e-02, 4.00000e-02, 3.00000e-02, 0.00000e+00, 0.00000e+00
4.00000e-02, 6.00000e-02, 5.00000e-02, 0.00000e+00, 0.00000e+00
6.00000e-02, 8.00000e-02, 7.00000e-02, 0.00000e+00, 0.00000e+00
8.00000e-02, 1.00000e-01, 9.00000e-02, 0.00000e+00, 0.00000e+00
1.00000e-01, 1.20000e-01, 1.10000e-01, 0.00000e+00, 0.00000e+00
1.20000e-01, 1.40000e-01, 1.30000e-01, 0.00000e+00, 0.00000e+00
1.40000e-01, 1.60000e-01, 1.50000e-01, 0.00000e+00, 0.00000e+00
1.60000e-01, 1.80000e-01, 1.70000e-01, 0.00000e+00, 0.00000e+00
1.80000e-01, 2.00000e-01, 1.90000e-01, 0.00000e+00, 0.00000e+00
2.00000e-01, 2.20000e-01, 2.10000e-01, 0.00000e+00, 0.00000e+00
2.20000e-01, 2.40000e-01, 2.30000e-01, 0.00000e+00, 0.00000e+00
2.40000e-01, 2.60000e-01, 2.50000e-01, 0.00000e+00, 0.00000e+00
2.60000e-01, 2.80000e-01, 2.70000e-01, 0.00000e+00, 0.00000e+00
2.80000e-01, 3.00000e-01, 2.90000e-01, 0.00000e+00, 0.00000e+00
3.00000e-01, 3.20000e-01, 3.10000e-01, 0.00000e+00, 0.00000e+00
3.20000e-01, 3.40000e-01, 3.30000e-01, 0.00000e+00, 0.00000e+00
3.40000e-01, 3.60000e-01, 3.50000e-01, 0.00000e+00, 0.00000e+00
3.60000e-01, 3.80000e-01, 3.70000e-01, 0.00000e+00, 0.00000e+00
3.80000e-01, 4.00000e-01, 3.90000e-01, 0.00000e+00, 0.00000e+00
4.00000e-01, 4.20000e-01, 4.10000e-01, 0.00000e+00, 0.00000e+00
4.20000e-01, 4.40000e-01, 4.30000e-01, 0.00000e+00, 0.00000e+00
4.40000e-01, 4.60000e-01, 4.50000e-01, 0.00000e+00, 0.00000e+00
4.60000e-01, 4.80000e-01, 4.70000e-01, 0.00000e+00, 0.00000e+00
4.80000e-01, 5.00000e-01, 4.90000e-01, 0.00000e+00, 0.00000e+00
5.00000e-01, 5.20000e-01, 5.10000e-01, 0.00000e+00, 0.00000e+00
5.20000e-01, 5.40000e-01, 5.30000e-01, 8.89149e-02, 4.44574e+00
5.40000e-01, 5.60000e-01, 5.50000e-01, 1.32930e+00, 6.64650e+01
5.60000e-01, 5.80000e-01, 5.70000e-01, 7.45156e-01, 3.72578e+01
5.80000e-01, 6.00000e-01, 5.90000e-01, 0.00000e+00, 0.00000e+00
6.00000e-01, 6.20000e-01, 6.10000e-01, 4.89479e-01, 2.44739e+01
6.20000e-01, 6.40000e-01, 6.30000e-01, 4.96027e+00, 2.48014e+02
6.40000e-01, 6.60000e-01, 6.50000e-01, 3.10298e+00, 1.55149e+02
6.60000e-01, 6.80000e-01, 6.70000e-01, 0.00000e+00, 0.00000e+00
6.80000e-01, 7.00000e-01, 6.90000e-01, 5.61101e-01, 2.80551e+01
7.00000e-01, 7.20000e-01, 7.10000e-01, 8.42090e+00, 4.21045e+02
7.20000e-01, 7.40000e-01, 7.30000e-01, 6.38847e+00, 3.19423e+02
7.40000e-01, 7.60000e-01, 7.50000e-01, 1.30514e+00, 6.52569e+01
7.60000e-01, 7.80000e-01, 7.70000e-01, 0.00000e+00, 0.00000e+00
7.80000e-01, 8.00000e-01, 7.90000e-01, 5.27736e+00, 2.63868e+02
8.00000e-01, 8.20000e-01, 8.10000e-01, 1.49087e+01, 7.45435e+02
8.20000e-01, 8.40000e-01, 8.30000e-01, 8.20528e+00, 4.10264e+02
8.40000e-01, 8.60000e-01, 8.50000e-01, 9.53019e-01, 4.76510e+01
8.60000e-01, 8.80000e-01, 8.70000e-01, 0.00000e+00, 0.00000e+00
8.80000e-01, 9.00000e-01, 8.90000e-01, 7.93992e+00, 3.96996e+02
9.00000e-01, 9.20000e-01, 9.10000e-01, 2.05988e+01, 1.02994e+03
9.20000e-01, 9.40000e-01, 9.30000e-01, 1.41318e+01, 7.06588e+02
9.40000e-01, 9.60000e-01, 9.50000e-01, 3.50061e+00, 1.75030e+02
9.60000e-01, 9.80000e-01, 9.70000e-01, 0.00000e+00, 0.00000e+00
9.80000e-01, 1.00000e+00, 9.90000e-01, 0.00000e+00, 0.00000e+00
1.00000e+00, 1.02000e+00, 1.01000e+00, 1.42728e+01, 7.13641e+02
1.02000e+00, 1.04000e+00, 1.03000e+00, 2.03488e+01, 1.01744e+03
1.04000e+00, 1.06000e+00, 1.05000e+00, 1.24248e+01, 6.21241e+02
1.06000e+00, 1.08000e+00, 1.07000e+00, 3.88836e+00, 1.94418e+02
1.08000e+00, 1.10000e+00, 1.09000e+00, 4.92643e-01, 2.46321e+01
1.10000e+00, 1.12000e+00, 1.11000e+00, 0.00000e+00, 0.00000e+00
1.12000e+00, 1.14000e+00, 1.13000e+00, 1.27839e+00, 6.39195e+01
1.14000e+00, 1.16000e+00, 1.15000e+00, 7.94140e+00, 3.97070e+02
1.16000e+00, 1.18000e+00, 1.17000e+00, 8.95207e+00, 4.47604e+02
1.18000e+00, 1.20000e+00, 1.19000e+00, 6.00118e+00, 3.00059e+02
1.20000e+00, 1.22000e+00, 1.21000e+00, 2.96716e+00, 1.48358e+02
1.22000e+00, 1.24000e+00, 1.23000e+00, 1.17165e+00, 5.85823e+01
1.24000e+00, 1.26000e+00, 1.25000e+00, 3.83708e-01, 1.91854e+01
1.26000e+00, 1.28000e+00, 1.27000e+00, 1.06328e-01, 5.31640e+00
1.28000e+00, 1.30000e+00, 1.29000e+00, 2.52018e-02, 1.26009e+00
1.30000e+00, 1.32000e+00, 1.31000e+00, 5.13588e-03, 2.56794e-01
1.32000e+00, 1.34000e+00, 1.33000e+00, 9.01022e-04, 4.50511e-02
1.34000e+00, 1.36000e+00, 1.35000e+00, 1.35810e-04, 6.79048e-03
1.36000e+00, 1.38000e+00, 1.37000e+00, 1.74987e-05, 8.74935e-04
1.38000e+00, 1.40000e+00, 1.39000e+00, 1.91132e-06, 9.55660e-05
1.40000e+00, 1.42000e+00, 1.41000e+00, 1.74799e-07, 8.73997e-06
1.42000e+00, 1.44000e+00, 1.43000e+00, 1.31495e-08, 6.57476e-07
1.44000e+00, 1.46000e+00, 1.45000e+00, 7.92997e-10, 3.96498e-08
1.46000e+00, 1.48000e+00, 1.47000e+00, 3.68823e-11, 1.84411e-09
1.48000e+00, 1.50000e+00, 1.49000e+00, 1.24259e-12, 6.21296e-11
1.50000e+00, 1.52000e+00, 1.51000e+00, 2.69984e-14, 1.34992e-12
1.52000e+00, 1.54000e+00, 1.53000e+00, 2.84217e-16, 1.42109e-14
1.54000e+00, 1.56000e+00, 1.55000e+00, 0.00000e+00, 0.00000e+00
1.56000e+00, 1.58000e+00, 1.57000e+00, 0.00000e+00, 0.00000e+00
1.58000e+00, 1.60000e+00, 1.59000e+00, 0.00000e+00, 0.00000e+00
1.60000e+00, 1.62000e+00, 1.61000e+00, 0.00000e+00, 0.00000e+00
1.62000e+00, 1.64000e+00, 1.63000e+00, 0.00000e+00, 0.00000e+00
1.64000e+00, 1.66000e+00, 1.65000e+00, 0.00000e+00, 0.00000e+00
1.66000e+00, 1.68000e+00, 1.67000e+00, 0.00000e+00, 0.00000e+00
1.68000e+00, 1.70000e+00, 1.69000e+00, 0.00000e+00, 0.00000e+00
1.70000e+00, 1.72000e+00, 1.71000e+00, 0.00000e+00, 0.00000e+00
1.72000e+00, 1.74000e+00, 1.73000e+00, 0.00000e+00, 0.00000e+00
1.74000e+00, 1.76000e+00, 1.75000e+00, 0.00000e+00, 0.00000e+00
1.76000e+00, 1.78000e+00, 1.77000e+00, 0.00000e+00, 0.00000e+00
1.78000e+00, 1.80000e+00, 1.79000e+00, 0.00000e+00, 0.00000e+00
1.80000e+00, 1.82000e+00, 1.81000e+00, 0.00000e+00, 0.00000e+00
1.82000e+00, 1.84000e+00, 1.83000e+00, 0.00000e+00, 0.00000e+00
1.84000e+00, 1.86000e+00, 1.85000e+00, 0.00000e+00, 0.00000e+00
1.86000e+00, 1.88000e+00, 1.87000e+00, 0.00000e+00, 0.00000e+00
1.88000e+00, 1.90000e+00, 1.89000e+00, 0.00000e+00, 0.00000e+00
1.90000e+00, 1.92000e+00, 1.91000e+00, 0.00000e+00, 0.00000e+00
1.92000e+00, 1.94000e+00, 1.93000e+00, 0.00000e+00, 0.00000e+00
1.94000e+00, 1.96000e+00, 1.95000e+00, 0.00000e+00, 0.00000e+00
1.96000e+00, 1.98000e+00, 1.97000e+00, 0.00000e+00, 0.00000e+00
1.98000e+00, 2.00000e+00, 1.99000e+00, 0.00000e+00, 0.00000e+00
