# time = 2.000000000000000e-02# start, end, pivot, particles, density
0.00000e+00, 4.82987e-08, 2.41493e-08, 2.25712e-31, 4.67325e-24
4.82987e-08, 1.06257e-07, 7.72779e-08, 5.02438e-30, 8.66895e-23
1.06257e-07, 1.75807e-07, 1.41032e-07, 3.39215e-29, 4.87728e-22
1.75807e-07, 2.59267e-07, 2.17537e-07, 1.45597e-28, 1.74451e-21
2.59267e-07, 3.59420e-07, 3.09343e-07, 4.96406e-28, 4.95651e-21
3.59420e-07, 4.79602e-07, 4.19511e-07, 1.47572e-27, 1.22790e-20
4.79602e-07, 6.23821e-07, 5.51712e-07, 4.01115e-27, 2.78129e-20
6.23821e-07, 7.96884e-07, 7.10353e-07, 1.02451e-26, 5.91986e-20
7.96884e-07, 1.00456e-06, 9.00722e-07, 2.50142e-26, 1.20449e-19
1.00456e-06, 1.25377e-06, 1.12917e-06, 5.90529e-26, 2.36960e-19
1.25377e-06, 1.55282e-06, 1.40330e-06, 1.35871e-25, 4.54339e-19
1.55282e-06, 1.91169e-06, 1.73225e-06, 3.06432e-25, 8.53897e-19
1.91169e-06, 2.34232e-06, 2.12700e-06, 6.80306e-25, 1.57977e-18
2.34232e-06, 2.85909e-06, 2.60070e-06, 1.49153e-24, 2.88629e-18
2.85909e-06, 3.47920e-06, 3.16914e-06, 3.23735e-24, 5.22055e-18
3.47920e-06, 4.22334e-06, 3.85127e-06, 6.96972e-24, 9.36615e-18
4.22334e-06, 5.11631e-06, 4.66982e-06, 1.49063e-23, 1.66930e-17
5.11631e-06, 6.18787e-06, 5.65209e-06, 3.17091e-23, 2.95915e-17
6.18787e-06, 7.47374e-06, 6.83080e-06, 6.71548e-23, 5.22251e-17
7.47374e-06, 9.01679e-06, 8.24526e-06, 1.41708e-22, 9.18363e-17
9.01679e-06, 1.08684e-05, 9.94261e-06, 2.98134e-22, 1.61009e-16
1.08684e-05, 1.30904e-05, 1.19794e-05, 6.25686e-22, 2.81589e-16
1.30904e-05, 1.57568e-05, 1.44236e-05, 1.31044e-21, 4.91466e-16
1.57568e-05, 1.89565e-05, 1.73566e-05, 2.73994e-21, 8.56323e-16
1.89565e-05, 2.27961e-05, 2.08763e-05, 5.72083e-21, 1.48996e-15
2.27961e-05, 2.74036e-05, 2.50998e-05, 1.19309e-20, 2.58944e-15
2.74036e-05, 3.29326e-05, 3.01681e-05, 2.48580e-20, 4.49592e-15
3.29326e-05, 3.95674e-05, 3.62500e-05, 5.17502e-20, 7.79979e-15
3.95674e-05, 4.75292e-05, 4.35483e-05, 1.07663e-19, 1.35225e-14
4.75292e-05, 5.70833e-05, 5.23063e-05, 2.23864e-19, 2.34311e-14
5.70833e-05, 6.85483e-05, 6.28158e-05, 4.65263e-19, 4.05813e-14
6.85483e-05, 8.23063e-05, 7.54273e-05, 9.66598e-19, 7.02574e-14
8.23063e-05, 9.88158e-05, 9.05610e-05, 2.00749e-18, 1.21596e-13
9.88158e-05, 1.18627e-04, 1.08722e-04, 4.16817e-18, 2.10392e-13
1.18627e-04, 1.42401e-04, 1.30514e-04, 8.65246e-18, 3.63950e-13
1.42401e-04, 1.70930e-04, 1.56665e-04, 1.79577e-17, 6.29466e-13
1.70930e-04, 2.05164e-04, 1.88047e-04, 3.72645e-17, 1.08852e-12
2.05164e-04, 2.46245e-04, 2.25704e-04, 7.73179e-17, 1.88208e-12
2.46245e-04, 2.95542e-04, 2.70893e-04, 1.60404e-16, 3.25382e-12
2.95542e-04, 3.54699e-04, 3.25120e-04, 3.32743e-16, 5.62478e-12
3.54699e-04, 4.25687e-04, 3.90193e-04, 6.90186e-16, 9.72256e-12
4.25687e-04, 5.10872e-04, 4.68280e-04, 1.43150e-15, 1.68044e-11
5.10872e-04, 6.13095e-04, 5.61984e-04, 2.96883e-15, 2.90428e-11
6.13095e-04, 7.35763e-04, 6.74429e-04, 6.15679e-15, 5.01909e-11
7.35763e-04, 8.82963e-04, 8.09363e-04, 1.27673e-14, 8.67336e-11
8.82963e-04, 1.05960e-03, 9.71284e-04, 2.64738e-14, 1.49873e-10
1.05960e-03, 1.27157e-03, 1.16559e-03, 5.48921e-14, 2.58963e-10
1.27157e-03, 1.52594e-03, 1.39876e-03, 1.13809e-13, 4.47429e-10
1.52594e-03, 1.83117e-03, 1.67855e-03, 2.35949e-13, 7.73006e-10
1.83117e-03, 2.19745e-03, 2.01431e-03, 4.89134e-13, 1.33540e-09
2.19745e-03, 2.63699e-03, 2.41722e-03, 1.01392e-12, 2.30677e-09
2.63699e-03, 3.16444e-03, 2.90072e-03, 2.10154e-12, 3.98437e-09
3.16444e-03, 3.79738e-03, 3.48091e-03, 4.35540e-12, 6.88126e-09
3.79738e-03, 4.55690e-03, 4.17714e-03, 9.02536e-12, 1.18829e-08
4.55690e-03, 5.46833e-03, 5.01262e-03, 1.86998e-11, 2.05171e-08
5.46833e-03, 6.56204e-03, 6.01519e-03, 3.87379e-11, 3.54186e-08
6.56204e-03, 7.87450e-03, 7.21827e-03, 8.02315e-11, 6.11307e-08
7.87450e-03, 9.44945e-03, 8.66198e-03, 1.66130e-10, 1.05483e-07
9.44945e-03, 1.13394e-02, 1.03944e-02, 3.43893e-10, 1.81960e-07
1.13394e-02, 1.36073e-02, 1.24734e-02, 7.11617e-10, 3.13774e-07
1.36073e-02, 1.63288e-02, 1.49681e-02, 1.47193e-09, 5.40851e-07
1.63288e-02, 1.95946e-02, 1.79617e-02, 3.04306e-09, 9.31793e-07
1.95946e-02, 2.35136e-02, 2.15541e-02, 6.28742e-09, 1.60435e-06
2.35136e-02, 2.82164e-02, 2.58650e-02, 1.29814e-08, 2.76036e-06
2.82164e-02, 3.38597e-02, 3.10381e-02, 2.67788e-08, 4.74522e-06
3.38597e-02, 4.06317e-02, 3.72457e-02, 5.51838e-08, 8.14882e-06
4.06317e-02, 4.87581e-02, 4.46949e-02, 1.13577e-07, 1.39763e-05
4.87581e-02, 5.85098e-02, 5.36339e-02, 2.33409e-07, 2.39353e-05
5.85098e-02, 7.02118e-02, 6.43608e-02, 4.78815e-07, 4.09173e-05
7.02118e-02, 8.42542e-02, 7.72330e-02, 9.80125e-07, 6.97975e-05
8.42542e-02, 1.01105e-01, 9.26796e-02, 2.00112e-06, 1.18755e-04
1.01105e-01, 1.21326e-01, 1.11216e-01, 4.07303e-06, 2.01425e-04
1.21326e-01, 1.45591e-01, 1.33459e-01, 8.25938e-06, 3.40379e-04
1.45591e-01, 1.74710e-01, 1.60151e-01, 1.66740e-05, 5.72628e-04
1.74710e-01, 2.09652e-01, 1.92181e-01, 3.34815e-05, 9.58203e-04
2.09652e-01, 2.51582e-01, 2.30617e-01, 6.68007e-05, 1.59313e-03
2.51582e-01, 3.01899e-01, 2.76740e-01, 1.32254e-04, 2.62845e-03
3.01899e-01, 3.62278e-01, 3.32088e-01, 2.59432e-04, 4.29667e-03
3.62278e-01, 4.34734e-01, 3.98506e-01, 5.03293e-04, 6.94622e-03
4.34734e-01, 5.21681e-01, 4.78207e-01, 9.63477e-04, 1.10812e-02
5.21681e-01, 6.26017e-01, 5.73849e-01, 1.81524e-03, 1.73980e-02
6.26017e-01, 7.51221e-01, 6.88619e-01, 3.35519e-03, 2.67979e-02
7.51221e-01, 9.01465e-01, 8.26343e-01, 6.06092e-03, 4.03404e-02
9.01465e-01, 1.08176e+00, 9.91611e-01, 1.06516e-02, 5.90796e-02
1.08176e+00, 1.29811e+00, 1.18993e+00, 1.81126e-02, 8.37182e-02
1.29811e+00, 1.55773e+00, 1.42792e+00, 2.96067e-02, 1.14038e-01
1.55773e+00, 1.86928e+00, 1.71350e+00, 4.61587e-02, 1.48160e-01
1.86928e+00, 2.24313e+00, 2.05621e+00, 6.80005e-02, 1.81890e-01
2.24313e+00, 2.69176e+00, 2.46745e+00, 9.36101e-02, 2.08659e-01
2.69176e+00, 3.23011e+00, 2.96094e+00, 1.18825e-01, 2.20720e-01
3.23011e+00, 3.87613e+00, 3.55312e+00, 1.36897e-01, 2.11908e-01
3.87613e+00, 4.65136e+00, 4.26375e+00, 1.40479e-01, 1.81210e-01
4.65136e+00, 5.58163e+00, 5.11650e+00, 1.25568e-01, 1.34979e-01
5.58163e+00, 6.69796e+00, 6.13980e+00, 9.52305e-02, 8.53070e-02
6.69796e+00, 8.03755e+00, 7.36776e+00, 5.94166e-02, 4.43542e-02
8.03755e+00, 9.64506e+00, 8.84131e+00, 2.94230e-02, 1.83035e-02
9.64506e+00, 1.15741e+01, 1.06096e+01, 1.10976e-02, 5.75301e-03
1.15741e+01, 1.38889e+01, 1.27315e+01, 3.04427e-03, 1.31512e-03
1.38889e+01, 1.66667e+01, 1.52778e+01, 5.77915e-04, 2.08049e-04
1.66667e+01, 2.00000e+01, 1.83333e+01, 2.66746e-05, 8.00238e-06
