# time = 9.500000000000001e-01# start, end, pivot, particles, density
0.00000e+00, 2.00000e-02, 1.00000e-02, 0.00000e+00, 0.00000e+00
2.00000e-02, 4.00000e-02, 3.00000e-02, 0.00000e+00, 0.00000e+00
4.00000e-02, 6.00000e-02, 5.00000e-02, 0.00000e+00, 0.00000e+00
6.00000e-02, 8.00000e-02, 7.00000e-02, 0.00000e+00, 0.00000e+00
8.00000e-02, 1.00000e-01, 9.00000e-02, 0.00000e+00, 0.00000e+00
1.00000e-01, 1.20000e-01, 1.10000e-01, 0.00000e+00, 0.00000e+00
1.20000e-01, 1.40000e-01, 1.30000e-01, 0.00000e+00, 0.00000e+00
1.40000e-01, 1.60000e-01, 1.50000e-01, 0.00000e+00, 0.00000e+00
1.60000e-01, 1.80000e-01, 1.70000e-01, 0.00000e+00, 0.00000e+00
1.80000e-01, 2.00000e-01, 1.90000e-01, 0.00000e+00, 0.00000e+00
2.00000e-01, 2.20000e-01, 2.10000e-01, 0.00000e+00, 0.00000e+00
2.20000e-01, 2.40000e-01, 2.30000e-01, 0.00000e+00, 0.00000e+00
2.40000e-01, 2.60000e-01, 2.50000e-01, 0.00000e+00, 0.00000e+00
2.60000e-01, 2.80000e-01, 2.70000e-01, 0.00000e+00, 0.00000e+00
2.80000e-01, 3.00000e-01, 2.90000e-01, 0.00000e+00, 0.00000e+00
3.00000e-01, 3.20000e-01, 3.10000e-01, 0.00000e+00, 0.00000e+00
3.20000e-01, 3.40000e-01, 3.30000e-01, 0.00000e+00, 0.00000e+00
3.40000e-01, 3.60000e-01, 3.50000e-01, 0.00000e+00, 0.00000e+00
3.60000e-01, 3.80000e-01, 3.70000e-01, 0.00000e+00, 0.00000e+00
3.80000e-01, 4.00000e-01, 3.90000e-01, 0.00000e+00, 0.00000e+00
4.00000e-01, 4.20000e-01, 4.10000e-01, 0.00000e+00, 0.00000e+00
4.20000e-01, 4.40000e-01, 4.30000e-01, 0.00000e+00, 0.00000e+00
4.40000e-01, 4.60000e-01, 4.50000e-01, 0.00000e+00, 0.00000e+00
4.60000e-01, 4.80000e-01, 4.70000e-01, 0.00000e+00, 0.00000e+00
4.80000e-01, 5.00000e-01, 4.90000e-01, 0.00000e+00, 0.00000e+00
5.00000e-01, 5.20000e-01, 5.10000e-01, 0.00000e+00, 0.00000e+00
5.20000e-01, 5.40000e-01, 5.30000e-01, 0.00000e+00, 0.00000e+00
5.40000e-01, 5.60000e-01, 5.50000e-01, 0.00000e+00, 0.00000e+00
5.60000e-01, 5.80000e-01, 5.70000e-01, 0.00000e+00, 0.00000e+00
5.80000e-01, 6.00000e-01, 5.90000e-01, 0.00000e+00, 0.00000e+00
6.00000e-01, 6.20000e-01, 6.10000e-01, 0.00000e+00, 0.00000e+00
6.20000e-01, 6.40000e-01, 6.30000e-01, 0.00000e+00, 0.00000e+00
6.40000e-01, 6.60000e-01, 6.50000e-01, 0.00000e+00, 0.00000e+00
6.60000e-01, 6.80000e-01, 6.70000e-01, 0.00000e+00, 0.00000e+00
6.80000e-01, 7.00000e-01, 6.90000e-01, 0.00000e+00, 0.00000e+00
7.00000e-01, 7.20000e-01, 7.10000e-01, 0.00000e+00, 0.00000e+00
7.20000e-01, 7.40000e-01, 7.30000e-01, 0.00000e+00, 0.00000e+00
7.40000e-01, 7.60000e-01, 7.50000e-01, 5.04871e-31, 2.52435e-29
7.60000e-01, 7.80000e-01, 7.70000e-01, 4.89725e-29, 2.44862e-27
7.80000e-01, 8.00000e-01, 7.90000e-01, 2.35118e-27, 1.17559e-25
8.00000e-01, 8.20000e-01, 8.10000e-01, 7.44871e-26, 3.72436e-24
8.20000e-01, 8.40000e-01, 8.30000e-01, 1.75165e-24, 8.75824e-23
8.40000e-01, 8.60000e-01, 8.50000e-01, 3.26114e-23, 1.63057e-21
8.60000e-01, 8.80000e-01, 8.70000e-01, 5.00651e-22, 2.50326e-20
8.80000e-01, 9.00000e-01, 8.90000e-01, 6.51831e-21, 3.25915e-19
9.00000e-01, 9.20000e-01, 9.10000e-01, 7.34647e-20, 3.67324e-18
9.20000e-01, 9.40000e-01, 9.30000e-01, 7.28052e-19, 3.64026e-17
9.40000e-01, 9.60000e-01, 9.50000e-01, 6.42296e-18, 3.21148e-16
9.60000e-01, 9.80000e-01, 9.70000e-01, 5.09468e-17, 2.54734e-15
9.80000e-01, 1.00000e+00, 9.90000e-01, 3.66324e-16, 1.83162e-14
1.00000e+00, 1.02000e+00, 1.01000e+00, 2.40414e-15, 1.20207e-13
1.02000e+00, 1.04000e+00, 1.03000e+00, 1.44855e-14, 7.24276e-13
1.04000e+00, 1.06000e+00, 1.05000e+00, 8.05303e-14, 4.02652e-12
1.06000e+00, 1.08000e+00, 1.07000e+00, 4.14882e-13, 2.07441e-11
1.08000e+00, 1.10000e+00, 1.09000e+00, 1.98830e-12, 9.94151e-11
1.10000e+00, 1.12000e+00, 1.11000e+00, 8.89387e-12, 4.44694e-10
1.12000e+00, 1.14000e+00, 1.13000e+00, 3.72430e-11, 1.86215e-09
1.14000e+00, 1.16000e+00, 1.15000e+00, 1.46387e-10, 7.31937e-09
1.16000e+00, 1.18000e+00, 1.17000e+00, 5.41386e-10, 2.70693e-08
1.18000e+00, 1.20000e+00, 1.19000e+00, 1.88797e-09, 9.43986e-08
1.20000e+00, 1.22000e+00, 1.21000e+00, 6.22046e-09, 3.11023e-07
1.22000e+00, 1.24000e+00, 1.23000e+00, 1.93985e-08, 9.69923e-07
1.24000e+00, 1.26000e+00, 1.25000e+00, 5.73511e-08, 2.86756e-06
1.26000e+00, 1.28000e+00, 1.27000e+00, 1.60991e-07, 8.04955e-06
1.28000e+00, 1.30000e+00, 1.29000e+00, 4.29687e-07, 2.14844e-05
1.30000e+00, 1.32000e+00, 1.31000e+00, 1.09183e-06, 5.45915e-05
1.32000e+00, 1.34000e+00, 1.33000e+00, 2.64444e-06, 1.32222e-04
1.34000e+00, 1.36000e+00, 1.35000e+00, 6.11195e-06, 3.05597e-04
1.36000e+00, 1.38000e+00, 1.37000e+00, 1.34944e-05, 6.74719e-04
1.38000e+00, 1.40000e+00, 1.39000e+00, 2.84899e-05, 1.42450e-03
1.40000e+00, 1.42000e+00, 1.41000e+00, 5.75722e-05, 2.87861e-03
1.42000e+00, 1.44000e+00, 1.43000e+00, 1.11460e-04, 5.57300e-03
1.44000e+00, 1.46000e+00, 1.45000e+00, 2.06918e-04, 1.03459e-02
1.46000e+00, 1.48000e+00, 1.47000e+00, 3.68667e-04, 1.84334e-02
1.48000e+00, 1.50000e+00, 1.49000e+00, 6.30962e-04, 3.15481e-02
1.50000e+00, 1.52000e+00, 1.51000e+00, 1.03821e-03, 5.19105e-02
1.52000e+00, 1.54000e+00, 1.53000e+00, 1.64386e-03, 8.21931e-02
1.54000e+00, 1.56000e+00, 1.55000e+00, 2.50691e-03, 1.25346e-01
1.56000e+00, 1.58000e+00, 1.57000e+00, 3.68572e-03, 1.84286e-01
1.58000e+00, 1.60000e+00, 1.59000e+00, 5.22939e-03, 2.61469e-01
1.60000e+00, 1.62000e+00, 1.61000e+00, 7.16795e-03, 3.58398e-01
1.62000e+00, 1.64000e+00, 1.63000e+00, 9.50304e-03, 4.75152e-01
1.64000e+00, 1.66000e+00, 1.65000e+00, 1.22014e-02, 6.10068e-01
1.66000e+00, 1.68000e+00, 1.67000e+00, 1.51930e-02, 7.59649e-01
1.68000e+00, 1.70000e+00, 1.69000e+00, 1.83756e-02, 9.18778e-01
1.70000e+00, 1.72000e+00, 1.71000e+00, 2.16244e-02, 1.08122e+00
1.72000e+00, 1.74000e+00, 1.73000e+00, 2.48070e-02, 1.24035e+00
1.74000e+00, 1.76000e+00, 1.75000e+00, 2.77986e-02, 1.38993e+00
1.76000e+00, 1.78000e+00, 1.77000e+00, 3.04968e-02, 1.52484e+00
1.78000e+00, 1.80000e+00, 1.79000e+00, 3.28316e-02, 1.64158e+00
1.80000e+00, 1.82000e+00, 1.81000e+00, 3.47695e-02, 1.73848e+00
1.82000e+00, 1.84000e+00, 1.83000e+00, 3.63116e-02, 1.81558e+00
1.84000e+00, 1.86000e+00, 1.85000e+00, 3.74870e-02, 1.87435e+00
1.86000e+00, 1.88000e+00, 1.87000e+00, 3.83426e-02, 1.91713e+00
1.88000e+00, 1.90000e+00, 1.89000e+00, 3.89333e-02, 1.94666e+00
1.90000e+00, 1.92000e+00, 1.91000e+00, 3.93115e-02, 1.96557e+00
1.92000e+00, 1.94000e+00, 1.93000e+00, 3.95199e-02, 1.97599e+00
1.94000e+00, 1.96000e+00, 1.95000e+00, 3.95862e-02, 1.97931e+00
1.96000e+00, 1.98000e+00, 1.97000e+00, 3.95199e-02, 1.97599e+00
1.98000e+00, 2.00000e+00, 1.99000e+00, 3.93115e-02, 1.96557e+00
2.00000e+00, 2.02000e+00, 2.01000e+00, 3.89333e-02, 1.94666e+00
2.02000e+00, 2.04000e+00, 2.03000e+00, 3.83426e-02, 1.91713e+00
2.04000e+00, 2.06000e+00, 2.05000e+00, 3.74870e-02, 1.87435e+00
2.06000e+00, 2.08000e+00, 2.07000e+00, 3.63116e-02, 1.81558e+00
2.08000e+00, 2.10000e+00, 2.09000e+00, 3.47695e-02, 1.73848e+00
2.10000e+00, 2.12000e+00, 2.11000e+00, 3.28316e-02, 1.64158e+00
2.12000e+00, 2.14000e+00, 2.13000e+00, 3.04968e-02, 1.52484e+00
2.14000e+00, 2.16000e+00, 2.15000e+00, 2.77986e-02, 1.38993e+00
2.16000e+00, 2.18000e+00, 2.17000e+00, 2.48070e-02, 1.24035e+00
2.18000e+00, 2.20000e+00, 2.19000e+00, 2.16244e-02, 1.08122e+00
2.20000e+00, 2.22000e+00, 2.21000e+00, 1.83756e-02, 9.18778e-01
2.22000e+00, 2.24000e+00, 2.23000e+00, 1.51930e-02, 7.59649e-01
2.24000e+00, 2.26000e+00, 2.25000e+00, 1.22014e-02, 6.10068e-01
2.26000e+00, 2.28000e+00, 2.27000e+00, 9.50304e-03, 4.75152e-01
2.28000e+00, 2.30000e+00, 2.29000e+00, 7.16795e-03, 3.58398e-01
2.30000e+00, 2.32000e+00, 2.31000e+00, 5.22939e-03, 2.61469e-01
2.32000e+00, 2.34000e+00, 2.33000e+00, 3.68572e-03, 1.84286e-01
2.34000e+00, 2.36000e+00, 2.35000e+00, 2.50691e-03, 1.25346e-01
2.36000e+00, 2.38000e+00, 2.37000e+00, 1.64386e-03, 8.21931e-02
2.38000e+00, 2.40000e+00, 2.39000e+00, 1.03821e-03, 5.19105e-02
2.40000e+00, 2.42000e+00, 2.41000e+00, 6.30962e-04, 3.15481e-02
2.42000e+00, 2.44000e+00, 2.43000e+00, 3.68667e-04, 1.84334e-02
2.44000e+00, 2.46000e+00, 2.45000e+00, 2.06918e-04, 1.03459e-02
2.46000e+00, 2.48000e+00, 2.47000e+00, 1.11460e-04, 5.57300e-03
2.48000e+00, 2.50000e+00, 2.49000e+00, 5.75722e-05, 2.87861e-03
2.50000e+00, 2.52000e+00, 2.51000e+00, 2.84899e-05, 1.42450e-03
2.52000e+00, 2.54000e+00, 2.53000e+00, 1.34944e-05, 6.74719e-04
2.54000e+00, 2.56000e+00, 2.55000e+00, 6.11195e-06, 3.05597e-04
2.56000e+00, 2.58000e+00, 2.57000e+00, 2.64444e-06, 1.32222e-04
2.58000e+00, 2.60000e+00, 2.59000e+00, 1.09183e-06, 5.45915e-05
2.60000e+00, 2.62000e+00, 2.61000e+00, 4.29687e-07, 2.14844e-05
2.62000e+00, 2.64000e+00, 2.63000e+00, 1.60991e-07, 8.04955e-06
2.64000e+00, 2.66000e+00, 2.65000e+00, 5.73511e-08, 2.86756e-06
2.66000e+00, 2.68000e+00, 2.67000e+00, 1.93985e-08, 9.69923e-07
2.68000e+00, 2.70000e+00, 2.69000e+00, 6.22046e-09, 3.11023e-07
2.70000e+00, 2.72000e+00, 2.71000e+00, 1.88797e-09, 9.43986e-08
2.72000e+00, 2.74000e+00, 2.73000e+00, 5.41386e-10, 2.70693e-08
2.74000e+00, 2.76000e+00, 2.75000e+00, 1.46387e-10, 7.31937e-09
2.76000e+00, 2.78000e+00, 2.77000e+00, 3.72430e-11, 1.86215e-09
2.78000e+00, 2.80000e+00, 2.79000e+00, 8.89387e-12, 4.44694e-10
2.80000e+00, 2.82000e+00, 2.81000e+00, 1.98830e-12, 9.94151e-11
2.82000e+00, 2.84000e+00, 2.83000e+00, 4.14882e-13, 2.07441e-11
2.84000e+00, 2.86000e+00, 2.85000e+00, 8.05303e-14, 4.02652e-12
2.86000e+00, 2.88000e+00, 2.87000e+00, 1.44855e-14, 7.24276e-13
2.88000e+00, 2.90000e+00, 2.89000e+00, 2.40414e-15, 1.20207e-13
2.90000e+00, 2.92000e+00, 2.91000e+00, 3.66324e-16, 1.83162e-14
2.92000e+00, 2.94000e+00, 2.93000e+00, 5.09468e-17, 2.54734e-15
2.94000e+00, 2.96000e+00, 2.95000e+00, 6.42296e-18, 3.21148e-16
2.96000e+00, 2.98000e+00, 2.97000e+00, 7.28052e-19, 3.64026e-17
2.98000e+00, 3.00000e+00, 2.99000e+00, 7.34647e-20, 3.67324e-18
3.00000e+00, 3.02000e+00, 3.01000e+00, 6.51831e-21, 3.25915e-19
3.02000e+00, 3.04000e+00, 3.03000e+00, 5.00651e-22, 2.50326e-20
3.04000e+00, 3.06000e+00, 3.05000e+00, 3.26114e-23, 1.63057e-21
3.06000e+00, 3.08000e+00, 3.07000e+00, 1.75165e-24, 8.75824e-23
3.08000e+00, 3.10000e+00, 3.09000e+00, 7.44871e-26, 3.72436e-24
3.10000e+00, 3.12000e+00, 3.11000e+00, 2.35118e-27, 1.17559e-25
3.12000e+00, 3.14000e+00, 3.13000e+00, 4.89725e-29, 2.44862e-27
3.14000e+00, 3.16000e+00, 3.15000e+00, 5.04871e-31, 2.52435e-29
3.16000e+00, 3.18000e+00, 3.17000e+00, 0.00000e+00, 0.00000e+00
3.18000e+00, 3.20000e+00, 3.19000e+00, 0.00000e+00, 0.00000e+00
3.20000e+00, 3.22000e+00, 3.21000e+00, 0.00000e+00, 0.00000e+00
3.22000e+00, 3.24000e+00, 3.23000e+00, 0.00000e+00, 0.00000e+00
3.24000e+00, 3.26000e+00, 3.25000e+00, 0.00000e+00, 0.00000e+00
3.26000e+00, 3.28000e+00, 3.27000e+00, 0.00000e+00, 0.00000e+00
3.28000e+00, 3.30000e+00, 3.29000e+00, 0.00000e+00, 0.00000e+00
3.30000e+00, 3.32000e+00, 3.31000e+00, 0.00000e+00, 0.00000e+00
3.32000e+00, 3.34000e+00, 3.33000e+00, 0.00000e+00, 0.00000e+00
3.34000e+00, 3.36000e+00, 3.35000e+00, 0.00000e+00, 0.00000e+00
3.36000e+00, 3.38000e+00, 3.37000e+00, 0.00000e+00, 0.00000e+00
3.38000e+00, 3.40000e+00, 3.39000e+00, 0.00000e+00, 0.00000e+00
3.40000e+00, 3.42000e+00, 3.41000e+00, 0.00000e+00, 0.00000e+00
3.42000e+00, 3.44000e+00, 3.43000e+00, 0.00000e+00, 0.00000e+00
3.44000e+00, 3.46000e+00, 3.45000e+00, 0.00000e+00, 0.00000e+00
3.46000e+00, 3.48000e+00, 3.47000e+00, 0.00000e+00, 0.00000e+00
3.48000e+00, 3.50000e+00, 3.49000e+00, 0.00000e+00, 0.00000e+00
3.50000e+00, 3.52000e+00, 3.51000e+00, 0.00000e+00, 0.00000e+00
3.52000e+00, 3.54000e+00, 3.53000e+00, 0.00000e+00, 0.00000e+00
3.54000e+00, 3.56000e+00, 3.55000e+00, 0.00000e+00, 0.00000e+00
3.56000e+00, 3.58000e+00, 3.57000e+00, 0.00000e+00, 0.00000e+00
3.58000e+00, 3.60000e+00, 3.59000e+00, 0.00000e+00, 0.00000e+00
3.60000e+00, 3.62000e+00, 3.61000e+00, 0.00000e+00, 0.00000e+00
3.62000e+00, 3.64000e+00, 3.63000e+00, 0.00000e+00, 0.00000e+00
3.64000e+00, 3.66000e+00, 3.65000e+00, 0.00000e+00, 0.00000e+00
3.66000e+00, 3.68000e+00, 3.67000e+00, 0.00000e+00, 0.00000e+00
3.68000e+00, 3.70000e+00, 3.69000e+00, 0.00000e+00, 0.00000e+00
3.70000e+00, 3.72000e+00, 3.71000e+00, 0.00000e+00, 0.00000e+00
3.72000e+00, 3.74000e+00, 3.73000e+00, 0.00000e+00, 0.00000e+00
3.74000e+00, 3.76000e+00, 3.75000e+00, 0.00000e+00, 0.00000e+00
3.76000e+00, 3.78000e+00, 3.77000e+00, 0.00000e+00, 0.00000e+00
3.78000e+00, 3.80000e+00, 3.79000e+00, 0.00000e+00, 0.00000e+00
3.80000e+00, 3.82000e+00, 3.81000e+00, 0.00000e+00, 0.00000e+00
3.82000e+00, 3.84000e+00, 3.83000e+00, 0.00000e+00, 0.00000e+00
3.84000e+00, 3.86000e+00, 3.85000e+00, 0.00000e+00, 0.00000e+00
3.86000e+00, 3.88000e+00, 3.87000e+00, 0.00000e+00, 0.00000e+00
3.88000e+00, 3.90000e+00, 3.89000e+00, 0.00000e+00, 0.00000e+00
3.90000e+00, 3.92000e+00, 3.91000e+00, 0.00000e+00, 0.00000e+00
3.92000e+00, 3.94000e+00, 3.93000e+00, 0.00000e+00, 0.00000e+00
3.94000e+00, 3.96000e+00, 3.95000e+00, 0.00000e+00, 0.00000e+00
3.96000e+00, 3.98000e+00, 3.97000e+00, 0.00000e+00, 0.00000e+00
3.98000e+00, 4.00000e+00, 3.99000e+00, 0.00000e+00, 0.00000e+00
