# time = 4.700000000000000e-01# start, end, pivot, particles, density
0.00000e+00, 2.00000e-02, 1.00000e-02, 0.00000e+00, 0.00000e+00
2.00000e-02, 4.00000e-02, 3.00000e-02, 0.00000e+00, 0.00000e+00
4.00000e-02, 6.00000e-02, 5.00000e-02, 0.00000e+00, 0.00000e+00
6.00000e-02, 8.00000e-02, 7.00000e-02, 0.00000e+00, 0.00000e+00
8.00000e-02, 1.00000e-01, 9.00000e-02, 0.00000e+00, 0.00000e+00
1.00000e-01, 1.20000e-01, 1.10000e-01, 0.00000e+00, 0.00000e+00
1.20000e-01, 1.40000e-01, 1.30000e-01, 0.00000e+00, 0.00000e+00
1.40000e-01, 1.60000e-01, 1.50000e-01, 0.00000e+00, 0.00000e+00
1.60000e-01, 1.80000e-01, 1.70000e-01, 0.00000e+00, 0.00000e+00
1.80000e-01, 2.00000e-01, 1.90000e-01, 0.00000e+00, 0.00000e+00
2.00000e-01, 2.20000e-01, 2.10000e-01, 0.00000e+00, 0.00000e+00
2.20000e-01, 2.40000e-01, 2.30000e-01, 0.00000e+00, 0.00000e+00
2.40000e-01, 2.60000e-01, 2.50000e-01, 0.00000e+00, 0.00000e+00
2.60000e-01, 2.80000e-01, 2.70000e-01, 0.00000e+00, 0.00000e+00
2.80000e-01, 3.00000e-01, 2.90000e-01, 0.00000e+00, 0.00000e+00
3.00000e-01, 3.20000e-01, 3.10000e-01, 0.00000e+00, 0.00000e+00
3.20000e-01, 3.40000e-01, 3.30000e-01, 0.00000e+00, 0.00000e+00
3.40000e-01, 3.60000e-01, 3.50000e-01, 0.00000e+00, 0.00000e+00
3.60000e-01, 3.80000e-01, 3.70000e-01, 0.00000e+00, 0.00000e+00
3.80000e-01, 4.00000e-01, 3.90000e-01, 0.00000e+00, 0.00000e+00
4.00000e-01, 4.20000e-01, 4.10000e-01, 0.00000e+00, 0.00000e+00
4.20000e-01, 4.40000e-01, 4.30000e-01, 0.00000e+00, 0.00000e+00
4.40000e-01, 4.60000e-01, 4.50000e-01, 0.00000e+00, 0.00000e+00
4.60000e-01, 4.80000e-01, 4.70000e-01, 0.00000e+00, 0.00000e+00
4.80000e-01, 5.00000e-01, 4.90000e-01, 0.00000e+00, 0.00000e+00
5.00000e-01, 5.20000e-01, 5.10000e-01, 0.00000e+00, 0.00000e+00
5.20000e-01, 5.40000e-01, 5.30000e-01, 0.00000e+00, 0.00000e+00
5.40000e-01, 5.60000e-01, 5.50000e-01, 0.00000e+00, 0.00000e+00
5.60000e-01, 5.80000e-01, 5.70000e-01, 0.00000e+00, 0.00000e+00
5.80000e-01, 6.00000e-01, 5.90000e-01, 0.00000e+00, 0.00000e+00
6.00000e-01, 6.20000e-01, 6.10000e-01, 0.00000e+00, 0.00000e+00
6.20000e-01, 6.40000e-01, 6.30000e-01, 0.00000e+00, 0.00000e+00
6.40000e-01, 6.60000e-01, 6.50000e-01, 0.00000e+00, 0.00000e+00
6.60000e-01, 6.80000e-01, 6.70000e-01, 0.00000e+00, 0.00000e+00
6.80000e-01, 7.00000e-01, 6.90000e-01, 0.00000e+00, 0.00000e+00
7.00000e-01, 7.20000e-01, 7.10000e-01, 0.00000e+00, 0.00000e+00
7.20000e-01, 7.40000e-01, 7.30000e-01, 0.00000e+00, 0.00000e+00
7.40000e-01, 7.60000e-01, 7.50000e-01, 0.00000e+00, 0.00000e+00
7.60000e-01, 7.80000e-01, 7.70000e-01, 0.00000e+00, 0.00000e+00
7.80000e-01, 8.00000e-01, 7.90000e-01, 0.00000e+00, 0.00000e+00
8.00000e-01, 8.20000e-01, 8.10000e-01, 0.00000e+00, 0.00000e+00
8.20000e-01, 8.40000e-01, 8.30000e-01, 0.00000e+00, 0.00000e+00
8.40000e-01, 8.60000e-01, 8.50000e-01, 0.00000e+00, 0.00000e+00
8.60000e-01, 8.80000e-01, 8.70000e-01, 0.00000e+00, 0.00000e+00
8.80000e-01, 9.00000e-01, 8.90000e-01, 0.00000e+00, 0.00000e+00
9.00000e-01, 9.20000e-01, 9.10000e-01, 0.00000e+00, 0.00000e+00
9.20000e-01, 9.40000e-01, 9.30000e-01, 0.00000e+00, 0.00000e+00
9.40000e-01, 9.60000e-01, 9.50000e-01, 0.00000e+00, 0.00000e+00
9.60000e-01, 9.80000e-01, 9.70000e-01, 0.00000e+00, 0.00000e+00
9.80000e-01, 1.00000e+00, 9.90000e-01, 0.00000e+00, 0.00000e+00
1.00000e+00, 1.02000e+00, 1.01000e+00, 0.00000e+00, 0.00000e+00
1.02000e+00, 1.04000e+00, 1.03000e+00, 5.68213e-03, 2.84107e-01
1.04000e+00, 1.06000e+00, 1.05000e+00, 5.07602e-03, 2.53801e-01
1.06000e+00, 1.08000e+00, 1.07000e+00, 0.00000e+00, 0.00000e+00
1.08000e+00, 1.10000e+00, 1.09000e+00, 3.73445e-02, 1.86722e+00
1.10000e+00, 1.12000e+00, 1.11000e+00, 8.55955e-02, 4.27978e+00
1.12000e+00, 1.14000e+00, 1.13000e+00, 1.15673e-02, 5.78367e-01
1.14000e+00, 1.16000e+00, 1.15000e+00, 0.00000e+00, 0.00000e+00
1.16000e+00, 1.18000e+00, 1.17000e+00, 1.28260e-01, 6.41302e+00
1.18000e+00, 1.20000e+00, 1.19000e+00, 1.08604e-01, 5.43018e+00
1.20000e+00, 1.22000e+00, 1.21000e+00, 0.00000e+00, 0.00000e+00
1.22000e+00, 1.24000e+00, 1.23000e+00, 3.11943e-02, 1.55972e+00
1.24000e+00, 1.26000e+00, 1.25000e+00, 1.73598e-01, 8.67989e+00
1.26000e+00, 1.28000e+00, 1.27000e+00, 1.26976e-01, 6.34878e+00
1.28000e+00, 1.30000e+00, 1.29000e+00, 8.53590e-03, 4.26795e-01
1.30000e+00, 1.32000e+00, 1.31000e+00, 5.24157e-05, 2.62079e-03
1.32000e+00, 1.34000e+00, 1.33000e+00, 1.66997e-01, 8.34987e+00
1.34000e+00, 1.36000e+00, 1.35000e+00, 2.02104e-01, 1.01052e+01
1.36000e+00, 1.38000e+00, 1.37000e+00, 8.00326e-02, 4.00163e+00
1.38000e+00, 1.40000e+00, 1.39000e+00, 0.00000e+00, 0.00000e+00
1.40000e+00, 1.42000e+00, 1.41000e+00, 2.24407e-02, 1.12204e+00
1.42000e+00, 1.44000e+00, 1.43000e+00, 1.74433e-01, 8.72163e+00
1.44000e+00, 1.46000e+00, 1.45000e+00, 2.19104e-01, 1.09552e+01
1.46000e+00, 1.48000e+00, 1.47000e+00, 1.34207e-01, 6.71033e+00
1.48000e+00, 1.50000e+00, 1.49000e+00, 3.73334e-02, 1.86667e+00
1.50000e+00, 1.52000e+00, 1.51000e+00, 0.00000e+00, 0.00000e+00
1.52000e+00, 1.54000e+00, 1.53000e+00, 6.15962e-03, 3.07981e-01
1.54000e+00, 1.56000e+00, 1.55000e+00, 9.01116e-02, 4.50558e+00
1.56000e+00, 1.58000e+00, 1.57000e+00, 1.47994e-01, 7.39970e+00
1.58000e+00, 1.60000e+00, 1.59000e+00, 1.43334e-01, 7.16671e+00
1.60000e+00, 1.62000e+00, 1.61000e+00, 1.03077e-01, 5.15384e+00
1.62000e+00, 1.64000e+00, 1.63000e+00, 5.99686e-02, 2.99843e+00
1.64000e+00, 1.66000e+00, 1.65000e+00, 2.94470e-02, 1.47235e+00
1.66000e+00, 1.68000e+00, 1.67000e+00, 1.25058e-02, 6.25292e-01
1.68000e+00, 1.70000e+00, 1.69000e+00, 4.66495e-03, 2.33248e-01
1.70000e+00, 1.72000e+00, 1.71000e+00, 1.54436e-03, 7.72180e-02
1.72000e+00, 1.74000e+00, 1.73000e+00, 4.57036e-04, 2.28518e-02
1.74000e+00, 1.76000e+00, 1.75000e+00, 1.21524e-04, 6.07620e-03
1.76000e+00, 1.78000e+00, 1.77000e+00, 2.91365e-05, 1.45682e-03
1.78000e+00, 1.80000e+00, 1.79000e+00, 6.31427e-06, 3.15714e-04
1.80000e+00, 1.82000e+00, 1.81000e+00, 1.23870e-06, 6.19351e-05
1.82000e+00, 1.84000e+00, 1.83000e+00, 2.20126e-07, 1.10063e-05
1.84000e+00, 1.86000e+00, 1.85000e+00, 3.54350e-08, 1.77175e-06
1.86000e+00, 1.88000e+00, 1.87000e+00, 5.16368e-09, 2.58184e-07
1.88000e+00, 1.90000e+00, 1.89000e+00, 6.80259e-10, 3.40130e-08
1.90000e+00, 1.92000e+00, 1.91000e+00, 8.08548e-11, 4.04274e-09
1.92000e+00, 1.94000e+00, 1.93000e+00, 8.64692e-12, 4.32346e-10
1.94000e+00, 1.96000e+00, 1.95000e+00, 8.29071e-13, 4.14536e-11
1.96000e+00, 1.98000e+00, 1.97000e+00, 7.09444e-14, 3.54722e-12
1.98000e+00, 2.00000e+00, 1.99000e+00, 5.38680e-15, 2.69340e-13
2.00000e+00, 2.02000e+00, 2.01000e+00, 3.59712e-16, 1.79856e-14
2.02000e+00, 2.04000e+00, 2.03000e+00, 1.99840e-17, 9.99201e-16
2.04000e+00, 2.06000e+00, 2.05000e+00, 0.00000e+00, 0.00000e+00
2.06000e+00, 2.08000e+00, 2.07000e+00, 0.00000e+00, 0.00000e+00
2.08000e+00, 2.10000e+00, 2.09000e+00, 0.00000e+00, 0.00000e+00
2.10000e+00, 2.12000e+00, 2.11000e+00, 0.00000e+00, 0.00000e+00
2.12000e+00, 2.14000e+00, 2.13000e+00, 0.00000e+00, 0.00000e+00
2.14000e+00, 2.16000e+00, 2.15000e+00, 0.00000e+00, 0.00000e+00
2.16000e+00, 2.18000e+00, 2.17000e+00, 0.00000e+00, 0.00000e+00
2.18000e+00, 2.20000e+00, 2.19000e+00, 0.00000e+00, 0.00000e+00
2.20000e+00, 2.22000e+00, 2.21000e+00, 0.00000e+00, 0.00000e+00
2.22000e+00, 2.24000e+00, 2.23000e+00, 0.00000e+00, 0.00000e+00
2.24000e+00, 2.26000e+00, 2.25000e+00, 0.00000e+00, 0.00000e+00
2.26000e+00, 2.28000e+00, 2.27000e+00, 0.00000e+00, 0.00000e+00
2.28000e+00, 2.30000e+00, 2.29000e+00, 0.00000e+00, 0.00000e+00
2.30000e+00, 2.32000e+00, 2.31000e+00, 0.00000e+00, 0.00000e+00
2.32000e+00, 2.34000e+00, 2.33000e+00, 0.00000e+00, 0.00000e+00
2.34000e+00, 2.36000e+00, 2.35000e+00, 0.00000e+00, 0.00000e+00
2.36000e+00, 2.38000e+00, 2.37000e+00, 0.00000e+00, 0.00000e+00
2.38000e+00, 2.40000e+00, 2.39000e+00, 0.00000e+00, 0.00000e+00
2.40000e+00, 2.42000e+00, 2.41000e+00, 0.00000e+00, 0.00000e+00
2.42000e+00, 2.44000e+00, 2.43000e+00, 0.00000e+00, 0.00000e+00
2.44000e+00, 2.46000e+00, 2.45000e+00, 0.00000e+00, 0.00000e+00
2.46000e+00, 2.48000e+00, 2.47000e+00, 0.00000e+00, 0.00000e+00
2.48000e+00, 2.50000e+00, 2.49000e+00, 0.00000e+00, 0.00000e+00
2.50000e+00, 2.52000e+00, 2.51000e+00, 0.00000e+00, 0.00000e+00
2.52000e+00, 2.54000e+00, 2.53000e+00, 0.00000e+00, 0.00000e+00
2.54000e+00, 2.56000e+00, 2.55000e+00, 0.00000e+00, 0.00000e+00
2.56000e+00, 2.58000e+00, 2.57000e+00, 0.00000e+00, 0.00000e+00
2.58000e+00, 2.60000e+00, 2.59000e+00, 0.00000e+00, 0.00000e+00
2.60000e+00, 2.62000e+00, 2.61000e+00, 0.00000e+00, 0.00000e+00
2.62000e+00, 2.64000e+00, 2.63000e+00, 0.00000e+00, 0.00000e+00
2.64000e+00, 2.66000e+00, 2.65000e+00, 0.00000e+00, 0.00000e+00
2.66000e+00, 2.68000e+00, 2.67000e+00, 0.00000e+00, 0.00000e+00
2.68000e+00, 2.70000e+00, 2.69000e+00, 0.00000e+00, 0.00000e+00
2.70000e+00, 2.72000e+00, 2.71000e+00, 0.00000e+00, 0.00000e+00
2.72000e+00, 2.74000e+00, 2.73000e+00, 0.00000e+00, 0.00000e+00
2.74000e+00, 2.76000e+00, 2.75000e+00, 0.00000e+00, 0.00000e+00
2.76000e+00, 2.78000e+00, 2.77000e+00, 0.00000e+00, 0.00000e+00
2.78000e+00, 2.80000e+00, 2.79000e+00, 0.00000e+00, 0.00000e+00
2.80000e+00, 2.82000e+00, 2.81000e+00, 0.00000e+00, 0.00000e+00
2.82000e+00, 2.84000e+00, 2.83000e+00, 0.00000e+00, 0.00000e+00
2.84000e+00, 2.86000e+00, 2.85000e+00, 0.00000e+00, 0.00000e+00
2.86000e+00, 2.88000e+00, 2.87000e+00, 0.00000e+00, 0.00000e+00
2.88000e+00, 2.90000e+00, 2.89000e+00, 0.00000e+00, 0.00000e+00
2.90000e+00, 2.92000e+00, 2.91000e+00, 0.00000e+00, 0.00000e+00
2.92000e+00, 2.94000e+00, 2.93000e+00, 0.00000e+00, 0.00000e+00
2.94000e+00, 2.96000e+00, 2.95000e+00, 0.00000e+00, 0.00000e+00
2.96000e+00, 2.98000e+00, 2.97000e+00, 0.00000e+00, 0.00000e+00
2.98000e+00, 3.00000e+00, 2.99000e+00, 0.00000e+00, 0.00000e+00
3.00000e+00, 3.02000e+00, 3.01000e+00, 0.00000e+00, 0.00000e+00
3.02000e+00, 3.04000e+00, 3.03000e+00, 0.00000e+00, 0.00000e+00
3.04000e+00, 3.06000e+00, 3.05000e+00, 0.00000e+00, 0.00000e+00
3.06000e+00, 3.08000e+00, 3.07000e+00, 0.00000e+00, 0.00000e+00
3.08000e+00, 3.10000e+00, 3.09000e+00, 0.00000e+00, 0.00000e+00
3.10000e+00, 3.12000e+00, 3.11000e+00, 0.00000e+00, 0.00000e+00
3.12000e+00, 3.14000e+00, 3.13000e+00, 0.00000e+00, 0.00000e+00
3.14000e+00, 3.16000e+00, 3.15000e+00, 0.00000e+00, 0.00000e+00
3.16000e+00, 3.18000e+00, 3.17000e+00, 0.00000e+00, 0.00000e+00
3.18000e+00, 3.20000e+00, 3.19000e+00, 0.00000e+00, 0.00000e+00
3.20000e+00, 3.22000e+00, 3.21000e+00, 0.00000e+00, 0.00000e+00
3.22000e+00, 3.24000e+00, 3.23000e+00, 0.00000e+00, 0.00000e+00
3.24000e+00, 3.26000e+00, 3.25000e+00, 0.00000e+00, 0.00000e+00
3.26000e+00, 3.28000e+00, 3.27000e+00, 0.00000e+00, 0.00000e+00
3.28000e+00, 3.30000e+00, 3.29000e+00, 0.00000e+00, 0.00000e+00
3.30000e+00, 3.32000e+00, 3.31000e+00, 0.00000e+00, 0.00000e+00
3.32000e+00, 3.34000e+00, 3.33000e+00, 0.00000e+00, 0.00000e+00
3.34000e+00, 3.36000e+00, 3.35000e+00, 0.00000e+00, 0.00000e+00
3.36000e+00, 3.38000e+00, 3.37000e+00, 0.00000e+00, 0.00000e+00
3.38000e+00, 3.40000e+00, 3.39000e+00, 0.00000e+00, 0.00000e+00
3.40000e+00, 3.42000e+00, 3.41000e+00, 0.00000e+00, 0.00000e+00
3.42000e+00, 3.44000e+00, 3.43000e+00, 0.00000e+00, 0.00000e+00
3.44000e+00, 3.46000e+00, 3.45000e+00, 0.00000e+00, 0.00000e+00
3.46000e+00, 3.48000e+00, 3.47000e+00, 0.00000e+00, 0.00000e+00
3.48000e+00, 3.50000e+00, 3.49000e+00, 0.00000e+00, 0.00000e+00
3.50000e+00, 3.52000e+00, 3.51000e+00, 0.00000e+00, 0.00000e+00
3.52000e+00, 3.54000e+00, 3.53000e+00, 0.00000e+00, 0.00000e+00
3.54000e+00, 3.56000e+00, 3.55000e+00, 0.00000e+00, 0.00000e+00
3.56000e+00, 3.58000e+00, 3.57000e+00, 0.00000e+00, 0.00000e+00
3.58000e+00, 3.60000e+00, 3.59000e+00, 0.00000e+00, 0.00000e+00
3.60000e+00, 3.62000e+00, 3.61000e+00, 0.00000e+00, 0.00000e+00
3.62000e+00, 3.64000e+00, 3.63000e+00, 0.00000e+00, 0.00000e+00
3.64000e+00, 3.66000e+00, 3.65000e+00, 0.00000e+00, 0.00000e+00
3.66000e+00, 3.68000e+00, 3.67000e+00, 0.00000e+00, 0.00000e+00
3.68000e+00, 3.70000e+00, 3.69000e+00, 0.00000e+00, 0.00000e+00
3.70000e+00, 3.72000e+00, 3.71000e+00, 0.00000e+00, 0.00000e+00
3.72000e+00, 3.74000e+00, 3.73000e+00, 0.00000e+00, 0.00000e+00
3.74000e+00, 3.76000e+00, 3.75000e+00, 0.00000e+00, 0.00000e+00
3.76000e+00, 3.78000e+00, 3.77000e+00, 0.00000e+00, 0.00000e+00
3.78000e+00, 3.80000e+00, 3.79000e+00, 0.00000e+00, 0.00000e+00
3.80000e+00, 3.82000e+00, 3.81000e+00, 0.00000e+00, 0.00000e+00
3.82000e+00, 3.84000e+00, 3.83000e+00, 0.00000e+00, 0.00000e+00
3.84000e+00, 3.86000e+00, 3.85000e+00, 0.00000e+00, 0.00000e+00
3.86000e+00, 3.88000e+00, 3.87000e+00, 0.00000e+00, 0.00000e+00
3.88000e+00, 3.90000e+00, 3.89000e+00, 0.00000e+00, 0.00000e+00
3.90000e+00, 3.92000e+00, 3.91000e+00, 0.00000e+00, 0.00000e+00
3.92000e+00, 3.94000e+00, 3.93000e+00, 0.00000e+00, 0.00000e+00
3.94000e+00, 3.96000e+00, 3.95000e+00, 0.00000e+00, 0.00000e+00
3.96000e+00, 3.98000e+00, 3.97000e+00, 0.00000e+00, 0.00000e+00
3.98000e+00, 4.00000e+00, 3.99000e+00, 0.00000e+00, 0.00000e+00
