# time = 6.200000000000000e-01# start, end, pivot, particles, density
0.00000e+00, 2.00000e-02, 1.00000e-02, 0.00000e+00, 0.00000e+00
2.00000e-02, 4.00000e-02, 3.00000e-02, 0.00000e+00, 0.00000e+00
4.00000e-02, 6.00000e-02, 5.00000e-02, 0.00000e+00, 0.00000e+00
6.00000e-02, 8.00000e-02, 7.00000e-02, 0.00000e+00, 0.00000e+00
8.00000e-02, 1.00000e-01, 9.00000e-02, 0.00000e+00, 0.00000e+00
1.00000e-01, 1.20000e-01, 1.10000e-01, 0.00000e+00, 0.00000e+00
1.20000e-01, 1.40000e-01, 1.30000e-01, 0.00000e+00, 0.00000e+00
1.40000e-01, 1.60000e-01, 1.50000e-01, 0.00000e+00, 0.00000e+00
1.60000e-01, 1.80000e-01, 1.70000e-01, 0.00000e+00, 0.00000e+00
1.80000e-01, 2.00000e-01, 1.90000e-01, 0.00000e+00, 0.00000e+00
2.00000e-01, 2.20000e-01, 2.10000e-01, 0.00000e+00, 0.00000e+00
2.20000e-01, 2.40000e-01, 2.30000e-01, 0.00000e+00, 0.00000e+00
2.40000e-01, 2.60000e-01, 2.50000e-01, 0.00000e+00, 0.00000e+00
2.60000e-01, 2.80000e-01, 2.70000e-01, 0.00000e+00, 0.00000e+00
2.80000e-01, 3.00000e-01, 2.90000e-01, 0.00000e+00, 0.00000e+00
3.00000e-01, 3.20000e-01, 3.10000e-01, 0.00000e+00, 0.00000e+00
3.20000e-01, 3.40000e-01, 3.30000e-01, 0.00000e+00, 0.00000e+00
3.40000e-01, 3.60000e-01, 3.50000e-01, 0.00000e+00, 0.00000e+00
3.60000e-01, 3.80000e-01, 3.70000e-01, 0.00000e+00, 0.00000e+00
3.80000e-01, 4.00000e-01, 3.90000e-01, 0.00000e+00, 0.00000e+00
4.00000e-01, 4.20000e-01, 4.10000e-01, 0.00000e+00, 0.00000e+00
4.20000e-01, 4.40000e-01, 4.30000e-01, 0.00000e+00, 0.00000e+00
4.40000e-01, 4.60000e-01, 4.50000e-01, 0.00000e+00, 0.00000e+00
4.60000e-01, 4.80000e-01, 4.70000e-01, 0.00000e+00, 0.00000e+00
4.80000e-01, 5.00000e-01, 4.90000e-01, 0.00000e+00, 0.00000e+00
5.00000e-01, 5.20000e-01, 5.10000e-01, 0.00000e+00, 0.00000e+00
5.20000e-01, 5.40000e-01, 5.30000e-01, 0.00000e+00, 0.00000e+00
5.40000e-01, 5.60000e-01, 5.50000e-01, 0.00000e+00, 0.00000e+00
5.60000e-01, 5.80000e-01, 5.70000e-01, 0.00000e+00, 0.00000e+00
5.80000e-01, 6.00000e-01, 5.90000e-01, 0.00000e+00, 0.00000e+00
6.00000e-01, 6.20000e-01, 6.10000e-01, 0.00000e+00, 0.00000e+00
6.20000e-01, 6.40000e-01, 6.30000e-01, 0.00000e+00, 0.00000e+00
6.40000e-01, 6.60000e-01, 6.50000e-01, 0.00000e+00, 0.00000e+00
6.60000e-01, 6.80000e-01, 6.70000e-01, 0.00000e+00, 0.00000e+00
6.80000e-01, 7.00000e-01, 6.90000e-01, 0.00000e+00, 0.00000e+00
7.00000e-01, 7.20000e-01, 7.10000e-01, 0.00000e+00, 0.00000e+00
7.20000e-01, 7.40000e-01, 7.30000e-01, 0.00000e+00, 0.00000e+00
7.40000e-01, 7.60000e-01, 7.50000e-01, 4.33681e-21, 2.16840e-19
7.60000e-01, 7.80000e-01, 7.70000e-01, 2.77556e-19, 1.38778e-17
7.80000e-01, 8.00000e-01, 7.90000e-01, 8.74734e-18, 4.37367e-16
8.00000e-01, 8.20000e-01, 8.10000e-01, 1.80966e-16, 9.04832e-15
8.20000e-01, 8.40000e-01, 8.30000e-01, 2.76425e-15, 1.38213e-13
8.40000e-01, 8.60000e-01, 8.50000e-01, 3.32470e-14, 1.66235e-12
8.60000e-01, 8.80000e-01, 8.70000e-01, 3.27914e-13, 1.63957e-11
8.80000e-01, 9.00000e-01, 8.90000e-01, 2.72734e-12, 1.36367e-10
9.00000e-01, 9.20000e-01, 9.10000e-01, 1.95233e-11, 9.76167e-10
9.20000e-01, 9.40000e-01, 9.30000e-01, 1.22166e-10, 6.10828e-09
9.40000e-01, 9.60000e-01, 9.50000e-01, 6.76434e-10, 3.38217e-08
9.60000e-01, 9.80000e-01, 9.70000e-01, 3.34700e-09, 1.67350e-07
9.80000e-01, 1.00000e+00, 9.90000e-01, 1.49194e-08, 7.45972e-07
1.00000e+00, 1.02000e+00, 1.01000e+00, 6.03190e-08, 3.01595e-06
1.02000e+00, 1.04000e+00, 1.03000e+00, 2.22460e-07, 1.11230e-05
1.04000e+00, 1.06000e+00, 1.05000e+00, 7.52122e-07, 3.76061e-05
1.06000e+00, 1.08000e+00, 1.07000e+00, 2.34111e-06, 1.17055e-04
1.08000e+00, 1.10000e+00, 1.09000e+00, 6.73419e-06, 3.36709e-04
1.10000e+00, 1.12000e+00, 1.11000e+00, 1.79609e-05, 8.98047e-04
1.12000e+00, 1.14000e+00, 1.13000e+00, 4.45506e-05, 2.22753e-03
1.14000e+00, 1.16000e+00, 1.15000e+00, 1.03048e-04, 5.15240e-03
1.16000e+00, 1.18000e+00, 1.17000e+00, 2.22828e-04, 1.11414e-02
1.18000e+00, 1.20000e+00, 1.19000e+00, 4.51499e-04, 2.25750e-02
1.20000e+00, 1.22000e+00, 1.21000e+00, 8.59131e-04, 4.29565e-02
1.22000e+00, 1.24000e+00, 1.23000e+00, 1.53852e-03, 7.69258e-02
1.24000e+00, 1.26000e+00, 1.25000e+00, 2.59836e-03, 1.29918e-01
1.26000e+00, 1.28000e+00, 1.27000e+00, 4.14736e-03, 2.07368e-01
1.28000e+00, 1.30000e+00, 1.29000e+00, 6.27006e-03, 3.13503e-01
1.30000e+00, 1.32000e+00, 1.31000e+00, 8.99925e-03, 4.49963e-01
1.32000e+00, 1.34000e+00, 1.33000e+00, 1.22931e-02, 6.14655e-01
1.34000e+00, 1.36000e+00, 1.35000e+00, 1.60261e-02, 8.01306e-01
1.36000e+00, 1.38000e+00, 1.37000e+00, 2.00000e-02, 1.00000e+00
1.38000e+00, 1.40000e+00, 1.39000e+00, 2.39739e-02, 1.19869e+00
1.40000e+00, 1.42000e+00, 1.41000e+00, 2.77069e-02, 1.38534e+00
1.42000e+00, 1.44000e+00, 1.43000e+00, 3.10007e-02, 1.55004e+00
1.44000e+00, 1.46000e+00, 1.45000e+00, 3.37299e-02, 1.68650e+00
1.46000e+00, 1.48000e+00, 1.47000e+00, 3.58526e-02, 1.79263e+00
1.48000e+00, 1.50000e+00, 1.49000e+00, 3.74016e-02, 1.87008e+00
1.50000e+00, 1.52000e+00, 1.51000e+00, 3.84614e-02, 1.92307e+00
1.52000e+00, 1.54000e+00, 1.53000e+00, 3.91406e-02, 1.95703e+00
1.54000e+00, 1.56000e+00, 1.55000e+00, 3.95477e-02, 1.97739e+00
1.56000e+00, 1.58000e+00, 1.57000e+00, 3.97748e-02, 1.98874e+00
1.58000e+00, 1.60000e+00, 1.59000e+00, 3.98902e-02, 1.99451e+00
1.60000e+00, 1.62000e+00, 1.61000e+00, 3.99375e-02, 1.99687e+00
1.62000e+00, 1.64000e+00, 1.63000e+00, 3.99375e-02, 1.99687e+00
1.64000e+00, 1.66000e+00, 1.65000e+00, 3.98902e-02, 1.99451e+00
1.66000e+00, 1.68000e+00, 1.67000e+00, 3.97748e-02, 1.98874e+00
1.68000e+00, 1.70000e+00, 1.69000e+00, 3.95477e-02, 1.97739e+00
1.70000e+00, 1.72000e+00, 1.71000e+00, 3.91406e-02, 1.95703e+00
1.72000e+00, 1.74000e+00, 1.73000e+00, 3.84614e-02, 1.92307e+00
1.74000e+00, 1.76000e+00, 1.75000e+00, 3.74016e-02, 1.87008e+00
1.76000e+00, 1.78000e+00, 1.77000e+00, 3.58526e-02, 1.79263e+00
1.78000e+00, 1.80000e+00, 1.79000e+00, 3.37299e-02, 1.68650e+00
1.80000e+00, 1.82000e+00, 1.81000e+00, 3.10007e-02, 1.55004e+00
1.82000e+00, 1.84000e+00, 1.83000e+00, 2.77069e-02, 1.38534e+00
1.84000e+00, 1.86000e+00, 1.85000e+00, 2.39739e-02, 1.19869e+00
1.86000e+00, 1.88000e+00, 1.87000e+00, 2.00000e-02, 1.00000e+00
1.88000e+00, 1.90000e+00, 1.89000e+00, 1.60261e-02, 8.01306e-01
1.90000e+00, 1.92000e+00, 1.91000e+00, 1.22931e-02, 6.14655e-01
1.92000e+00, 1.94000e+00, 1.93000e+00, 8.99925e-03, 4.49963e-01
1.94000e+00, 1.96000e+00, 1.95000e+00, 6.27006e-03, 3.13503e-01
1.96000e+00, 1.98000e+00, 1.97000e+00, 4.14736e-03, 2.07368e-01
1.98000e+00, 2.00000e+00, 1.99000e+00, 2.59836e-03, 1.29918e-01
2.00000e+00, 2.02000e+00, 2.01000e+00, 1.53852e-03, 7.69258e-02
2.02000e+00, 2.04000e+00, 2.03000e+00, 8.59131e-04, 4.29565e-02
2.04000e+00, 2.06000e+00, 2.05000e+00, 4.51499e-04, 2.25750e-02
2.06000e+00, 2.08000e+00, 2.07000e+00, 2.22828e-04, 1.11414e-02
2.08000e+00, 2.10000e+00, 2.09000e+00, 1.03048e-04, 5.15240e-03
2.10000e+00, 2.12000e+00, 2.11000e+00, 4.45506e-05, 2.22753e-03
2.12000e+00, 2.14000e+00, 2.13000e+00, 1.79609e-05, 8.98047e-04
2.14000e+00, 2.16000e+00, 2.15000e+00, 6.73419e-06, 3.36709e-04
2.16000e+00, 2.18000e+00, 2.17000e+00, 2.34111e-06, 1.17055e-04
2.18000e+00, 2.20000e+00, 2.19000e+00, 7.52122e-07, 3.76061e-05
2.20000e+00, 2.22000e+00, 2.21000e+00, 2.22460e-07, 1.11230e-05
2.22000e+00, 2.24000e+00, 2.23000e+00, 6.03190e-08, 3.01595e-06
2.24000e+00, 2.26000e+00, 2.25000e+00, 1.49194e-08, 7.45972e-07
2.26000e+00, 2.28000e+00, 2.27000e+00, 3.34700e-09, 1.67350e-07
2.28000e+00, 2.30000e+00, 2.29000e+00, 6.76434e-10, 3.38217e-08
2.30000e+00, 2.32000e+00, 2.31000e+00, 1.22166e-10, 6.10828e-09
2.32000e+00, 2.34000e+00, 2.33000e+00, 1.95233e-11, 9.76167e-10
2.34000e+00, 2.36000e+00, 2.35000e+00, 2.72734e-12, 1.36367e-10
2.36000e+00, 2.38000e+00, 2.37000e+00, 3.27914e-13, 1.63957e-11
2.38000e+00, 2.40000e+00, 2.39000e+00, 3.32470e-14, 1.66235e-12
2.40000e+00, 2.42000e+00, 2.41000e+00, 2.76425e-15, 1.38213e-13
2.42000e+00, 2.44000e+00, 2.43000e+00, 1.80966e-16, 9.04832e-15
2.44000e+00, 2.46000e+00, 2.45000e+00, 8.74734e-18, 4.37367e-16
2.46000e+00, 2.48000e+00, 2.47000e+00, 2.77556e-19, 1.38778e-17
2.48000e+00, 2.50000e+00, 2.49000e+00, 4.33681e-21, 2.16840e-19
2.50000e+00, 2.52000e+00, 2.51000e+00, 0.00000e+00, 0.00000e+00
2.52000e+00, 2.54000e+00, 2.53000e+00, 0.00000e+00, 0.00000e+00
2.54000e+00, 2.56000e+00, 2.55000e+00, 0.00000e+00, 0.00000e+00
2.56000e+00, 2.58000e+00, 2.57000e+00, 0.00000e+00, 0.00000e+00
2.58000e+00, 2.60000e+00, 2.59000e+00, 0.00000e+00, 0.00000e+00
2.60000e+00, 2.62000e+00, 2.61000e+00, 0.00000e+00, 0.00000e+00
2.62000e+00, 2.64000e+00, 2.63000e+00, 0.00000e+00, 0.00000e+00
2.64000e+00, 2.66000e+00, 2.65000e+00, 0.00000e+00, 0.00000e+00
2.66000e+00, 2.68000e+00, 2.67000e+00, 0.00000e+00, 0.00000e+00
2.68000e+00, 2.70000e+00, 2.69000e+00, 0.00000e+00, 0.00000e+00
2.70000e+00, 2.72000e+00, 2.71000e+00, 0.00000e+00, 0.00000e+00
2.72000e+00, 2.74000e+00, 2.73000e+00, 0.00000e+00, 0.00000e+00
2.74000e+00, 2.76000e+00, 2.75000e+00, 0.00000e+00, 0.00000e+00
2.76000e+00, 2.78000e+00, 2.77000e+00, 0.00000e+00, 0.00000e+00
2.78000e+00, 2.80000e+00, 2.79000e+00, 0.00000e+00, 0.00000e+00
2.80000e+00, 2.82000e+00, 2.81000e+00, 0.00000e+00, 0.00000e+00
2.82000e+00, 2.84000e+00, 2.83000e+00, 0.00000e+00, 0.00000e+00
2.84000e+00, 2.86000e+00, 2.85000e+00, 0.00000e+00, 0.00000e+00
2.86000e+00, 2.88000e+00, 2.87000e+00, 0.00000e+00, 0.00000e+00
2.88000e+00, 2.90000e+00, 2.89000e+00, 0.00000e+00, 0.00000e+00
2.90000e+00, 2.92000e+00, 2.91000e+00, 0.00000e+00, 0.00000e+00
2.92000e+00, 2.94000e+00, 2.93000e+00, 0.00000e+00, 0.00000e+00
2.94000e+00, 2.96000e+00, 2.95000e+00, 0.00000e+00, 0.00000e+00
2.96000e+00, 2.98000e+00, 2.97000e+00, 0.00000e+00, 0.00000e+00
2.98000e+00, 3.00000e+00, 2.99000e+00, 0.00000e+00, 0.00000e+00
3.00000e+00, 3.02000e+00, 3.01000e+00, 0.00000e+00, 0.00000e+00
3.02000e+00, 3.04000e+00, 3.03000e+00, 0.00000e+00, 0.00000e+00
3.04000e+00, 3.06000e+00, 3.05000e+00, 0.00000e+00, 0.00000e+00
3.06000e+00, 3.08000e+00, 3.07000e+00, 0.00000e+00, 0.00000e+00
3.08000e+00, 3.10000e+00, 3.09000e+00, 0.00000e+00, 0.00000e+00
3.10000e+00, 3.12000e+00, 3.11000e+00, 0.00000e+00, 0.00000e+00
3.12000e+00, 3.14000e+00, 3.13000e+00, 0.00000e+00, 0.00000e+00
3.14000e+00, 3.16000e+00, 3.15000e+00, 0.00000e+00, 0.00000e+00
3.16000e+00, 3.18000e+00, 3.17000e+00, 0.00000e+00, 0.00000e+00
3.18000e+00, 3.20000e+00, 3.19000e+00, 0.00000e+00, 0.00000e+00
3.20000e+00, 3.22000e+00, 3.21000e+00, 0.00000e+00, 0.00000e+00
3.22000e+00, 3.24000e+00, 3.23000e+00, 0.00000e+00, 0.00000e+00
3.24000e+00, 3.26000e+00, 3.25000e+00, 0.00000e+00, 0.00000e+00
3.26000e+00, 3.28000e+00, 3.27000e+00, 0.00000e+00, 0.00000e+00
3.28000e+00, 3.30000e+00, 3.29000e+00, 0.00000e+00, 0.00000e+00
3.30000e+00, 3.32000e+00, 3.31000e+00, 0.00000e+00, 0.00000e+00
3.32000e+00, 3.34000e+00, 3.33000e+00, 0.00000e+00, 0.00000e+00
3.34000e+00, 3.36000e+00, 3.35000e+00, 0.00000e+00, 0.00000e+00
3.36000e+00, 3.38000e+00, 3.37000e+00, 0.00000e+00, 0.00000e+00
3.38000e+00, 3.40000e+00, 3.39000e+00, 0.00000e+00, 0.00000e+00
3.40000e+00, 3.42000e+00, 3.41000e+00, 0.00000e+00, 0.00000e+00
3.42000e+00, 3.44000e+00, 3.43000e+00, 0.00000e+00, 0.00000e+00
3.44000e+00, 3.46000e+00, 3.45000e+00, 0.00000e+00, 0.00000e+00
3.46000e+00, 3.48000e+00, 3.47000e+00, 0.00000e+00, 0.00000e+00
3.48000e+00, 3.50000e+00, 3.49000e+00, 0.00000e+00, 0.00000e+00
3.50000e+00, 3.52000e+00, 3.51000e+00, 0.00000e+00, 0.00000e+00
3.52000e+00, 3.54000e+00, 3.53000e+00, 0.00000e+00, 0.00000e+00
3.54000e+00, 3.56000e+00, 3.55000e+00, 0.00000e+00, 0.00000e+00
3.56000e+00, 3.58000e+00, 3.57000e+00, 0.00000e+00, 0.00000e+00
3.58000e+00, 3.60000e+00, 3.59000e+00, 0.00000e+00, 0.00000e+00
3.60000e+00, 3.62000e+00, 3.61000e+00, 0.00000e+00, 0.00000e+00
3.62000e+00, 3.64000e+00, 3.63000e+00, 0.00000e+00, 0.00000e+00
3.64000e+00, 3.66000e+00, 3.65000e+00, 0.00000e+00, 0.00000e+00
3.66000e+00, 3.68000e+00, 3.67000e+00, 0.00000e+00, 0.00000e+00
3.68000e+00, 3.70000e+00, 3.69000e+00, 0.00000e+00, 0.00000e+00
3.70000e+00, 3.72000e+00, 3.71000e+00, 0.00000e+00, 0.00000e+00
3.72000e+00, 3.74000e+00, 3.73000e+00, 0.00000e+00, 0.00000e+00
3.74000e+00, 3.76000e+00, 3.75000e+00, 0.00000e+00, 0.00000e+00
3.76000e+00, 3.78000e+00, 3.77000e+00, 0.00000e+00, 0.00000e+00
3.78000e+00, 3.80000e+00, 3.79000e+00, 0.00000e+00, 0.00000e+00
3.80000e+00, 3.82000e+00, 3.81000e+00, 0.00000e+00, 0.00000e+00
3.82000e+00, 3.84000e+00, 3.83000e+00, 0.00000e+00, 0.00000e+00
3.84000e+00, 3.86000e+00, 3.85000e+00, 0.00000e+00, 0.00000e+00
3.86000e+00, 3.88000e+00, 3.87000e+00, 0.00000e+00, 0.00000e+00
3.88000e+00, 3.90000e+00, 3.89000e+00, 0.00000e+00, 0.00000e+00
3.90000e+00, 3.92000e+00, 3.91000e+00, 0.00000e+00, 0.00000e+00
3.92000e+00, 3.94000e+00, 3.93000e+00, 0.00000e+00, 0.00000e+00
3.94000e+00, 3.96000e+00, 3.95000e+00, 0.00000e+00, 0.00000e+00
3.96000e+00, 3.98000e+00, 3.97000e+00, 0.00000e+00, 0.00000e+00
3.98000e+00, 4.00000e+00, 3.99000e+00, 0.00000e+00, 0.00000e+00
