# time = 9.200000000000000e-01# start, end, pivot, particles, density
0.00000e+00, 2.00000e-02, 1.00000e-02, 0.00000e+00, 0.00000e+00
2.00000e-02, 4.00000e-02, 3.00000e-02, 0.00000e+00, 0.00000e+00
4.00000e-02, 6.00000e-02, 5.00000e-02, 0.00000e+00, 0.00000e+00
6.00000e-02, 8.00000e-02, 7.00000e-02, 0.00000e+00, 0.00000e+00
8.00000e-02, 1.00000e-01, 9.00000e-02, 0.00000e+00, 0.00000e+00
1.00000e-01, 1.20000e-01, 1.10000e-01, 0.00000e+00, 0.00000e+00
1.20000e-01, 1.40000e-01, 1.30000e-01, 0.00000e+00, 0.00000e+00
1.40000e-01, 1.60000e-01, 1.50000e-01, 0.00000e+00, 0.00000e+00
1.60000e-01, 1.80000e-01, 1.70000e-01, 0.00000e+00, 0.00000e+00
1.80000e-01, 2.00000e-01, 1.90000e-01, 0.00000e+00, 0.00000e+00
2.00000e-01, 2.20000e-01, 2.10000e-01, 0.00000e+00, 0.00000e+00
2.20000e-01, 2.40000e-01, 2.30000e-01, 0.00000e+00, 0.00000e+00
2.40000e-01, 2.60000e-01, 2.50000e-01, 0.00000e+00, 0.00000e+00
2.60000e-01, 2.80000e-01, 2.70000e-01, 0.00000e+00, 0.00000e+00
2.80000e-01, 3.00000e-01, 2.90000e-01, 0.00000e+00, 0.00000e+00
3.00000e-01, 3.20000e-01, 3.10000e-01, 0.00000e+00, 0.00000e+00
3.20000e-01, 3.40000e-01, 3.30000e-01, 0.00000e+00, 0.00000e+00
3.40000e-01, 3.60000e-01, 3.50000e-01, 0.00000e+00, 0.00000e+00
3.60000e-01, 3.80000e-01, 3.70000e-01, 0.00000e+00, 0.00000e+00
3.80000e-01, 4.00000e-01, 3.90000e-01, 0.00000e+00, 0.00000e+00
4.00000e-01, 4.20000e-01, 4.10000e-01, 0.00000e+00, 0.00000e+00
4.20000e-01, 4.40000e-01, 4.30000e-01, 0.00000e+00, 0.00000e+00
4.40000e-01, 4.60000e-01, 4.50000e-01, 0.00000e+00, 0.00000e+00
4.60000e-01, 4.80000e-01, 4.70000e-01, 0.00000e+00, 0.00000e+00
4.80000e-01, 5.00000e-01, 4.90000e-01, 0.00000e+00, 0.00000e+00
5.00000e-01, 5.20000e-01, 5.10000e-01, 0.00000e+00, 0.00000e+00
5.20000e-01, 5.40000e-01, 5.30000e-01, 0.00000e+00, 0.00000e+00
5.40000e-01, 5.60000e-01, 5.50000e-01, 0.00000e+00, 0.00000e+00
5.60000e-01, 5.80000e-01, 5.70000e-01, 0.00000e+00, 0.00000e+00
5.80000e-01, 6.00000e-01, 5.90000e-01, 0.00000e+00, 0.00000e+00
6.00000e-01, 6.20000e-01, 6.10000e-01, 0.00000e+00, 0.00000e+00
6.20000e-01, 6.40000e-01, 6.30000e-01, 0.00000e+00, 0.00000e+00
6.40000e-01, 6.60000e-01, 6.50000e-01, 0.00000e+00, 0.00000e+00
6.60000e-01, 6.80000e-01, 6.70000e-01, 0.00000e+00, 0.00000e+00
6.80000e-01, 7.00000e-01, 6.90000e-01, 0.00000e+00, 0.00000e+00
7.00000e-01, 7.20000e-01, 7.10000e-01, 0.00000e+00, 0.00000e+00
7.20000e-01, 7.40000e-01, 7.30000e-01, 0.00000e+00, 0.00000e+00
7.40000e-01, 7.60000e-01, 7.50000e-01, 0.00000e+00, 0.00000e+00
7.60000e-01, 7.80000e-01, 7.70000e-01, 0.00000e+00, 0.00000e+00
7.80000e-01, 8.00000e-01, 7.90000e-01, 0.00000e+00, 0.00000e+00
8.00000e-01, 8.20000e-01, 8.10000e-01, 0.00000e+00, 0.00000e+00
8.20000e-01, 8.40000e-01, 8.30000e-01, 0.00000e+00, 0.00000e+00
8.40000e-01, 8.60000e-01, 8.50000e-01, 0.00000e+00, 0.00000e+00
8.60000e-01, 8.80000e-01, 8.70000e-01, 0.00000e+00, 0.00000e+00
8.80000e-01, 9.00000e-01, 8.90000e-01, 0.00000e+00, 0.00000e+00
9.00000e-01, 9.20000e-01, 9.10000e-01, 0.00000e+00, 0.00000e+00
9.20000e-01, 9.40000e-01, 9.30000e-01, 0.00000e+00, 0.00000e+00
9.40000e-01, 9.60000e-01, 9.50000e-01, 0.00000e+00, 0.00000e+00
9.60000e-01, 9.80000e-01, 9.70000e-01, 0.00000e+00, 0.00000e+00
9.80000e-01, 1.00000e+00, 9.90000e-01, 0.00000e+00, 0.00000e+00
1.00000e+00, 1.02000e+00, 1.01000e+00, 0.00000e+00, 0.00000e+00
1.02000e+00, 1.04000e+00, 1.03000e+00, 0.00000e+00, 0.00000e+00
1.04000e+00, 1.06000e+00, 1.05000e+00, 0.00000e+00, 0.00000e+00
1.06000e+00, 1.08000e+00, 1.07000e+00, 0.00000e+00, 0.00000e+00
1.08000e+00, 1.10000e+00, 1.09000e+00, 0.00000e+00, 0.00000e+00
1.10000e+00, 1.12000e+00, 1.11000e+00, 0.00000e+00, 0.00000e+00
1.12000e+00, 1.14000e+00, 1.13000e+00, 0.00000e+00, 0.00000e+00
1.14000e+00, 1.16000e+00, 1.15000e+00, 0.00000e+00, 0.00000e+00
1.16000e+00, 1.18000e+00, 1.17000e+00, 1.11623e-01, 5.58116e+00
1.18000e+00, 1.20000e+00, 1.19000e+00, 2.71094e-01, 1.35547e+01
1.20000e+00, 1.22000e+00, 1.21000e+00, 8.61129e-02, 4.30565e+00
1.22000e+00, 1.24000e+00, 1.23000e+00, 0.00000e+00, 0.00000e+00
1.24000e+00, 1.26000e+00, 1.25000e+00, 7.83820e-01, 3.91910e+01
1.26000e+00, 1.28000e+00, 1.27000e+00, 3.75237e+00, 1.87618e+02
1.28000e+00, 1.30000e+00, 1.29000e+00, 2.02057e+00, 1.01029e+02
1.30000e+00, 1.32000e+00, 1.31000e+00, 0.00000e+00, 0.00000e+00
1.32000e+00, 1.34000e+00, 1.33000e+00, 5.37886e-01, 2.68943e+01
1.34000e+00, 1.36000e+00, 1.35000e+00, 7.08252e+00, 3.54126e+02
1.36000e+00, 1.38000e+00, 1.37000e+00, 4.88207e+00, 2.44104e+02
1.38000e+00, 1.40000e+00, 1.39000e+00, 5.91283e-01, 2.95642e+01
1.40000e+00, 1.42000e+00, 1.41000e+00, 0.00000e+00, 0.00000e+00
1.42000e+00, 1.44000e+00, 1.43000e+00, 4.82696e+00, 2.41348e+02
1.44000e+00, 1.46000e+00, 1.45000e+00, 1.12598e+01, 5.62988e+02
1.46000e+00, 1.48000e+00, 1.47000e+00, 5.95097e+00, 2.97548e+02
1.48000e+00, 1.50000e+00, 1.49000e+00, 5.88228e-01, 2.94114e+01
1.50000e+00, 1.52000e+00, 1.51000e+00, 0.00000e+00, 0.00000e+00
1.52000e+00, 1.54000e+00, 1.53000e+00, 6.09959e+00, 3.04979e+02
1.54000e+00, 1.56000e+00, 1.55000e+00, 1.53230e+01, 7.66151e+02
1.56000e+00, 1.58000e+00, 1.57000e+00, 1.03917e+01, 5.19585e+02
1.58000e+00, 1.60000e+00, 1.59000e+00, 2.66325e+00, 1.33163e+02
1.60000e+00, 1.62000e+00, 1.61000e+00, 0.00000e+00, 0.00000e+00
1.62000e+00, 1.64000e+00, 1.63000e+00, 0.00000e+00, 0.00000e+00
1.64000e+00, 1.66000e+00, 1.65000e+00, 1.02425e+01, 5.12125e+02
1.66000e+00, 1.68000e+00, 1.67000e+00, 1.53729e+01, 7.68644e+02
1.68000e+00, 1.70000e+00, 1.69000e+00, 9.83018e+00, 4.91509e+02
1.70000e+00, 1.72000e+00, 1.71000e+00, 3.20772e+00, 1.60386e+02
1.72000e+00, 1.74000e+00, 1.73000e+00, 4.19268e-01, 2.09634e+01
1.74000e+00, 1.76000e+00, 1.75000e+00, 0.00000e+00, 0.00000e+00
1.76000e+00, 1.78000e+00, 1.77000e+00, 6.64334e-01, 3.32167e+01
1.78000e+00, 1.80000e+00, 1.79000e+00, 5.96031e+00, 2.98015e+02
1.80000e+00, 1.82000e+00, 1.81000e+00, 7.09081e+00, 3.54541e+02
1.82000e+00, 1.84000e+00, 1.83000e+00, 4.88061e+00, 2.44031e+02
1.84000e+00, 1.86000e+00, 1.85000e+00, 2.45814e+00, 1.22907e+02
1.86000e+00, 1.88000e+00, 1.87000e+00, 9.85557e-01, 4.92779e+01
1.88000e+00, 1.90000e+00, 1.89000e+00, 3.27201e-01, 1.63601e+01
1.90000e+00, 1.92000e+00, 1.91000e+00, 9.18361e-02, 4.59180e+00
1.92000e+00, 1.94000e+00, 1.93000e+00, 2.20357e-02, 1.10179e+00
1.94000e+00, 1.96000e+00, 1.95000e+00, 4.54463e-03, 2.27231e-01
1.96000e+00, 1.98000e+00, 1.97000e+00, 8.06701e-04, 4.03351e-02
1.98000e+00, 2.00000e+00, 1.99000e+00, 1.23007e-04, 6.15036e-03
2.00000e+00, 2.02000e+00, 2.01000e+00, 1.60314e-05, 8.01571e-04
2.02000e+00, 2.04000e+00, 2.03000e+00, 1.77098e-06, 8.85492e-05
2.04000e+00, 2.06000e+00, 2.05000e+00, 1.63791e-07, 8.18953e-06
2.06000e+00, 2.08000e+00, 2.07000e+00, 1.24589e-08, 6.22946e-07
2.08000e+00, 2.10000e+00, 2.09000e+00, 7.59658e-10, 3.79829e-08
2.10000e+00, 2.12000e+00, 2.11000e+00, 3.57187e-11, 1.78593e-09
2.12000e+00, 2.14000e+00, 2.13000e+00, 1.21644e-12, 6.08218e-11
2.14000e+00, 2.16000e+00, 2.15000e+00, 2.67120e-14, 1.33560e-12
2.16000e+00, 2.18000e+00, 2.17000e+00, 2.84217e-16, 1.42109e-14
2.18000e+00, 2.20000e+00, 2.19000e+00, 0.00000e+00, 0.00000e+00
2.20000e+00, 2.22000e+00, 2.21000e+00, 0.00000e+00, 0.00000e+00
2.22000e+00, 2.24000e+00, 2.23000e+00, 0.00000e+00, 0.00000e+00
2.24000e+00, 2.26000e+00, 2.25000e+00, 0.00000e+00, 0.00000e+00
2.26000e+00, 2.28000e+00, 2.27000e+00, 0.00000e+00, 0.00000e+00
2.28000e+00, 2.30000e+00, 2.29000e+00, 0.00000e+00, 0.00000e+00
2.30000e+00, 2.32000e+00, 2.31000e+00, 0.00000e+00, 0.00000e+00
2.32000e+00, 2.34000e+00, 2.33000e+00, 0.00000e+00, 0.00000e+00
2.34000e+00, 2.36000e+00, 2.35000e+00, 0.00000e+00, 0.00000e+00
2.36000e+00, 2.38000e+00, 2.37000e+00, 0.00000e+00, 0.00000e+00
2.38000e+00, 2.40000e+00, 2.39000e+00, 0.00000e+00, 0.00000e+00
2.40000e+00, 2.42000e+00, 2.41000e+00, 0.00000e+00, 0.00000e+00
2.42000e+00, 2.44000e+00, 2.43000e+00, 0.00000e+00, 0.00000e+00
2.44000e+00, 2.46000e+00, 2.45000e+00, 0.00000e+00, 0.00000e+00
2.46000e+00, 2.48000e+00, 2.47000e+00, 0.00000e+00, 0.00000e+00
2.48000e+00, 2.50000e+00, 2.49000e+00, 0.00000e+00, 0.00000e+00
2.50000e+00, 2.52000e+00, 2.51000e+00, 0.00000e+00, 0.00000e+00
2.52000e+00, 2.54000e+00, 2.53000e+00, 0.00000e+00, 0.00000e+00
2.54000e+00, 2.56000e+00, 2.55000e+00, 0.00000e+00, 0.00000e+00
2.56000e+00, 2.58000e+00, 2.57000e+00, 0.00000e+00, 0.00000e+00
2.58000e+00, 2.60000e+00, 2.59000e+00, 0.00000e+00, 0.00000e+00
2.60000e+00, 2.62000e+00, 2.61000e+00, 0.00000e+00, 0.00000e+00
2.62000e+00, 2.64000e+00, 2.63000e+00, 0.00000e+00, 0.00000e+00
2.64000e+00, 2.66000e+00, 2.65000e+00, 0.00000e+00, 0.00000e+00
2.66000e+00, 2.68000e+00, 2.67000e+00, 0.00000e+00, 0.00000e+00
2.68000e+00, 2.70000e+00, 2.69000e+00, 0.00000e+00, 0.00000e+00
2.70000e+00, 2.72000e+00, 2.71000e+00, 0.00000e+00, 0.00000e+00
2.72000e+00, 2.74000e+00, 2.73000e+00, 0.00000e+00, 0.00000e+00
2.74000e+00, 2.76000e+00, 2.75000e+00, 0.00000e+00, 0.00000e+00
2.76000e+00, 2.78000e+00, 2.77000e+00, 0.00000e+00, 0.00000e+00
2.78000e+00, 2.80000e+00, 2.79000e+00, 0.00000e+00, 0.00000e+00
2.80000e+00, 2.82000e+00, 2.81000e+00, 0.00000e+00, 0.00000e+00
2.82000e+00, 2.84000e+00, 2.83000e+00, 0.00000e+00, 0.00000e+00
2.84000e+00, 2.86000e+00, 2.85000e+00, 0.00000e+00, 0.00000e+00
2.86000e+00, 2.88000e+00, 2.87000e+00, 0.00000e+00, 0.00000e+00
2.88000e+00, 2.90000e+00, 2.89000e+00, 0.00000e+00, 0.00000e+00
2.90000e+00, 2.92000e+00, 2.91000e+00, 0.00000e+00, 0.00000e+00
2.92000e+00, 2.94000e+00, 2.93000e+00, 0.00000e+00, 0.00000e+00
2.94000e+00, 2.96000e+00, 2.95000e+00, 0.00000e+00, 0.00000e+00
2.96000e+00, 2.98000e+00, 2.97000e+00, 0.00000e+00, 0.00000e+00
2.98000e+00, 3.00000e+00, 2.99000e+00, 0.00000e+00, 0.00000e+00
3.00000e+00, 3.02000e+00, 3.01000e+00, 0.00000e+00, 0.00000e+00
3.02000e+00, 3.04000e+00, 3.03000e+00, 0.00000e+00, 0.00000e+00
3.04000e+00, 3.06000e+00, 3.05000e+00, 0.00000e+00, 0.00000e+00
3.06000e+00, 3.08000e+00, 3.07000e+00, 0.00000e+00, 0.00000e+00
3.08000e+00, 3.10000e+00, 3.09000e+00, 0.00000e+00, 0.00000e+00
3.10000e+00, 3.12000e+00, 3.11000e+00, 0.00000e+00, 0.00000e+00
3.12000e+00, 3.14000e+00, 3.13000e+00, 0.00000e+00, 0.00000e+00
3.14000e+00, 3.16000e+00, 3.15000e+00, 0.00000e+00, 0.00000e+00
3.16000e+00, 3.18000e+00, 3.17000e+00, 0.00000e+00, 0.00000e+00
3.18000e+00, 3.20000e+00, 3.19000e+00, 0.00000e+00, 0.00000e+00
3.20000e+00, 3.22000e+00, 3.21000e+00, 0.00000e+00, 0.00000e+00
3.22000e+00, 3.24000e+00, 3.23000e+00, 0.00000e+00, 0.00000e+00
3.24000e+00, 3.26000e+00, 3.25000e+00, 0.00000e+00, 0.00000e+00
3.26000e+00, 3.28000e+00, 3.27000e+00, 0.00000e+00, 0.00000e+00
3.28000e+00, 3.30000e+00, 3.29000e+00, 0.00000e+00, 0.00000e+00
3.30000e+00, 3.32000e+00, 3.31000e+00, 0.00000e+00, 0.00000e+00
3.32000e+00, 3.34000e+00, 3.33000e+00, 0.00000e+00, 0.00000e+00
3.34000e+00, 3.36000e+00, 3.35000e+00, 0.00000e+00, 0.00000e+00
3.36000e+00, 3.38000e+00, 3.37000e+00, 0.00000e+00, 0.00000e+00
3.38000e+00, 3.40000e+00, 3.39000e+00, 0.00000e+00, 0.00000e+00
3.40000e+00, 3.42000e+00, 3.41000e+00, 0.00000e+00, 0.00000e+00
3.42000e+00, 3.44000e+00, 3.43000e+00, 0.00000e+00, 0.00000e+00
3.44000e+00, 3.46000e+00, 3.45000e+00, 0.00000e+00, 0.00000e+00
3.46000e+00, 3.48000e+00, 3.47000e+00, 0.00000e+00, 0.00000e+00
3.48000e+00, 3.50000e+00, 3.49000e+00, 0.00000e+00, 0.00000e+00
3.50000e+00, 3.52000e+00, 3.51000e+00, 0.00000e+00, 0.00000e+00
3.52000e+00, 3.54000e+00, 3.53000e+00, 0.00000e+00, 0.00000e+00
3.54000e+00, 3.56000e+00, 3.55000e+00, 0.00000e+00, 0.00000e+00
3.56000e+00, 3.58000e+00, 3.57000e+00, 0.00000e+00, 0.00000e+00
3.58000e+00, 3.60000e+00, 3.59000e+00, 0.00000e+00, 0.00000e+00
3.60000e+00, 3.62000e+00, 3.61000e+00, 0.00000e+00, 0.00000e+00
3.62000e+00, 3.64000e+00, 3.63000e+00, 0.00000e+00, 0.00000e+00
3.64000e+00, 3.66000e+00, 3.65000e+00, 0.00000e+00, 0.00000e+00
3.66000e+00, 3.68000e+00, 3.67000e+00, 0.00000e+00, 0.00000e+00
3.68000e+00, 3.70000e+00, 3.69000e+00, 0.00000e+00, 0.00000e+00
3.70000e+00, 3.72000e+00, 3.71000e+00, 0.00000e+00, 0.00000e+00
3.72000e+00, 3.74000e+00, 3.73000e+00, 0.00000e+00, 0.00000e+00
3.74000e+00, 3.76000e+00, 3.75000e+00, 0.00000e+00, 0.00000e+00
3.76000e+00, 3.78000e+00, 3.77000e+00, 0.00000e+00, 0.00000e+00
3.78000e+00, 3.80000e+00, 3.79000e+00, 0.00000e+00, 0.00000e+00
3.80000e+00, 3.82000e+00, 3.81000e+00, 0.00000e+00, 0.00000e+00
3.82000e+00, 3.84000e+00, 3.83000e+00, 0.00000e+00, 0.00000e+00
3.84000e+00, 3.86000e+00, 3.85000e+00, 0.00000e+00, 0.00000e+00
3.86000e+00, 3.88000e+00, 3.87000e+00, 0.00000e+00, 0.00000e+00
3.88000e+00, 3.90000e+00, 3.89000e+00, 0.00000e+00, 0.00000e+00
3.90000e+00, 3.92000e+00, 3.91000e+00, 0.00000e+00, 0.00000e+00
3.92000e+00, 3.94000e+00, 3.93000e+00, 0.00000e+00, 0.00000e+00
3.94000e+00, 3.96000e+00, 3.95000e+00, 0.00000e+00, 0.00000e+00
3.96000e+00, 3.98000e+00, 3.97000e+00, 0.00000e+00, 0.00000e+00
3.98000e+00, 4.00000e+00, 3.99000e+00, 0.00000e+00, 0.00000e+00
