# time = 7.090909090909091e-01# start, end, pivot, particles, density
0.00000e+00, 2.00000e-02, 1.00000e-02, 0.00000e+00, 0.00000e+00
2.00000e-02, 4.00000e-02, 3.00000e-02, 0.00000e+00, 0.00000e+00
4.00000e-02, 6.00000e-02, 5.00000e-02, 0.00000e+00, 0.00000e+00
6.00000e-02, 8.00000e-02, 7.00000e-02, 0.00000e+00, 0.00000e+00
8.00000e-02, 1.00000e-01, 9.00000e-02, 0.00000e+00, 0.00000e+00
1.00000e-01, 1.20000e-01, 1.10000e-01, 9.72177e-43, 4.86088e-41
1.20000e-01, 1.40000e-01, 1.30000e-01, 3.80121e-40, 1.90061e-38
1.40000e-01, 1.60000e-01, 1.50000e-01, 7.24184e-38, 3.62092e-36
1.60000e-01, 1.80000e-01, 1.70000e-01, 8.95714e-36, 4.47857e-34
1.80000e-01, 2.00000e-01, 1.90000e-01, 8.08582e-34, 4.04291e-32
2.00000e-01, 2.20000e-01, 2.10000e-01, 5.67823e-32, 2.83912e-30
2.20000e-01, 2.40000e-01, 2.30000e-01, 3.22863e-30, 1.61431e-28
2.40000e-01, 2.60000e-01, 2.50000e-01, 1.52759e-28, 7.63793e-27
2.60000e-01, 2.80000e-01, 2.70000e-01, 6.13395e-27, 3.06698e-25
2.80000e-01, 3.00000e-01, 2.90000e-01, 2.12153e-25, 1.06076e-23
3.00000e-01, 3.20000e-01, 3.10000e-01, 6.39272e-24, 3.19636e-22
3.20000e-01, 3.40000e-01, 3.30000e-01, 1.69335e-22, 8.46675e-21
3.40000e-01, 3.60000e-01, 3.50000e-01, 3.97132e-21, 1.98566e-19
3.60000e-01, 3.80000e-01, 3.70000e-01, 8.29357e-20, 4.14678e-18
3.80000e-01, 4.00000e-01, 3.90000e-01, 1.54942e-18, 7.74708e-17
4.00000e-01, 4.20000e-01, 4.10000e-01, 2.59908e-17, 1.29954e-15
4.20000e-01, 4.40000e-01, 4.30000e-01, 3.92611e-16, 1.96305e-14
4.40000e-01, 4.60000e-01, 4.50000e-01, 5.35277e-15, 2.67638e-13
4.60000e-01, 4.80000e-01, 4.70000e-01, 6.59769e-14, 3.29884e-12
4.80000e-01, 5.00000e-01, 4.90000e-01, 7.36033e-13, 3.68016e-11
5.00000e-01, 5.20000e-01, 5.10000e-01, 7.43659e-12, 3.71830e-10
5.20000e-01, 5.40000e-01, 5.30000e-01, 6.80607e-11, 3.40304e-09
5.40000e-01, 5.60000e-01, 5.50000e-01, 5.64076e-10, 2.82038e-08
5.60000e-01, 5.80000e-01, 5.70000e-01, 4.23028e-09, 2.11514e-07
5.80000e-01, 6.00000e-01, 5.90000e-01, 2.86716e-08, 1.43358e-06
6.00000e-01, 6.20000e-01, 6.10000e-01, 1.75320e-07, 8.76598e-06
6.20000e-01, 6.40000e-01, 6.30000e-01, 9.64963e-07, 4.82482e-05
6.40000e-01, 6.60000e-01, 6.50000e-01, 4.76695e-06, 2.38347e-04
6.60000e-01, 6.80000e-01, 6.70000e-01, 2.10612e-05, 1.05306e-03
6.80000e-01, 7.00000e-01, 6.90000e-01, 8.28669e-05, 4.14334e-03
7.00000e-01, 7.20000e-01, 7.10000e-01, 2.88886e-04, 1.44443e-02
7.20000e-01, 7.40000e-01, 7.30000e-01, 8.87005e-04, 4.43503e-02
7.40000e-01, 7.60000e-01, 7.50000e-01, 2.38230e-03, 1.19115e-01
7.60000e-01, 7.80000e-01, 7.70000e-01, 5.55415e-03, 2.77708e-01
7.80000e-01, 8.00000e-01, 7.90000e-01, 1.11515e-02, 5.57576e-01
8.00000e-01, 8.20000e-01, 8.10000e-01, 1.91478e-02, 9.57389e-01
8.20000e-01, 8.40000e-01, 8.30000e-01, 2.80325e-02, 1.40163e+00
8.40000e-01, 8.60000e-01, 8.50000e-01, 3.52363e-02, 1.76182e+00
8.60000e-01, 8.80000e-01, 8.70000e-01, 3.90278e-02, 1.95139e+00
8.80000e-01, 9.00000e-01, 8.90000e-01, 4.00000e-02, 2.00000e+00
9.00000e-01, 9.20000e-01, 9.10000e-01, 4.00000e-02, 2.00000e+00
9.20000e-01, 9.40000e-01, 9.30000e-01, 4.00000e-02, 2.00000e+00
9.40000e-01, 9.60000e-01, 9.50000e-01, 4.00000e-02, 2.00000e+00
9.60000e-01, 9.80000e-01, 9.70000e-01, 4.00000e-02, 2.00000e+00
9.80000e-01, 1.00000e+00, 9.90000e-01, 4.00000e-02, 2.00000e+00
1.00000e+00, 1.02000e+00, 1.01000e+00, 4.00000e-02, 2.00000e+00
1.02000e+00, 1.04000e+00, 1.03000e+00, 4.00000e-02, 2.00000e+00
1.04000e+00, 1.06000e+00, 1.05000e+00, 4.00000e-02, 2.00000e+00
1.06000e+00, 1.08000e+00, 1.07000e+00, 4.00000e-02, 2.00000e+00
1.08000e+00, 1.10000e+00, 1.09000e+00, 4.00000e-02, 2.00000e+00
1.10000e+00, 1.12000e+00, 1.11000e+00, 3.99998e-02, 1.99999e+00
1.12000e+00, 1.14000e+00, 1.13000e+00, 3.99990e-02, 1.99995e+00
1.14000e+00, 1.16000e+00, 1.15000e+00, 3.99952e-02, 1.99976e+00
1.16000e+00, 1.18000e+00, 1.17000e+00, 3.99789e-02, 1.99895e+00
1.18000e+00, 1.20000e+00, 1.19000e+00, 3.99171e-02, 1.99586e+00
1.20000e+00, 1.22000e+00, 1.21000e+00, 3.97111e-02, 1.98556e+00
1.22000e+00, 1.24000e+00, 1.23000e+00, 3.91130e-02, 1.95565e+00
1.24000e+00, 1.26000e+00, 1.25000e+00, 3.76177e-02, 1.88088e+00
1.26000e+00, 1.28000e+00, 1.27000e+00, 3.44458e-02, 1.72229e+00
1.28000e+00, 1.30000e+00, 1.29000e+00, 2.88485e-02, 1.44242e+00
1.30000e+00, 1.32000e+00, 1.31000e+00, 2.08522e-02, 1.04261e+00
1.32000e+00, 1.34000e+00, 1.33000e+00, 1.19675e-02, 5.98375e-01
1.34000e+00, 1.36000e+00, 1.35000e+00, 4.76367e-03, 2.38183e-01
1.36000e+00, 1.38000e+00, 1.37000e+00, 9.72177e-04, 4.86088e-02
1.38000e+00, 1.40000e+00, 1.39000e+00, 0.00000e+00, 0.00000e+00
1.40000e+00, 1.42000e+00, 1.41000e+00, 0.00000e+00, 0.00000e+00
1.42000e+00, 1.44000e+00, 1.43000e+00, 0.00000e+00, 0.00000e+00
1.44000e+00, 1.46000e+00, 1.45000e+00, 0.00000e+00, 0.00000e+00
1.46000e+00, 1.48000e+00, 1.47000e+00, 0.00000e+00, 0.00000e+00
1.48000e+00, 1.50000e+00, 1.49000e+00, 0.00000e+00, 0.00000e+00
1.50000e+00, 1.52000e+00, 1.51000e+00, 0.00000e+00, 0.00000e+00
1.52000e+00, 1.54000e+00, 1.53000e+00, 0.00000e+00, 0.00000e+00
1.54000e+00, 1.56000e+00, 1.55000e+00, 0.00000e+00, 0.00000e+00
1.56000e+00, 1.58000e+00, 1.57000e+00, 0.00000e+00, 0.00000e+00
1.58000e+00, 1.60000e+00, 1.59000e+00, 0.00000e+00, 0.00000e+00
1.60000e+00, 1.62000e+00, 1.61000e+00, 0.00000e+00, 0.00000e+00
1.62000e+00, 1.64000e+00, 1.63000e+00, 0.00000e+00, 0.00000e+00
1.64000e+00, 1.66000e+00, 1.65000e+00, 0.00000e+00, 0.00000e+00
1.66000e+00, 1.68000e+00, 1.67000e+00, 0.00000e+00, 0.00000e+00
1.68000e+00, 1.70000e+00, 1.69000e+00, 0.00000e+00, 0.00000e+00
1.70000e+00, 1.72000e+00, 1.71000e+00, 0.00000e+00, 0.00000e+00
1.72000e+00, 1.74000e+00, 1.73000e+00, 0.00000e+00, 0.00000e+00
1.74000e+00, 1.76000e+00, 1.75000e+00, 0.00000e+00, 0.00000e+00
1.76000e+00, 1.78000e+00, 1.77000e+00, 0.00000e+00, 0.00000e+00
1.78000e+00, 1.80000e+00, 1.79000e+00, 0.00000e+00, 0.00000e+00
1.80000e+00, 1.82000e+00, 1.81000e+00, 0.00000e+00, 0.00000e+00
1.82000e+00, 1.84000e+00, 1.83000e+00, 0.00000e+00, 0.00000e+00
1.84000e+00, 1.86000e+00, 1.85000e+00, 0.00000e+00, 0.00000e+00
1.86000e+00, 1.88000e+00, 1.87000e+00, 0.00000e+00, 0.00000e+00
1.88000e+00, 1.90000e+00, 1.89000e+00, 0.00000e+00, 0.00000e+00
1.90000e+00, 1.92000e+00, 1.91000e+00, 0.00000e+00, 0.00000e+00
1.92000e+00, 1.94000e+00, 1.93000e+00, 0.00000e+00, 0.00000e+00
1.94000e+00, 1.96000e+00, 1.95000e+00, 0.00000e+00, 0.00000e+00
1.96000e+00, 1.98000e+00, 1.97000e+00, 0.00000e+00, 0.00000e+00
1.98000e+00, 2.00000e+00, 1.99000e+00, 0.00000e+00, 0.00000e+00
