# time = 8.181818181818181e-01# start, end, pivot, particles, density
0.00000e+00, 2.00000e-02, 1.00000e-02, 0.00000e+00, 0.00000e+00
2.00000e-02, 4.00000e-02, 3.00000e-02, 0.00000e+00, 0.00000e+00
4.00000e-02, 6.00000e-02, 5.00000e-02, 0.00000e+00, 0.00000e+00
6.00000e-02, 8.00000e-02, 7.00000e-02, 0.00000e+00, 0.00000e+00
8.00000e-02, 1.00000e-01, 9.00000e-02, 0.00000e+00, 0.00000e+00
1.00000e-01, 1.20000e-01, 1.10000e-01, 0.00000e+00, 0.00000e+00
1.20000e-01, 1.40000e-01, 1.30000e-01, 0.00000e+00, 0.00000e+00
1.40000e-01, 1.60000e-01, 1.50000e-01, 0.00000e+00, 0.00000e+00
1.60000e-01, 1.80000e-01, 1.70000e-01, 0.00000e+00, 0.00000e+00
1.80000e-01, 2.00000e-01, 1.90000e-01, 0.00000e+00, 0.00000e+00
2.00000e-01, 2.20000e-01, 2.10000e-01, 0.00000e+00, 0.00000e+00
2.20000e-01, 2.40000e-01, 2.30000e-01, 0.00000e+00, 0.00000e+00
2.40000e-01, 2.60000e-01, 2.50000e-01, 0.00000e+00, 0.00000e+00
2.60000e-01, 2.80000e-01, 2.70000e-01, 0.00000e+00, 0.00000e+00
2.80000e-01, 3.00000e-01, 2.90000e-01, 0.00000e+00, 0.00000e+00
3.00000e-01, 3.20000e-01, 3.10000e-01, 0.00000e+00, 0.00000e+00
3.20000e-01, 3.40000e-01, 3.30000e-01, 0.00000e+00, 0.00000e+00
3.40000e-01, 3.60000e-01, 3.50000e-01, 0.00000e+00, 0.00000e+00
3.60000e-01, 3.80000e-01, 3.70000e-01, 0.00000e+00, 0.00000e+00
3.80000e-01, 4.00000e-01, 3.90000e-01, 0.00000e+00, 0.00000e+00
4.00000e-01, 4.20000e-01, 4.10000e-01, 0.00000e+00, 0.00000e+00
4.20000e-01, 4.40000e-01, 4.30000e-01, 0.00000e+00, 0.00000e+00
4.40000e-01, 4.60000e-01, 4.50000e-01, 0.00000e+00, 0.00000e+00
4.60000e-01, 4.80000e-01, 4.70000e-01, 0.00000e+00, 0.00000e+00
4.80000e-01, 5.00000e-01, 4.90000e-01, 2.26627e-01, 1.13313e+01
5.00000e-01, 5.20000e-01, 5.10000e-01, 4.49049e-01, 2.24524e+01
5.20000e-01, 5.40000e-01, 5.30000e-01, 1.30356e-01, 6.51781e+00
5.40000e-01, 5.60000e-01, 5.50000e-01, 0.00000e+00, 0.00000e+00
5.60000e-01, 5.80000e-01, 5.70000e-01, 9.95491e-01, 4.97745e+01
5.80000e-01, 6.00000e-01, 5.90000e-01, 1.70490e+00, 8.52449e+01
6.00000e-01, 6.20000e-01, 6.10000e-01, 4.71795e-01, 2.35898e+01
6.20000e-01, 6.40000e-01, 6.30000e-01, 0.00000e+00, 0.00000e+00
6.40000e-01, 6.60000e-01, 6.50000e-01, 9.60086e-01, 4.80043e+01
6.60000e-01, 6.80000e-01, 6.70000e-01, 2.92160e+00, 1.46080e+02
6.80000e-01, 7.00000e-01, 6.90000e-01, 1.60294e+00, 8.01472e+01
7.00000e-01, 7.20000e-01, 7.10000e-01, 0.00000e+00, 0.00000e+00
7.20000e-01, 7.40000e-01, 7.30000e-01, 0.00000e+00, 0.00000e+00
7.40000e-01, 7.60000e-01, 7.50000e-01, 3.79857e+00, 1.89928e+02
7.60000e-01, 7.80000e-01, 7.70000e-01, 3.98425e+00, 1.99212e+02
7.80000e-01, 8.00000e-01, 7.90000e-01, 9.71392e-01, 4.85696e+01
8.00000e-01, 8.20000e-01, 8.10000e-01, 0.00000e+00, 0.00000e+00
8.20000e-01, 8.40000e-01, 8.30000e-01, 1.11374e+00, 5.56870e+01
8.40000e-01, 8.60000e-01, 8.50000e-01, 5.71429e+00, 2.85714e+02
8.60000e-01, 8.80000e-01, 8.70000e-01, 4.85665e+00, 2.42832e+02
8.80000e-01, 9.00000e-01, 8.90000e-01, 1.65402e+00, 8.27008e+01
9.00000e-01, 9.20000e-01, 9.10000e-01, 0.00000e+00, 0.00000e+00
9.20000e-01, 9.40000e-01, 9.30000e-01, 0.00000e+00, 0.00000e+00
9.40000e-01, 9.60000e-01, 9.50000e-01, 3.81285e+00, 1.90642e+02
9.60000e-01, 9.80000e-01, 9.70000e-01, 6.46833e+00, 3.23416e+02
9.80000e-01, 1.00000e+00, 9.90000e-01, 4.39737e+00, 2.19868e+02
1.00000e+00, 1.02000e+00, 1.01000e+00, 1.56768e+00, 7.83841e+01
1.02000e+00, 1.04000e+00, 1.03000e+00, 2.30214e-01, 1.15107e+01
1.04000e+00, 1.06000e+00, 1.05000e+00, 0.00000e+00, 0.00000e+00
1.06000e+00, 1.08000e+00, 1.07000e+00, 3.79788e-01, 1.89894e+01
1.08000e+00, 1.10000e+00, 1.09000e+00, 2.58289e+00, 1.29144e+02
1.10000e+00, 1.12000e+00, 1.11000e+00, 3.09436e+00, 1.54718e+02
1.12000e+00, 1.14000e+00, 1.13000e+00, 2.19938e+00, 1.09969e+02
1.14000e+00, 1.16000e+00, 1.15000e+00, 1.15346e+00, 5.76729e+01
1.16000e+00, 1.18000e+00, 1.17000e+00, 4.83701e-01, 2.41850e+01
1.18000e+00, 1.20000e+00, 1.19000e+00, 1.68549e-01, 8.42743e+00
1.20000e+00, 1.22000e+00, 1.21000e+00, 4.98257e-02, 2.49129e+00
1.22000e+00, 1.24000e+00, 1.23000e+00, 1.26418e-02, 6.32089e-01
1.24000e+00, 1.26000e+00, 1.25000e+00, 2.76985e-03, 1.38493e-01
1.26000e+00, 1.28000e+00, 1.27000e+00, 5.25331e-04, 2.62666e-02
1.28000e+00, 1.30000e+00, 1.29000e+00, 8.61963e-05, 4.30982e-03
1.30000e+00, 1.32000e+00, 1.31000e+00, 1.21962e-05, 6.09810e-04
1.32000e+00, 1.34000e+00, 1.33000e+00, 1.47935e-06, 7.39675e-05
1.34000e+00, 1.36000e+00, 1.35000e+00, 1.52450e-07, 7.62249e-06
1.36000e+00, 1.38000e+00, 1.37000e+00, 1.31770e-08, 6.58851e-07
1.38000e+00, 1.40000e+00, 1.39000e+00, 9.38147e-10, 4.69074e-08
1.40000e+00, 1.42000e+00, 1.41000e+00, 5.36041e-11, 2.68020e-09
1.42000e+00, 1.44000e+00, 1.43000e+00, 2.36427e-12, 1.18214e-10
1.44000e+00, 1.46000e+00, 1.45000e+00, 7.55900e-14, 3.77950e-12
1.46000e+00, 1.48000e+00, 1.47000e+00, 1.55835e-15, 7.79175e-14
1.48000e+00, 1.50000e+00, 1.49000e+00, 1.61487e-17, 8.07435e-16
1.50000e+00, 1.52000e+00, 1.51000e+00, 0.00000e+00, 0.00000e+00
1.52000e+00, 1.54000e+00, 1.53000e+00, 0.00000e+00, 0.00000e+00
1.54000e+00, 1.56000e+00, 1.55000e+00, 0.00000e+00, 0.00000e+00
1.56000e+00, 1.58000e+00, 1.57000e+00, 0.00000e+00, 0.00000e+00
1.58000e+00, 1.60000e+00, 1.59000e+00, 0.00000e+00, 0.00000e+00
1.60000e+00, 1.62000e+00, 1.61000e+00, 0.00000e+00, 0.00000e+00
1.62000e+00, 1.64000e+00, 1.63000e+00, 0.00000e+00, 0.00000e+00
1.64000e+00, 1.66000e+00, 1.65000e+00, 0.00000e+00, 0.00000e+00
1.66000e+00, 1.68000e+00, 1.67000e+00, 0.00000e+00, 0.00000e+00
1.68000e+00, 1.70000e+00, 1.69000e+00, 0.00000e+00, 0.00000e+00
1.70000e+00, 1.72000e+00, 1.71000e+00, 0.00000e+00, 0.00000e+00
1.72000e+00, 1.74000e+00, 1.73000e+00, 0.00000e+00, 0.00000e+00
1.74000e+00, 1.76000e+00, 1.75000e+00, 0.00000e+00, 0.00000e+00
1.76000e+00, 1.78000e+00, 1.77000e+00, 0.00000e+00, 0.00000e+00
1.78000e+00, 1.80000e+00, 1.79000e+00, 0.00000e+00, 0.00000e+00
1.80000e+00, 1.82000e+00, 1.81000e+00, 0.00000e+00, 0.00000e+00
1.82000e+00, 1.84000e+00, 1.83000e+00, 0.00000e+00, 0.00000e+00
1.84000e+00, 1.86000e+00, 1.85000e+00, 0.00000e+00, 0.00000e+00
1.86000e+00, 1.88000e+00, 1.87000e+00, 0.00000e+00, 0.00000e+00
1.88000e+00, 1.90000e+00, 1.89000e+00, 0.00000e+00, 0.00000e+00
1.90000e+00, 1.92000e+00, 1.91000e+00, 0.00000e+00, 0.00000e+00
1.92000e+00, 1.94000e+00, 1.93000e+00, 0.00000e+00, 0.00000e+00
1.94000e+00, 1.96000e+00, 1.95000e+00, 0.00000e+00, 0.00000e+00
1.96000e+00, 1.98000e+00, 1.97000e+00, 0.00000e+00, 0.00000e+00
1.98000e+00, 2.00000e+00, 1.99000e+00, 0.00000e+00, 0.00000e+00
