# time = 8.727272727272727e-01# start, end, pivot, particles, density
0.00000e+00, 2.00000e-02, 1.00000e-02, 0.00000e+00, 0.00000e+00
2.00000e-02, 4.00000e-02, 3.00000e-02, 0.00000e+00, 0.00000e+00
4.00000e-02, 6.00000e-02, 5.00000e-02, 0.00000e+00, 0.00000e+00
6.00000e-02, 8.00000e-02, 7.00000e-02, 0.00000e+00, 0.00000e+00
8.00000e-02, 1.00000e-01, 9.00000e-02, 0.00000e+00, 0.00000e+00
1.00000e-01, 1.20000e-01, 1.10000e-01, 0.00000e+00, 0.00000e+00
1.20000e-01, 1.40000e-01, 1.30000e-01, 0.00000e+00, 0.00000e+00
1.40000e-01, 1.60000e-01, 1.50000e-01, 0.00000e+00, 0.00000e+00
1.60000e-01, 1.80000e-01, 1.70000e-01, 0.00000e+00, 0.00000e+00
1.80000e-01, 2.00000e-01, 1.90000e-01, 0.00000e+00, 0.00000e+00
2.00000e-01, 2.20000e-01, 2.10000e-01, 0.00000e+00, 0.00000e+00
2.20000e-01, 2.40000e-01, 2.30000e-01, 0.00000e+00, 0.00000e+00
2.40000e-01, 2.60000e-01, 2.50000e-01, 0.00000e+00, 0.00000e+00
2.60000e-01, 2.80000e-01, 2.70000e-01, 0.00000e+00, 0.00000e+00
2.80000e-01, 3.00000e-01, 2.90000e-01, 0.00000e+00, 0.00000e+00
3.00000e-01, 3.20000e-01, 3.10000e-01, 0.00000e+00, 0.00000e+00
3.20000e-01, 3.40000e-01, 3.30000e-01, 0.00000e+00, 0.00000e+00
3.40000e-01, 3.60000e-01, 3.50000e-01, 0.00000e+00, 0.00000e+00
3.60000e-01, 3.80000e-01, 3.70000e-01, 0.00000e+00, 0.00000e+00
3.80000e-01, 4.00000e-01, 3.90000e-01, 0.00000e+00, 0.00000e+00
4.00000e-01, 4.20000e-01, 4.10000e-01, 0.00000e+00, 0.00000e+00
4.20000e-01, 4.40000e-01, 4.30000e-01, 0.00000e+00, 0.00000e+00
4.40000e-01, 4.60000e-01, 4.50000e-01, 0.00000e+00, 0.00000e+00
4.60000e-01, 4.80000e-01, 4.70000e-01, 0.00000e+00, 0.00000e+00
4.80000e-01, 5.00000e-01, 4.90000e-01, 0.00000e+00, 0.00000e+00
5.00000e-01, 5.20000e-01, 5.10000e-01, 9.71587e-02, 4.85793e+00
5.20000e-01, 5.40000e-01, 5.30000e-01, 6.94483e-01, 3.47242e+01
5.40000e-01, 5.60000e-01, 5.50000e-01, 3.05638e-01, 1.52819e+01
5.60000e-01, 5.80000e-01, 5.70000e-01, 0.00000e+00, 0.00000e+00
5.80000e-01, 6.00000e-01, 5.90000e-01, 5.08343e-01, 2.54172e+01
6.00000e-01, 6.20000e-01, 6.10000e-01, 2.54344e+00, 1.27172e+02
6.20000e-01, 6.40000e-01, 6.30000e-01, 1.53484e+00, 7.67421e+01
6.40000e-01, 6.60000e-01, 6.50000e-01, 0.00000e+00, 0.00000e+00
6.60000e-01, 6.80000e-01, 6.70000e-01, 0.00000e+00, 0.00000e+00
6.80000e-01, 7.00000e-01, 6.90000e-01, 3.44779e+00, 1.72389e+02
7.00000e-01, 7.20000e-01, 7.10000e-01, 3.78583e+00, 1.89291e+02
7.20000e-01, 7.40000e-01, 7.30000e-01, 9.36753e-01, 4.68377e+01
7.40000e-01, 7.60000e-01, 7.50000e-01, 0.00000e+00, 0.00000e+00
7.60000e-01, 7.80000e-01, 7.70000e-01, 2.55459e+00, 1.27729e+02
7.80000e-01, 8.00000e-01, 7.90000e-01, 6.83361e+00, 3.41680e+02
8.00000e-01, 8.20000e-01, 8.10000e-01, 3.61817e+00, 1.80909e+02
8.20000e-01, 8.40000e-01, 8.30000e-01, 1.35562e-01, 6.77810e+00
8.40000e-01, 8.60000e-01, 8.50000e-01, 0.00000e+00, 0.00000e+00
8.60000e-01, 8.80000e-01, 8.70000e-01, 4.22567e+00, 2.11283e+02
8.80000e-01, 9.00000e-01, 8.90000e-01, 8.50447e+00, 4.25224e+02
9.00000e-01, 9.20000e-01, 9.10000e-01, 5.49178e+00, 2.74589e+02
9.20000e-01, 9.40000e-01, 9.30000e-01, 1.13959e+00, 5.69793e+01
9.40000e-01, 9.60000e-01, 9.50000e-01, 0.00000e+00, 0.00000e+00
9.60000e-01, 9.80000e-01, 9.70000e-01, 1.03722e-02, 5.18610e-01
9.80000e-01, 1.00000e+00, 9.90000e-01, 6.75409e+00, 3.37705e+02
1.00000e+00, 1.02000e+00, 1.01000e+00, 8.47844e+00, 4.23922e+02
1.02000e+00, 1.04000e+00, 1.03000e+00, 5.06913e+00, 2.53456e+02
1.04000e+00, 1.06000e+00, 1.05000e+00, 1.57234e+00, 7.86172e+01
1.06000e+00, 1.08000e+00, 1.07000e+00, 1.94793e-01, 9.73964e+00
1.08000e+00, 1.10000e+00, 1.09000e+00, 0.00000e+00, 0.00000e+00
1.10000e+00, 1.12000e+00, 1.11000e+00, 8.04495e-01, 4.02248e+01
1.12000e+00, 1.14000e+00, 1.13000e+00, 3.49334e+00, 1.74667e+02
1.14000e+00, 1.16000e+00, 1.15000e+00, 3.84009e+00, 1.92004e+02
1.16000e+00, 1.18000e+00, 1.17000e+00, 2.63319e+00, 1.31660e+02
1.18000e+00, 1.20000e+00, 1.19000e+00, 1.35809e+00, 6.79046e+01
1.20000e+00, 1.22000e+00, 1.21000e+00, 5.66541e-01, 2.83271e+01
1.22000e+00, 1.24000e+00, 1.23000e+00, 1.98096e-01, 9.90479e+00
1.24000e+00, 1.26000e+00, 1.25000e+00, 5.92100e-02, 2.96050e+00
1.26000e+00, 1.28000e+00, 1.27000e+00, 1.53001e-02, 7.65006e-01
1.28000e+00, 1.30000e+00, 1.29000e+00, 3.43950e-03, 1.71975e-01
1.30000e+00, 1.32000e+00, 1.31000e+00, 6.74573e-04, 3.37286e-02
1.32000e+00, 1.34000e+00, 1.33000e+00, 1.15447e-04, 5.77236e-03
1.34000e+00, 1.36000e+00, 1.35000e+00, 1.72050e-05, 8.60249e-04
1.36000e+00, 1.38000e+00, 1.37000e+00, 2.22314e-06, 1.11157e-04
1.38000e+00, 1.40000e+00, 1.39000e+00, 2.47401e-07, 1.23700e-05
1.40000e+00, 1.42000e+00, 1.41000e+00, 2.34844e-08, 1.17422e-06
1.42000e+00, 1.44000e+00, 1.43000e+00, 1.87635e-09, 9.38177e-08
1.44000e+00, 1.46000e+00, 1.45000e+00, 1.23869e-10, 6.19346e-09
1.46000e+00, 1.48000e+00, 1.47000e+00, 6.58104e-12, 3.29052e-10
1.48000e+00, 1.50000e+00, 1.49000e+00, 2.70573e-13, 1.35287e-11
1.50000e+00, 1.52000e+00, 1.51000e+00, 8.08242e-15, 4.04121e-13
1.52000e+00, 1.54000e+00, 1.53000e+00, 1.57450e-16, 7.87249e-15
1.54000e+00, 1.56000e+00, 1.55000e+00, 2.01859e-18, 1.00929e-16
1.56000e+00, 1.58000e+00, 1.57000e+00, 0.00000e+00, 0.00000e+00
1.58000e+00, 1.60000e+00, 1.59000e+00, 0.00000e+00, 0.00000e+00
1.60000e+00, 1.62000e+00, 1.61000e+00, 0.00000e+00, 0.00000e+00
1.62000e+00, 1.64000e+00, 1.63000e+00, 0.00000e+00, 0.00000e+00
1.64000e+00, 1.66000e+00, 1.65000e+00, 0.00000e+00, 0.00000e+00
1.66000e+00, 1.68000e+00, 1.67000e+00, 0.00000e+00, 0.00000e+00
1.68000e+00, 1.70000e+00, 1.69000e+00, 0.00000e+00, 0.00000e+00
1.70000e+00, 1.72000e+00, 1.71000e+00, 0.00000e+00, 0.00000e+00
1.72000e+00, 1.74000e+00, 1.73000e+00, 0.00000e+00, 0.00000e+00
1.74000e+00, 1.76000e+00, 1.75000e+00, 0.00000e+00, 0.00000e+00
1.76000e+00, 1.78000e+00, 1.77000e+00, 0.00000e+00, 0.00000e+00
1.78000e+00, 1.80000e+00, 1.79000e+00, 0.00000e+00, 0.00000e+00
1.80000e+00, 1.82000e+00, 1.81000e+00, 0.00000e+00, 0.00000e+00
1.82000e+00, 1.84000e+00, 1.83000e+00, 0.00000e+00, 0.00000e+00
1.84000e+00, 1.86000e+00, 1.85000e+00, 0.00000e+00, 0.00000e+00
1.86000e+00, 1.88000e+00, 1.87000e+00, 0.00000e+00, 0.00000e+00
1.88000e+00, 1.90000e+00, 1.89000e+00, 0.00000e+00, 0.00000e+00
1.90000e+00, 1.92000e+00, 1.91000e+00, 0.00000e+00, 0.00000e+00
1.92000e+00, 1.94000e+00, 1.93000e+00, 0.00000e+00, 0.00000e+00
1.94000e+00, 1.96000e+00, 1.95000e+00, 0.00000e+00, 0.00000e+00
1.96000e+00, 1.98000e+00, 1.97000e+00, 0.00000e+00, 0.00000e+00
1.98000e+00, 2.00000e+00, 1.99000e+00, 0.00000e+00, 0.00000e+00
