# time = 7.454545454545454e-01# start, end, pivot, particles, density
0.00000e+00, 2.00000e-02, 1.00000e-02, 0.00000e+00, 0.00000e+00
2.00000e-02, 4.00000e-02, 3.00000e-02, 0.00000e+00, 0.00000e+00
4.00000e-02, 6.00000e-02, 5.00000e-02, 0.00000e+00, 0.00000e+00
6.00000e-02, 8.00000e-02, 7.00000e-02, 0.00000e+00, 0.00000e+00
8.00000e-02, 1.00000e-01, 9.00000e-02, 0.00000e+00, 0.00000e+00
1.00000e-01, 1.20000e-01, 1.10000e-01, 8.03452e-45, 4.01726e-43
1.20000e-01, 1.40000e-01, 1.30000e-01, 3.30219e-42, 1.65109e-40
1.40000e-01, 1.60000e-01, 1.50000e-01, 6.62133e-40, 3.31066e-38
1.60000e-01, 1.80000e-01, 1.70000e-01, 8.63101e-38, 4.31551e-36
1.80000e-01, 2.00000e-01, 1.90000e-01, 8.22287e-36, 4.11143e-34
2.00000e-01, 2.20000e-01, 2.10000e-01, 6.10328e-34, 3.05164e-32
2.20000e-01, 2.40000e-01, 2.30000e-01, 3.67366e-32, 1.83683e-30
2.40000e-01, 2.60000e-01, 2.50000e-01, 1.84305e-30, 9.21526e-29
2.60000e-01, 2.80000e-01, 2.70000e-01, 7.86115e-29, 3.93057e-27
2.80000e-01, 3.00000e-01, 2.90000e-01, 2.89345e-27, 1.44673e-25
3.00000e-01, 3.20000e-01, 3.10000e-01, 9.29684e-26, 4.64842e-24
3.20000e-01, 3.40000e-01, 3.30000e-01, 2.63144e-24, 1.31572e-22
3.40000e-01, 3.60000e-01, 3.50000e-01, 6.60933e-23, 3.30467e-21
3.60000e-01, 3.80000e-01, 3.70000e-01, 1.48178e-21, 7.40891e-20
3.80000e-01, 4.00000e-01, 3.90000e-01, 2.97956e-20, 1.48978e-18
4.00000e-01, 4.20000e-01, 4.10000e-01, 5.39443e-19, 2.69722e-17
4.20000e-01, 4.40000e-01, 4.30000e-01, 8.82122e-18, 4.41061e-16
4.40000e-01, 4.60000e-01, 4.50000e-01, 1.30612e-16, 6.53060e-15
4.60000e-01, 4.80000e-01, 4.70000e-01, 1.75449e-15, 8.77245e-14
4.80000e-01, 5.00000e-01, 4.90000e-01, 2.14120e-14, 1.07060e-12
5.00000e-01, 5.20000e-01, 5.10000e-01, 2.37644e-13, 1.18822e-11
5.20000e-01, 5.40000e-01, 5.30000e-01, 2.39997e-12, 1.19998e-10
5.40000e-01, 5.60000e-01, 5.50000e-01, 2.20574e-11, 1.10287e-09
5.60000e-01, 5.80000e-01, 5.70000e-01, 1.84445e-10, 9.22226e-09
5.80000e-01, 6.00000e-01, 5.90000e-01, 1.40235e-09, 7.01177e-08
6.00000e-01, 6.20000e-01, 6.10000e-01, 9.68413e-09, 4.84207e-07
6.20000e-01, 6.40000e-01, 6.30000e-01, 6.06489e-08, 3.03245e-06
6.40000e-01, 6.60000e-01, 6.50000e-01, 3.43787e-07, 1.71893e-05
6.60000e-01, 6.80000e-01, 6.70000e-01, 1.75948e-06, 8.79738e-05
6.80000e-01, 7.00000e-01, 6.90000e-01, 8.10566e-06, 4.05283e-04
7.00000e-01, 7.20000e-01, 7.10000e-01, 3.34904e-05, 1.67452e-03
7.20000e-01, 7.40000e-01, 7.30000e-01, 1.23565e-04, 6.17827e-03
7.40000e-01, 7.60000e-01, 7.50000e-01, 4.05050e-04, 2.02525e-02
7.60000e-01, 7.80000e-01, 7.70000e-01, 1.17273e-03, 5.86367e-02
7.80000e-01, 8.00000e-01, 7.90000e-01, 2.97905e-03, 1.48952e-01
8.00000e-01, 8.20000e-01, 8.10000e-01, 6.59168e-03, 3.29584e-01
8.20000e-01, 8.40000e-01, 8.30000e-01, 1.26127e-02, 6.30637e-01
8.40000e-01, 8.60000e-01, 8.50000e-01, 2.07493e-02, 1.03746e+00
8.60000e-01, 8.80000e-01, 8.70000e-01, 2.93141e-02, 1.46570e+00
8.80000e-01, 9.00000e-01, 8.90000e-01, 3.59024e-02, 1.79512e+00
9.00000e-01, 9.20000e-01, 9.10000e-01, 3.91965e-02, 1.95983e+00
9.20000e-01, 9.40000e-01, 9.30000e-01, 4.00000e-02, 2.00000e+00
9.40000e-01, 9.60000e-01, 9.50000e-01, 4.00000e-02, 2.00000e+00
9.60000e-01, 9.80000e-01, 9.70000e-01, 4.00000e-02, 2.00000e+00
9.80000e-01, 1.00000e+00, 9.90000e-01, 4.00000e-02, 2.00000e+00
1.00000e+00, 1.02000e+00, 1.01000e+00, 4.00000e-02, 2.00000e+00
1.02000e+00, 1.04000e+00, 1.03000e+00, 4.00000e-02, 2.00000e+00
1.04000e+00, 1.06000e+00, 1.05000e+00, 4.00000e-02, 2.00000e+00
1.06000e+00, 1.08000e+00, 1.07000e+00, 4.00000e-02, 2.00000e+00
1.08000e+00, 1.10000e+00, 1.09000e+00, 4.00000e-02, 2.00000e+00
1.10000e+00, 1.12000e+00, 1.11000e+00, 4.00000e-02, 2.00000e+00
1.12000e+00, 1.14000e+00, 1.13000e+00, 3.99999e-02, 2.00000e+00
1.14000e+00, 1.16000e+00, 1.15000e+00, 3.99997e-02, 1.99998e+00
1.16000e+00, 1.18000e+00, 1.17000e+00, 3.99982e-02, 1.99991e+00
1.18000e+00, 1.20000e+00, 1.19000e+00, 3.99919e-02, 1.99959e+00
1.20000e+00, 1.22000e+00, 1.21000e+00, 3.99665e-02, 1.99833e+00
1.22000e+00, 1.24000e+00, 1.23000e+00, 3.98764e-02, 1.99382e+00
1.24000e+00, 1.26000e+00, 1.25000e+00, 3.95950e-02, 1.97975e+00
1.26000e+00, 1.28000e+00, 1.27000e+00, 3.88273e-02, 1.94136e+00
1.28000e+00, 1.30000e+00, 1.29000e+00, 3.70210e-02, 1.85105e+00
1.30000e+00, 1.32000e+00, 1.31000e+00, 3.34083e-02, 1.67042e+00
1.32000e+00, 1.34000e+00, 1.33000e+00, 2.73873e-02, 1.36936e+00
1.34000e+00, 1.36000e+00, 1.35000e+00, 1.92507e-02, 9.62535e-01
1.36000e+00, 1.38000e+00, 1.37000e+00, 1.06859e-02, 5.34296e-01
1.38000e+00, 1.40000e+00, 1.39000e+00, 4.09760e-03, 2.04880e-01
1.40000e+00, 1.42000e+00, 1.41000e+00, 8.03452e-04, 4.01726e-02
1.42000e+00, 1.44000e+00, 1.43000e+00, 0.00000e+00, 0.00000e+00
1.44000e+00, 1.46000e+00, 1.45000e+00, 0.00000e+00, 0.00000e+00
1.46000e+00, 1.48000e+00, 1.47000e+00, 0.00000e+00, 0.00000e+00
1.48000e+00, 1.50000e+00, 1.49000e+00, 0.00000e+00, 0.00000e+00
1.50000e+00, 1.52000e+00, 1.51000e+00, 0.00000e+00, 0.00000e+00
1.52000e+00, 1.54000e+00, 1.53000e+00, 0.00000e+00, 0.00000e+00
1.54000e+00, 1.56000e+00, 1.55000e+00, 0.00000e+00, 0.00000e+00
1.56000e+00, 1.58000e+00, 1.57000e+00, 0.00000e+00, 0.00000e+00
1.58000e+00, 1.60000e+00, 1.59000e+00, 0.00000e+00, 0.00000e+00
1.60000e+00, 1.62000e+00, 1.61000e+00, 0.00000e+00, 0.00000e+00
1.62000e+00, 1.64000e+00, 1.63000e+00, 0.00000e+00, 0.00000e+00
1.64000e+00, 1.66000e+00, 1.65000e+00, 0.00000e+00, 0.00000e+00
1.66000e+00, 1.68000e+00, 1.67000e+00, 0.00000e+00, 0.00000e+00
1.68000e+00, 1.70000e+00, 1.69000e+00, 0.00000e+00, 0.00000e+00
1.70000e+00, 1.72000e+00, 1.71000e+00, 0.00000e+00, 0.00000e+00
1.72000e+00, 1.74000e+00, 1.73000e+00, 0.00000e+00, 0.00000e+00
1.74000e+00, 1.76000e+00, 1.75000e+00, 0.00000e+00, 0.00000e+00
1.76000e+00, 1.78000e+00, 1.77000e+00, 0.00000e+00, 0.00000e+00
1.78000e+00, 1.80000e+00, 1.79000e+00, 0.00000e+00, 0.00000e+00
1.80000e+00, 1.82000e+00, 1.81000e+00, 0.00000e+00, 0.00000e+00
1.82000e+00, 1.84000e+00, 1.83000e+00, 0.00000e+00, 0.00000e+00
1.84000e+00, 1.86000e+00, 1.85000e+00, 0.00000e+00, 0.00000e+00
1.86000e+00, 1.88000e+00, 1.87000e+00, 0.00000e+00, 0.00000e+00
1.88000e+00, 1.90000e+00, 1.89000e+00, 0.00000e+00, 0.00000e+00
1.90000e+00, 1.92000e+00, 1.91000e+00, 0.00000e+00, 0.00000e+00
1.92000e+00, 1.94000e+00, 1.93000e+00, 0.00000e+00, 0.00000e+00
1.94000e+00, 1.96000e+00, 1.95000e+00, 0.00000e+00, 0.00000e+00
1.96000e+00, 1.98000e+00, 1.97000e+00, 0.00000e+00, 0.00000e+00
1.98000e+00, 2.00000e+00, 1.99000e+00, 0.00000e+00, 0.00000e+00
