# time = 7.818181818181817e-01# start, end, pivot, particles, density
0.00000e+00, 2.00000e-02, 1.00000e-02, 0.00000e+00, 0.00000e+00
2.00000e-02, 4.00000e-02, 3.00000e-02, 0.00000e+00, 0.00000e+00
4.00000e-02, 6.00000e-02, 5.00000e-02, 0.00000e+00, 0.00000e+00
6.00000e-02, 8.00000e-02, 7.00000e-02, 0.00000e+00, 0.00000e+00
8.00000e-02, 1.00000e-01, 9.00000e-02, 0.00000e+00, 0.00000e+00
1.00000e-01, 1.20000e-01, 1.10000e-01, 0.00000e+00, 0.00000e+00
1.20000e-01, 1.40000e-01, 1.30000e-01, 0.00000e+00, 0.00000e+00
1.40000e-01, 1.60000e-01, 1.50000e-01, 0.00000e+00, 0.00000e+00
1.60000e-01, 1.80000e-01, 1.70000e-01, 0.00000e+00, 0.00000e+00
1.80000e-01, 2.00000e-01, 1.90000e-01, 0.00000e+00, 0.00000e+00
2.00000e-01, 2.20000e-01, 2.10000e-01, 0.00000e+00, 0.00000e+00
2.20000e-01, 2.40000e-01, 2.30000e-01, 0.00000e+00, 0.00000e+00
2.40000e-01, 2.60000e-01, 2.50000e-01, 0.00000e+00, 0.00000e+00
2.60000e-01, 2.80000e-01, 2.70000e-01, 0.00000e+00, 0.00000e+00
2.80000e-01, 3.00000e-01, 2.90000e-01, 0.00000e+00, 0.00000e+00
3.00000e-01, 3.20000e-01, 3.10000e-01, 0.00000e+00, 0.00000e+00
3.20000e-01, 3.40000e-01, 3.30000e-01, 0.00000e+00, 0.00000e+00
3.40000e-01, 3.60000e-01, 3.50000e-01, 0.00000e+00, 0.00000e+00
3.60000e-01, 3.80000e-01, 3.70000e-01, 0.00000e+00, 0.00000e+00
3.80000e-01, 4.00000e-01, 3.90000e-01, 0.00000e+00, 0.00000e+00
4.00000e-01, 4.20000e-01, 4.10000e-01, 0.00000e+00, 0.00000e+00
4.20000e-01, 4.40000e-01, 4.30000e-01, 0.00000e+00, 0.00000e+00
4.40000e-01, 4.60000e-01, 4.50000e-01, 0.00000e+00, 0.00000e+00
4.60000e-01, 4.80000e-01, 4.70000e-01, 1.01065e-01, 5.05324e+00
4.80000e-01, 5.00000e-01, 4.90000e-01, 3.65818e-01, 1.82909e+01
5.00000e-01, 5.20000e-01, 5.10000e-01, 1.20503e-01, 6.02513e+00
5.20000e-01, 5.40000e-01, 5.30000e-01, 0.00000e+00, 0.00000e+00
5.40000e-01, 5.60000e-01, 5.50000e-01, 6.15058e-01, 3.07529e+01
5.60000e-01, 5.80000e-01, 5.70000e-01, 1.37535e+00, 6.87674e+01
5.80000e-01, 6.00000e-01, 5.90000e-01, 4.12792e-01, 2.06396e+01
6.00000e-01, 6.20000e-01, 6.10000e-01, 0.00000e+00, 0.00000e+00
6.20000e-01, 6.40000e-01, 6.30000e-01, 6.93570e-01, 3.46785e+01
6.40000e-01, 6.60000e-01, 6.50000e-01, 2.24777e+00, 1.12389e+02
6.60000e-01, 6.80000e-01, 6.70000e-01, 1.25238e+00, 6.26191e+01
6.80000e-01, 7.00000e-01, 6.90000e-01, 0.00000e+00, 0.00000e+00
7.00000e-01, 7.20000e-01, 7.10000e-01, 0.00000e+00, 0.00000e+00
7.20000e-01, 7.40000e-01, 7.30000e-01, 2.94592e+00, 1.47296e+02
7.40000e-01, 7.60000e-01, 7.50000e-01, 3.06324e+00, 1.53162e+02
7.60000e-01, 7.80000e-01, 7.70000e-01, 7.44680e-01, 3.72340e+01
7.80000e-01, 8.00000e-01, 7.90000e-01, 0.00000e+00, 0.00000e+00
8.00000e-01, 8.20000e-01, 8.10000e-01, 1.11850e+00, 5.59250e+01
8.20000e-01, 8.40000e-01, 8.30000e-01, 4.67472e+00, 2.33736e+02
8.40000e-01, 8.60000e-01, 8.50000e-01, 3.63941e+00, 1.81970e+02
8.60000e-01, 8.80000e-01, 8.70000e-01, 9.92278e-01, 4.96139e+01
8.80000e-01, 9.00000e-01, 8.90000e-01, 0.00000e+00, 0.00000e+00
9.00000e-01, 9.20000e-01, 9.10000e-01, 0.00000e+00, 0.00000e+00
9.20000e-01, 9.40000e-01, 9.30000e-01, 3.75842e+00, 1.87921e+02
9.40000e-01, 9.60000e-01, 9.50000e-01, 5.17811e+00, 2.58906e+02
9.60000e-01, 9.80000e-01, 9.70000e-01, 3.12231e+00, 1.56116e+02
9.80000e-01, 1.00000e+00, 9.90000e-01, 9.49470e-01, 4.74735e+01
1.00000e+00, 1.02000e+00, 1.01000e+00, 7.48945e-02, 3.74472e+00
1.02000e+00, 1.04000e+00, 1.03000e+00, 0.00000e+00, 0.00000e+00
1.04000e+00, 1.06000e+00, 1.05000e+00, 7.79004e-01, 3.89502e+01
1.06000e+00, 1.08000e+00, 1.07000e+00, 2.48758e+00, 1.24379e+02
1.08000e+00, 1.10000e+00, 1.09000e+00, 2.51209e+00, 1.25605e+02
1.10000e+00, 1.12000e+00, 1.11000e+00, 1.62528e+00, 8.12639e+01
1.12000e+00, 1.14000e+00, 1.13000e+00, 7.93716e-01, 3.96858e+01
1.14000e+00, 1.16000e+00, 1.15000e+00, 3.12486e-01, 1.56243e+01
1.16000e+00, 1.18000e+00, 1.17000e+00, 1.02462e-01, 5.12309e+00
1.18000e+00, 1.20000e+00, 1.19000e+00, 2.84789e-02, 1.42395e+00
1.20000e+00, 1.22000e+00, 1.21000e+00, 6.77463e-03, 3.38732e-01
1.22000e+00, 1.24000e+00, 1.23000e+00, 1.38553e-03, 6.92765e-02
1.24000e+00, 1.26000e+00, 1.25000e+00, 2.43829e-04, 1.21914e-02
1.26000e+00, 1.28000e+00, 1.27000e+00, 3.68405e-05, 1.84203e-03
1.28000e+00, 1.30000e+00, 1.29000e+00, 4.75427e-06, 2.37713e-04
1.30000e+00, 1.32000e+00, 1.31000e+00, 5.19626e-07, 2.59813e-05
1.32000e+00, 1.34000e+00, 1.33000e+00, 4.75067e-08, 2.37534e-06
1.34000e+00, 1.36000e+00, 1.35000e+00, 3.56901e-09, 1.78451e-07
1.36000e+00, 1.38000e+00, 1.37000e+00, 2.14731e-10, 1.07365e-08
1.38000e+00, 1.40000e+00, 1.39000e+00, 9.95377e-12, 4.97688e-10
1.40000e+00, 1.42000e+00, 1.41000e+00, 3.33899e-13, 1.66949e-11
1.42000e+00, 1.44000e+00, 1.43000e+00, 7.21645e-15, 3.60822e-13
1.44000e+00, 1.46000e+00, 1.45000e+00, 7.46877e-17, 3.73439e-15
1.46000e+00, 1.48000e+00, 1.47000e+00, 0.00000e+00, 0.00000e+00
1.48000e+00, 1.50000e+00, 1.49000e+00, 0.00000e+00, 0.00000e+00
1.50000e+00, 1.52000e+00, 1.51000e+00, 0.00000e+00, 0.00000e+00
1.52000e+00, 1.54000e+00, 1.53000e+00, 0.00000e+00, 0.00000e+00
1.54000e+00, 1.56000e+00, 1.55000e+00, 0.00000e+00, 0.00000e+00
1.56000e+00, 1.58000e+00, 1.57000e+00, 0.00000e+00, 0.00000e+00
1.58000e+00, 1.60000e+00, 1.59000e+00, 0.00000e+00, 0.00000e+00
1.60000e+00, 1.62000e+00, 1.61000e+00, 0.00000e+00, 0.00000e+00
1.62000e+00, 1.64000e+00, 1.63000e+00, 0.00000e+00, 0.00000e+00
1.64000e+00, 1.66000e+00, 1.65000e+00, 0.00000e+00, 0.00000e+00
1.66000e+00, 1.68000e+00, 1.67000e+00, 0.00000e+00, 0.00000e+00
1.68000e+00, 1.70000e+00, 1.69000e+00, 0.00000e+00, 0.00000e+00
1.70000e+00, 1.72000e+00, 1.71000e+00, 0.00000e+00, 0.00000e+00
1.72000e+00, 1.74000e+00, 1.73000e+00, 0.00000e+00, 0.00000e+00
1.74000e+00, 1.76000e+00, 1.75000e+00, 0.00000e+00, 0.00000e+00
1.76000e+00, 1.78000e+00, 1.77000e+00, 0.00000e+00, 0.00000e+00
1.78000e+00, 1.80000e+00, 1.79000e+00, 0.00000e+00, 0.00000e+00
1.80000e+00, 1.82000e+00, 1.81000e+00, 0.00000e+00, 0.00000e+00
1.82000e+00, 1.84000e+00, 1.83000e+00, 0.00000e+00, 0.00000e+00
1.84000e+00, 1.86000e+00, 1.85000e+00, 0.00000e+00, 0.00000e+00
1.86000e+00, 1.88000e+00, 1.87000e+00, 0.00000e+00, 0.00000e+00
1.88000e+00, 1.90000e+00, 1.89000e+00, 0.00000e+00, 0.00000e+00
1.90000e+00, 1.92000e+00, 1.91000e+00, 0.00000e+00, 0.00000e+00
1.92000e+00, 1.94000e+00, 1.93000e+00, 0.00000e+00, 0.00000e+00
1.94000e+00, 1.96000e+00, 1.95000e+00, 0.00000e+00, 0.00000e+00
1.96000e+00, 1.98000e+00, 1.97000e+00, 0.00000e+00, 0.00000e+00
1.98000e+00, 2.00000e+00, 1.99000e+00, 0.00000e+00, 0.00000e+00
