# time = 5.636363636363636e-01# start, end, pivot, particles, density
0.00000e+00, 2.00000e-02, 1.00000e-02, 0.00000e+00, 0.00000e+00
2.00000e-02, 4.00000e-02, 3.00000e-02, 0.00000e+00, 0.00000e+00
4.00000e-02, 6.00000e-02, 5.00000e-02, 0.00000e+00, 0.00000e+00
6.00000e-02, 8.00000e-02, 7.00000e-02, 0.00000e+00, 0.00000e+00
8.00000e-02, 1.00000e-01, 9.00000e-02, 0.00000e+00, 0.00000e+00
1.00000e-01, 1.20000e-01, 1.10000e-01, 2.08395e-34, 1.04197e-32
1.20000e-01, 1.40000e-01, 1.30000e-01, 6.48108e-32, 3.24054e-30
1.40000e-01, 1.60000e-01, 1.50000e-01, 9.75517e-30, 4.87758e-28
1.60000e-01, 1.80000e-01, 1.70000e-01, 9.46490e-28, 4.73245e-26
1.80000e-01, 2.00000e-01, 1.90000e-01, 6.65179e-26, 3.32589e-24
2.00000e-01, 2.20000e-01, 2.10000e-01, 3.60737e-24, 1.80369e-22
2.20000e-01, 2.40000e-01, 2.30000e-01, 1.57044e-22, 7.85222e-21
2.40000e-01, 2.60000e-01, 2.50000e-01, 5.63694e-21, 2.81847e-19
2.60000e-01, 2.80000e-01, 2.70000e-01, 1.70034e-19, 8.50169e-18
2.80000e-01, 3.00000e-01, 2.90000e-01, 4.37129e-18, 2.18564e-16
3.00000e-01, 3.20000e-01, 3.10000e-01, 9.67989e-17, 4.83994e-15
3.20000e-01, 3.40000e-01, 3.30000e-01, 1.86133e-15, 9.30663e-14
3.40000e-01, 3.60000e-01, 3.50000e-01, 3.12701e-14, 1.56351e-12
3.60000e-01, 3.80000e-01, 3.70000e-01, 4.61091e-13, 2.30545e-11
3.80000e-01, 4.00000e-01, 3.90000e-01, 5.98735e-12, 2.99368e-10
4.00000e-01, 4.20000e-01, 4.10000e-01, 6.86184e-11, 3.43092e-09
4.20000e-01, 4.40000e-01, 4.30000e-01, 6.94928e-10, 3.47464e-08
4.40000e-01, 4.60000e-01, 4.50000e-01, 6.22119e-09, 3.11060e-07
4.60000e-01, 4.80000e-01, 4.70000e-01, 4.92032e-08, 2.46016e-06
4.80000e-01, 5.00000e-01, 4.90000e-01, 3.43291e-07, 1.71645e-05
5.00000e-01, 5.20000e-01, 5.10000e-01, 2.10782e-06, 1.05391e-04
5.20000e-01, 5.40000e-01, 5.30000e-01, 1.13506e-05, 5.67529e-04
5.40000e-01, 5.60000e-01, 5.50000e-01, 5.33631e-05, 2.66816e-03
5.60000e-01, 5.80000e-01, 5.70000e-01, 2.17760e-04, 1.08880e-02
5.80000e-01, 6.00000e-01, 5.90000e-01, 7.65750e-04, 3.82875e-02
6.00000e-01, 6.20000e-01, 6.10000e-01, 2.30012e-03, 1.15006e-01
6.20000e-01, 6.40000e-01, 6.30000e-01, 5.84098e-03, 2.92049e-01
6.40000e-01, 6.60000e-01, 6.50000e-01, 1.23981e-02, 6.19906e-01
6.60000e-01, 6.80000e-01, 6.70000e-01, 2.17655e-02, 1.08827e+00
6.80000e-01, 7.00000e-01, 6.90000e-01, 3.14558e-02, 1.57279e+00
7.00000e-01, 7.20000e-01, 7.10000e-01, 3.79161e-02, 1.89580e+00
7.20000e-01, 7.40000e-01, 7.30000e-01, 4.00000e-02, 2.00000e+00
7.40000e-01, 7.60000e-01, 7.50000e-01, 4.00000e-02, 2.00000e+00
7.60000e-01, 7.80000e-01, 7.70000e-01, 4.00000e-02, 2.00000e+00
7.80000e-01, 8.00000e-01, 7.90000e-01, 4.00000e-02, 2.00000e+00
8.00000e-01, 8.20000e-01, 8.10000e-01, 4.00000e-02, 2.00000e+00
8.20000e-01, 8.40000e-01, 8.30000e-01, 4.00000e-02, 2.00000e+00
8.40000e-01, 8.60000e-01, 8.50000e-01, 4.00000e-02, 2.00000e+00
8.60000e-01, 8.80000e-01, 8.70000e-01, 4.00000e-02, 2.00000e+00
8.80000e-01, 9.00000e-01, 8.90000e-01, 4.00000e-02, 2.00000e+00
9.00000e-01, 9.20000e-01, 9.10000e-01, 4.00000e-02, 2.00000e+00
9.20000e-01, 9.40000e-01, 9.30000e-01, 4.00000e-02, 2.00000e+00
9.40000e-01, 9.60000e-01, 9.50000e-01, 4.00000e-02, 2.00000e+00
9.60000e-01, 9.80000e-01, 9.70000e-01, 4.00000e-02, 2.00000e+00
9.80000e-01, 1.00000e+00, 9.90000e-01, 3.99997e-02, 1.99998e+00
1.00000e+00, 1.02000e+00, 1.01000e+00, 3.99979e-02, 1.99989e+00
1.02000e+00, 1.04000e+00, 1.03000e+00, 3.99886e-02, 1.99943e+00
1.04000e+00, 1.06000e+00, 1.05000e+00, 3.99466e-02, 1.99733e+00
1.06000e+00, 1.08000e+00, 1.07000e+00, 3.97822e-02, 1.98911e+00
1.08000e+00, 1.10000e+00, 1.09000e+00, 3.92343e-02, 1.96171e+00
1.10000e+00, 1.12000e+00, 1.11000e+00, 3.76999e-02, 1.88499e+00
1.12000e+00, 1.14000e+00, 1.13000e+00, 3.41590e-02, 1.70795e+00
1.14000e+00, 1.16000e+00, 1.15000e+00, 2.76019e-02, 1.38009e+00
1.16000e+00, 1.18000e+00, 1.17000e+00, 1.82345e-02, 9.11727e-01
1.18000e+00, 1.20000e+00, 1.19000e+00, 8.54418e-03, 4.27209e-01
1.20000e+00, 1.22000e+00, 1.21000e+00, 2.08395e-03, 1.04197e-01
1.22000e+00, 1.24000e+00, 1.23000e+00, 0.00000e+00, 0.00000e+00
1.24000e+00, 1.26000e+00, 1.25000e+00, 0.00000e+00, 0.00000e+00
1.26000e+00, 1.28000e+00, 1.27000e+00, 0.00000e+00, 0.00000e+00
1.28000e+00, 1.30000e+00, 1.29000e+00, 0.00000e+00, 0.00000e+00
1.30000e+00, 1.32000e+00, 1.31000e+00, 0.00000e+00, 0.00000e+00
1.32000e+00, 1.34000e+00, 1.33000e+00, 0.00000e+00, 0.00000e+00
1.34000e+00, 1.36000e+00, 1.35000e+00, 0.00000e+00, 0.00000e+00
1.36000e+00, 1.38000e+00, 1.37000e+00, 0.00000e+00, 0.00000e+00
1.38000e+00, 1.40000e+00, 1.39000e+00, 0.00000e+00, 0.00000e+00
1.40000e+00, 1.42000e+00, 1.41000e+00, 0.00000e+00, 0.00000e+00
1.42000e+00, 1.44000e+00, 1.43000e+00, 0.00000e+00, 0.00000e+00
1.44000e+00, 1.46000e+00, 1.45000e+00, 0.00000e+00, 0.00000e+00
1.46000e+00, 1.48000e+00, 1.47000e+00, 0.00000e+00, 0.00000e+00
1.48000e+00, 1.50000e+00, 1.49000e+00, 0.00000e+00, 0.00000e+00
1.50000e+00, 1.52000e+00, 1.51000e+00, 0.00000e+00, 0.00000e+00
1.52000e+00, 1.54000e+00, 1.53000e+00, 0.00000e+00, 0.00000e+00
1.54000e+00, 1.56000e+00, 1.55000e+00, 0.00000e+00, 0.00000e+00
1.56000e+00, 1.58000e+00, 1.57000e+00, 0.00000e+00, 0.00000e+00
1.58000e+00, 1.60000e+00, 1.59000e+00, 0.00000e+00, 0.00000e+00
1.60000e+00, 1.62000e+00, 1.61000e+00, 0.00000e+00, 0.00000e+00
1.62000e+00, 1.64000e+00, 1.63000e+00, 0.00000e+00, 0.00000e+00
1.64000e+00, 1.66000e+00, 1.65000e+00, 0.00000e+00, 0.00000e+00
1.66000e+00, 1.68000e+00, 1.67000e+00, 0.00000e+00, 0.00000e+00
1.68000e+00, 1.70000e+00, 1.69000e+00, 0.00000e+00, 0.00000e+00
1.70000e+00, 1.72000e+00, 1.71000e+00, 0.00000e+00, 0.00000e+00
1.72000e+00, 1.74000e+00, 1.73000e+00, 0.00000e+00, 0.00000e+00
1.74000e+00, 1.76000e+00, 1.75000e+00, 0.00000e+00, 0.00000e+00
1.76000e+00, 1.78000e+00, 1.77000e+00, 0.00000e+00, 0.00000e+00
1.78000e+00, 1.80000e+00, 1.79000e+00, 0.00000e+00, 0.00000e+00
1.80000e+00, 1.82000e+00, 1.81000e+00, 0.00000e+00, 0.00000e+00
1.82000e+00, 1.84000e+00, 1.83000e+00, 0.00000e+00, 0.00000e+00
1.84000e+00, 1.86000e+00, 1.85000e+00, 0.00000e+00, 0.00000e+00
1.86000e+00, 1.88000e+00, 1.87000e+00, 0.00000e+00, 0.00000e+00
1.88000e+00, 1.90000e+00, 1.89000e+00, 0.00000e+00, 0.00000e+00
1.90000e+00, 1.92000e+00, 1.91000e+00, 0.00000e+00, 0.00000e+00
1.92000e+00, 1.94000e+00, 1.93000e+00, 0.00000e+00, 0.00000e+00
1.94000e+00, 1.96000e+00, 1.95000e+00, 0.00000e+00, 0.00000e+00
1.96000e+00, 1.98000e+00, 1.97000e+00, 0.00000e+00, 0.00000e+00
1.98000e+00, 2.00000e+00, 1.99000e+00, 0.00000e+00, 0.00000e+00
