# time = 9.818181818181818e-01# start, end, pivot, particles, density
0.00000e+00, 2.00000e-02, 1.00000e-02, 0.00000e+00, 0.00000e+00
2.00000e-02, 4.00000e-02, 3.00000e-02, 0.00000e+00, 0.00000e+00
4.00000e-02, 6.00000e-02, 5.00000e-02, 0.00000e+00, 0.00000e+00
6.00000e-02, 8.00000e-02, 7.00000e-02, 0.00000e+00, 0.00000e+00
8.00000e-02, 1.00000e-01, 9.00000e-02, 0.00000e+00, 0.00000e+00
1.00000e-01, 1.20000e-01, 1.10000e-01, 0.00000e+00, 0.00000e+00
1.20000e-01, 1.40000e-01, 1.30000e-01, 0.00000e+00, 0.00000e+00
1.40000e-01, 1.60000e-01, 1.50000e-01, 0.00000e+00, 0.00000e+00
1.60000e-01, 1.80000e-01, 1.70000e-01, 0.00000e+00, 0.00000e+00
1.80000e-01, 2.00000e-01, 1.90000e-01, 0.00000e+00, 0.00000e+00
2.00000e-01, 2.20000e-01, 2.10000e-01, 0.00000e+00, 0.00000e+00
2.20000e-01, 2.40000e-01, 2.30000e-01, 0.00000e+00, 0.00000e+00
2.40000e-01, 2.60000e-01, 2.50000e-01, 0.00000e+00, 0.00000e+00
2.60000e-01, 2.80000e-01, 2.70000e-01, 0.00000e+00, 0.00000e+00
2.80000e-01, 3.00000e-01, 2.90000e-01, 0.00000e+00, 0.00000e+00
3.00000e-01, 3.20000e-01, 3.10000e-01, 0.00000e+00, 0.00000e+00
3.20000e-01, 3.40000e-01, 3.30000e-01, 0.00000e+00, 0.00000e+00
3.40000e-01, 3.60000e-01, 3.50000e-01, 0.00000e+00, 0.00000e+00
3.60000e-01, 3.80000e-01, 3.70000e-01, 0.00000e+00, 0.00000e+00
3.80000e-01, 4.00000e-01, 3.90000e-01, 0.00000e+00, 0.00000e+00
4.00000e-01, 4.20000e-01, 4.10000e-01, 0.00000e+00, 0.00000e+00
4.20000e-01, 4.40000e-01, 4.30000e-01, 0.00000e+00, 0.00000e+00
4.40000e-01, 4.60000e-01, 4.50000e-01, 0.00000e+00, 0.00000e+00
4.60000e-01, 4.80000e-01, 4.70000e-01, 0.00000e+00, 0.00000e+00
4.80000e-01, 5.00000e-01, 4.90000e-01, 0.00000e+00, 0.00000e+00
5.00000e-01, 5.20000e-01, 5.10000e-01, 0.00000e+00, 0.00000e+00
5.20000e-01, 5.40000e-01, 5.30000e-01, 0.00000e+00, 0.00000e+00
5.40000e-01, 5.60000e-01, 5.50000e-01, 0.00000e+00, 0.00000e+00
5.60000e-01, 5.80000e-01, 5.70000e-01, 9.04647e-01, 4.52323e+01
5.80000e-01, 6.00000e-01, 5.90000e-01, 1.37373e+00, 6.86866e+01
6.00000e-01, 6.20000e-01, 6.10000e-01, 3.70043e-01, 1.85022e+01
6.20000e-01, 6.40000e-01, 6.30000e-01, 0.00000e+00, 0.00000e+00
6.40000e-01, 6.60000e-01, 6.50000e-01, 1.79574e+00, 8.97872e+01
6.60000e-01, 6.80000e-01, 6.70000e-01, 5.61714e+00, 2.80857e+02
6.80000e-01, 7.00000e-01, 6.90000e-01, 3.10314e+00, 1.55157e+02
7.00000e-01, 7.20000e-01, 7.10000e-01, 0.00000e+00, 0.00000e+00
7.20000e-01, 7.40000e-01, 7.30000e-01, 0.00000e+00, 0.00000e+00
7.40000e-01, 7.60000e-01, 7.50000e-01, 7.63824e+00, 3.81912e+02
7.60000e-01, 7.80000e-01, 7.70000e-01, 8.21583e+00, 4.10791e+02
7.80000e-01, 8.00000e-01, 7.90000e-01, 2.01964e+00, 1.00982e+02
8.00000e-01, 8.20000e-01, 8.10000e-01, 0.00000e+00, 0.00000e+00
8.20000e-01, 8.40000e-01, 8.30000e-01, 4.71768e+00, 2.35884e+02
8.40000e-01, 8.60000e-01, 8.50000e-01, 1.35029e+01, 6.75146e+02
8.60000e-01, 8.80000e-01, 8.70000e-01, 9.34757e+00, 4.67378e+02
8.80000e-01, 9.00000e-01, 8.90000e-01, 1.96711e+00, 9.83555e+01
9.00000e-01, 9.20000e-01, 9.10000e-01, 0.00000e+00, 0.00000e+00
9.20000e-01, 9.40000e-01, 9.30000e-01, 3.62256e+00, 1.81128e+02
9.40000e-01, 9.60000e-01, 9.50000e-01, 1.55304e+01, 7.76522e+02
9.60000e-01, 9.80000e-01, 9.70000e-01, 1.40634e+01, 7.03171e+02
9.80000e-01, 1.00000e+00, 9.90000e-01, 5.30082e+00, 2.65041e+02
1.00000e+00, 1.02000e+00, 1.01000e+00, 4.22192e-01, 2.11096e+01
1.02000e+00, 1.04000e+00, 1.03000e+00, 0.00000e+00, 0.00000e+00
1.04000e+00, 1.06000e+00, 1.05000e+00, 5.50808e+00, 2.75404e+02
1.06000e+00, 1.08000e+00, 1.07000e+00, 1.53456e+01, 7.67282e+02
1.08000e+00, 1.10000e+00, 1.09000e+00, 1.32993e+01, 6.64967e+02
1.10000e+00, 1.12000e+00, 1.11000e+00, 6.28655e+00, 3.14327e+02
1.12000e+00, 1.14000e+00, 1.13000e+00, 1.61305e+00, 8.06524e+01
1.14000e+00, 1.16000e+00, 1.15000e+00, 0.00000e+00, 0.00000e+00
1.16000e+00, 1.18000e+00, 1.17000e+00, 0.00000e+00, 0.00000e+00
1.18000e+00, 1.20000e+00, 1.19000e+00, 2.43323e+00, 1.21662e+02
1.20000e+00, 1.22000e+00, 1.21000e+00, 6.03409e+00, 3.01704e+02
1.22000e+00, 1.24000e+00, 1.23000e+00, 5.81079e+00, 2.90540e+02
1.24000e+00, 1.26000e+00, 1.25000e+00, 3.75670e+00, 1.87835e+02
1.26000e+00, 1.28000e+00, 1.27000e+00, 1.88491e+00, 9.42455e+01
1.28000e+00, 1.30000e+00, 1.29000e+00, 7.79861e-01, 3.89931e+01
1.30000e+00, 1.32000e+00, 1.31000e+00, 2.74479e-01, 1.37240e+01
1.32000e+00, 1.34000e+00, 1.33000e+00, 8.36548e-02, 4.18274e+00
1.34000e+00, 1.36000e+00, 1.35000e+00, 2.23146e-02, 1.11573e+00
1.36000e+00, 1.38000e+00, 1.37000e+00, 5.24266e-03, 2.62133e-01
1.38000e+00, 1.40000e+00, 1.39000e+00, 1.08859e-03, 5.44293e-02
1.40000e+00, 1.42000e+00, 1.41000e+00, 2.00013e-04, 1.00006e-02
1.42000e+00, 1.44000e+00, 1.43000e+00, 3.25004e-05, 1.62502e-03
1.44000e+00, 1.46000e+00, 1.45000e+00, 4.66013e-06, 2.33007e-04
1.46000e+00, 1.48000e+00, 1.47000e+00, 5.87367e-07, 2.93684e-05
1.48000e+00, 1.50000e+00, 1.49000e+00, 6.47091e-08, 3.23545e-06
1.50000e+00, 1.52000e+00, 1.51000e+00, 6.18283e-09, 3.09142e-07
1.52000e+00, 1.54000e+00, 1.53000e+00, 5.07039e-10, 2.53520e-08
1.54000e+00, 1.56000e+00, 1.55000e+00, 3.51921e-11, 1.75960e-09
1.56000e+00, 1.58000e+00, 1.57000e+00, 2.02822e-12, 1.01411e-10
1.58000e+00, 1.60000e+00, 1.59000e+00, 9.45002e-14, 4.72501e-12
1.60000e+00, 1.62000e+00, 1.61000e+00, 3.42151e-15, 1.71075e-13
1.62000e+00, 1.64000e+00, 1.63000e+00, 8.88178e-17, 4.44089e-15
1.64000e+00, 1.66000e+00, 1.65000e+00, 0.00000e+00, 0.00000e+00
1.66000e+00, 1.68000e+00, 1.67000e+00, 0.00000e+00, 0.00000e+00
1.68000e+00, 1.70000e+00, 1.69000e+00, 0.00000e+00, 0.00000e+00
1.70000e+00, 1.72000e+00, 1.71000e+00, 0.00000e+00, 0.00000e+00
1.72000e+00, 1.74000e+00, 1.73000e+00, 0.00000e+00, 0.00000e+00
1.74000e+00, 1.76000e+00, 1.75000e+00, 0.00000e+00, 0.00000e+00
1.76000e+00, 1.78000e+00, 1.77000e+00, 0.00000e+00, 0.00000e+00
1.78000e+00, 1.80000e+00, 1.79000e+00, 0.00000e+00, 0.00000e+00
1.80000e+00, 1.82000e+00, 1.81000e+00, 0.00000e+00, 0.00000e+00
1.82000e+00, 1.84000e+00, 1.83000e+00, 0.00000e+00, 0.00000e+00
1.84000e+00, 1.86000e+00, 1.85000e+00, 0.00000e+00, 0.00000e+00
1.86000e+00, 1.88000e+00, 1.87000e+00, 0.00000e+00, 0.00000e+00
1.88000e+00, 1.90000e+00, 1.89000e+00, 0.00000e+00, 0.00000e+00
1.90000e+00, 1.92000e+00, 1.91000e+00, 0.00000e+00, 0.00000e+00
1.92000e+00, 1.94000e+00, 1.93000e+00, 0.00000e+00, 0.00000e+00
1.94000e+00, 1.96000e+00, 1.95000e+00, 0.00000e+00, 0.00000e+00
1.96000e+00, 1.98000e+00, 1.97000e+00, 0.00000e+00, 0.00000e+00
1.98000e+00, 2.00000e+00, 1.99000e+00, 0.00000e+00, 0.00000e+00
