# time = 9.636363636363636e-01# start, end, pivot, particles, density
0.00000e+00, 2.00000e-02, 1.00000e-02, 0.00000e+00, 0.00000e+00
2.00000e-02, 4.00000e-02, 3.00000e-02, 0.00000e+00, 0.00000e+00
4.00000e-02, 6.00000e-02, 5.00000e-02, 0.00000e+00, 0.00000e+00
6.00000e-02, 8.00000e-02, 7.00000e-02, 0.00000e+00, 0.00000e+00
8.00000e-02, 1.00000e-01, 9.00000e-02, 0.00000e+00, 0.00000e+00
1.00000e-01, 1.20000e-01, 1.10000e-01, 2.56005e-57, 1.28002e-55
1.20000e-01, 1.40000e-01, 1.30000e-01, 1.35938e-54, 6.79692e-53
1.40000e-01, 1.60000e-01, 1.50000e-01, 3.54134e-52, 1.77067e-50
1.60000e-01, 1.80000e-01, 1.70000e-01, 6.03258e-50, 3.01629e-48
1.80000e-01, 2.00000e-01, 1.90000e-01, 7.55678e-48, 3.77839e-46
2.00000e-01, 2.20000e-01, 2.10000e-01, 7.42209e-46, 3.71105e-44
2.20000e-01, 2.40000e-01, 2.30000e-01, 5.95144e-44, 2.97572e-42
2.40000e-01, 2.60000e-01, 2.50000e-01, 4.00565e-42, 2.00282e-40
2.60000e-01, 2.80000e-01, 2.70000e-01, 2.30908e-40, 1.15454e-38
2.80000e-01, 3.00000e-01, 2.90000e-01, 1.15760e-38, 5.78802e-37
3.00000e-01, 3.20000e-01, 3.10000e-01, 5.10762e-37, 2.55381e-35
3.20000e-01, 3.40000e-01, 3.30000e-01, 2.00244e-35, 1.00122e-33
3.40000e-01, 3.60000e-01, 3.50000e-01, 7.03001e-34, 3.51501e-32
3.60000e-01, 3.80000e-01, 3.70000e-01, 2.22430e-32, 1.11215e-30
3.80000e-01, 4.00000e-01, 3.90000e-01, 6.37673e-31, 3.18836e-29
4.00000e-01, 4.20000e-01, 4.10000e-01, 1.66388e-29, 8.31942e-28
4.20000e-01, 4.40000e-01, 4.30000e-01, 3.96667e-28, 1.98333e-26
4.40000e-01, 4.60000e-01, 4.50000e-01, 8.66786e-27, 4.33393e-25
4.60000e-01, 4.80000e-01, 4.70000e-01, 1.74092e-25, 8.70459e-24
4.80000e-01, 5.00000e-01, 4.90000e-01, 3.22137e-24, 1.61069e-22
5.00000e-01, 5.20000e-01, 5.10000e-01, 5.50252e-23, 2.75126e-21
5.20000e-01, 5.40000e-01, 5.30000e-01, 8.69085e-22, 4.34542e-20
5.40000e-01, 5.60000e-01, 5.50000e-01, 1.27100e-20, 6.35498e-19
5.60000e-01, 5.80000e-01, 5.70000e-01, 1.72304e-19, 8.61521e-18
5.80000e-01, 6.00000e-01, 5.90000e-01, 2.16723e-18, 1.08362e-16
6.00000e-01, 6.20000e-01, 6.10000e-01, 2.53084e-17, 1.26542e-15
6.20000e-01, 6.40000e-01, 6.30000e-01, 2.74521e-16, 1.37261e-14
6.40000e-01, 6.60000e-01, 6.50000e-01, 2.76665e-15, 1.38332e-13
6.60000e-01, 6.80000e-01, 6.70000e-01, 2.59078e-14, 1.29539e-12
6.80000e-01, 7.00000e-01, 6.90000e-01, 2.25401e-13, 1.12700e-11
7.00000e-01, 7.20000e-01, 7.10000e-01, 1.82134e-12, 9.10672e-11
7.20000e-01, 7.40000e-01, 7.30000e-01, 1.36622e-11, 6.83111e-10
7.40000e-01, 7.60000e-01, 7.50000e-01, 9.50682e-11, 4.75341e-09
7.60000e-01, 7.80000e-01, 7.70000e-01, 6.13106e-10, 3.06553e-08
7.80000e-01, 8.00000e-01, 7.90000e-01, 3.66039e-09, 1.83019e-07
8.00000e-01, 8.20000e-01, 8.10000e-01, 2.02028e-08, 1.01014e-06
8.20000e-01, 8.40000e-01, 8.30000e-01, 1.02915e-07, 5.14574e-06
8.40000e-01, 8.60000e-01, 8.50000e-01, 4.82943e-07, 2.41471e-05
8.60000e-01, 8.80000e-01, 8.70000e-01, 2.08306e-06, 1.04153e-04
8.80000e-01, 9.00000e-01, 8.90000e-01, 8.23736e-06, 4.11868e-04
9.00000e-01, 9.20000e-01, 9.10000e-01, 2.97774e-05, 1.48887e-03
9.20000e-01, 9.40000e-01, 9.30000e-01, 9.80751e-05, 4.90375e-03
9.40000e-01, 9.60000e-01, 9.50000e-01, 2.93211e-04, 1.46606e-02
9.60000e-01, 9.80000e-01, 9.70000e-01, 7.92397e-04, 3.96199e-02
9.80000e-01, 1.00000e+00, 9.90000e-01, 1.92691e-03, 9.63455e-02
1.00000e+00, 1.02000e+00, 1.01000e+00, 4.19594e-03, 2.09797e-01
1.02000e+00, 1.04000e+00, 1.03000e+00, 8.14207e-03, 4.07103e-01
1.04000e+00, 1.06000e+00, 1.05000e+00, 1.40193e-02, 7.00964e-01
1.06000e+00, 1.08000e+00, 1.07000e+00, 2.13658e-02, 1.06829e+00
1.08000e+00, 1.10000e+00, 1.09000e+00, 2.88623e-02, 1.44311e+00
1.10000e+00, 1.12000e+00, 1.11000e+00, 3.48594e-02, 1.74297e+00
1.12000e+00, 1.14000e+00, 1.13000e+00, 3.83872e-02, 1.91936e+00
1.14000e+00, 1.16000e+00, 1.15000e+00, 3.97440e-02, 1.98720e+00
1.16000e+00, 1.18000e+00, 1.17000e+00, 4.00000e-02, 2.00000e+00
1.18000e+00, 1.20000e+00, 1.19000e+00, 4.00000e-02, 2.00000e+00
1.20000e+00, 1.22000e+00, 1.21000e+00, 4.00000e-02, 2.00000e+00
1.22000e+00, 1.24000e+00, 1.23000e+00, 4.00000e-02, 2.00000e+00
1.24000e+00, 1.26000e+00, 1.25000e+00, 4.00000e-02, 2.00000e+00
1.26000e+00, 1.28000e+00, 1.27000e+00, 4.00000e-02, 2.00000e+00
1.28000e+00, 1.30000e+00, 1.29000e+00, 4.00000e-02, 2.00000e+00
1.30000e+00, 1.32000e+00, 1.31000e+00, 4.00000e-02, 2.00000e+00
1.32000e+00, 1.34000e+00, 1.33000e+00, 3.99999e-02, 1.99999e+00
1.34000e+00, 1.36000e+00, 1.35000e+00, 3.99995e-02, 1.99998e+00
1.36000e+00, 1.38000e+00, 1.37000e+00, 3.99979e-02, 1.99990e+00
1.38000e+00, 1.40000e+00, 1.39000e+00, 3.99918e-02, 1.99959e+00
1.40000e+00, 1.42000e+00, 1.41000e+00, 3.99702e-02, 1.99851e+00
1.42000e+00, 1.44000e+00, 1.43000e+00, 3.99019e-02, 1.99510e+00
1.44000e+00, 1.46000e+00, 1.45000e+00, 3.97068e-02, 1.98534e+00
1.46000e+00, 1.48000e+00, 1.47000e+00, 3.92076e-02, 1.96038e+00
1.48000e+00, 1.50000e+00, 1.49000e+00, 3.80731e-02, 1.90365e+00
1.50000e+00, 1.52000e+00, 1.51000e+00, 3.58041e-02, 1.79020e+00
1.52000e+00, 1.54000e+00, 1.53000e+00, 3.18579e-02, 1.59290e+00
1.54000e+00, 1.56000e+00, 1.55000e+00, 2.59807e-02, 1.29904e+00
1.56000e+00, 1.58000e+00, 1.57000e+00, 1.86342e-02, 9.31709e-01
1.58000e+00, 1.60000e+00, 1.59000e+00, 1.11377e-02, 5.56887e-01
1.60000e+00, 1.62000e+00, 1.61000e+00, 5.14057e-03, 2.57029e-01
1.62000e+00, 1.64000e+00, 1.63000e+00, 1.61283e-03, 8.06414e-02
1.64000e+00, 1.66000e+00, 1.65000e+00, 2.56005e-04, 1.28002e-02
1.66000e+00, 1.68000e+00, 1.67000e+00, 0.00000e+00, 0.00000e+00
1.68000e+00, 1.70000e+00, 1.69000e+00, 0.00000e+00, 0.00000e+00
1.70000e+00, 1.72000e+00, 1.71000e+00, 0.00000e+00, 0.00000e+00
1.72000e+00, 1.74000e+00, 1.73000e+00, 0.00000e+00, 0.00000e+00
1.74000e+00, 1.76000e+00, 1.75000e+00, 0.00000e+00, 0.00000e+00
1.76000e+00, 1.78000e+00, 1.77000e+00, 0.00000e+00, 0.00000e+00
1.78000e+00, 1.80000e+00, 1.79000e+00, 0.00000e+00, 0.00000e+00
1.80000e+00, 1.82000e+00, 1.81000e+00, 0.00000e+00, 0.00000e+00
1.82000e+00, 1.84000e+00, 1.83000e+00, 0.00000e+00, 0.00000e+00
1.84000e+00, 1.86000e+00, 1.85000e+00, 0.00000e+00, 0.00000e+00
1.86000e+00, 1.88000e+00, 1.87000e+00, 0.00000e+00, 0.00000e+00
1.88000e+00, 1.90000e+00, 1.89000e+00, 0.00000e+00, 0.00000e+00
1.90000e+00, 1.92000e+00, 1.91000e+00, 0.00000e+00, 0.00000e+00
1.92000e+00, 1.94000e+00, 1.93000e+00, 0.00000e+00, 0.00000e+00
1.94000e+00, 1.96000e+00, 1.95000e+00, 0.00000e+00, 0.00000e+00
1.96000e+00, 1.98000e+00, 1.97000e+00, 0.00000e+00, 0.00000e+00
1.98000e+00, 2.00000e+00, 1.99000e+00, 0.00000e+00, 0.00000e+00
