# time = 7.272727272727273e-01# start, end, pivot, particles, density
0.00000e+00, 2.00000e-02, 1.00000e-02, 0.00000e+00, 0.00000e+00
2.00000e-02, 4.00000e-02, 3.00000e-02, 0.00000e+00, 0.00000e+00
4.00000e-02, 6.00000e-02, 5.00000e-02, 0.00000e+00, 0.00000e+00
6.00000e-02, 8.00000e-02, 7.00000e-02, 0.00000e+00, 0.00000e+00
8.00000e-02, 1.00000e-01, 9.00000e-02, 0.00000e+00, 0.00000e+00
1.00000e-01, 1.20000e-01, 1.10000e-01, 0.00000e+00, 0.00000e+00
1.20000e-01, 1.40000e-01, 1.30000e-01, 0.00000e+00, 0.00000e+00
1.40000e-01, 1.60000e-01, 1.50000e-01, 0.00000e+00, 0.00000e+00
1.60000e-01, 1.80000e-01, 1.70000e-01, 0.00000e+00, 0.00000e+00
1.80000e-01, 2.00000e-01, 1.90000e-01, 0.00000e+00, 0.00000e+00
2.00000e-01, 2.20000e-01, 2.10000e-01, 0.00000e+00, 0.00000e+00
2.20000e-01, 2.40000e-01, 2.30000e-01, 0.00000e+00, 0.00000e+00
2.40000e-01, 2.60000e-01, 2.50000e-01, 0.00000e+00, 0.00000e+00
2.60000e-01, 2.80000e-01, 2.70000e-01, 0.00000e+00, 0.00000e+00
2.80000e-01, 3.00000e-01, 2.90000e-01, 0.00000e+00, 0.00000e+00
3.00000e-01, 3.20000e-01, 3.10000e-01, 0.00000e+00, 0.00000e+00
3.20000e-01, 3.40000e-01, 3.30000e-01, 0.00000e+00, 0.00000e+00
3.40000e-01, 3.60000e-01, 3.50000e-01, 0.00000e+00, 0.00000e+00
3.60000e-01, 3.80000e-01, 3.70000e-01, 0.00000e+00, 0.00000e+00
3.80000e-01, 4.00000e-01, 3.90000e-01, 0.00000e+00, 0.00000e+00
4.00000e-01, 4.20000e-01, 4.10000e-01, 0.00000e+00, 0.00000e+00
4.20000e-01, 4.40000e-01, 4.30000e-01, 0.00000e+00, 0.00000e+00
4.40000e-01, 4.60000e-01, 4.50000e-01, 1.15700e-01, 5.78500e+00
4.60000e-01, 4.80000e-01, 4.70000e-01, 2.41188e-01, 1.20594e+01
4.80000e-01, 5.00000e-01, 4.90000e-01, 2.76519e-02, 1.38260e+00
5.00000e-01, 5.20000e-01, 5.10000e-01, 0.00000e+00, 0.00000e+00
5.20000e-01, 5.40000e-01, 5.30000e-01, 6.69179e-01, 3.34589e+01
5.40000e-01, 5.60000e-01, 5.50000e-01, 7.99330e-01, 3.99665e+01
5.60000e-01, 5.80000e-01, 5.70000e-01, 5.44742e-02, 2.72371e+00
5.80000e-01, 6.00000e-01, 5.90000e-01, 0.00000e+00, 0.00000e+00
6.00000e-01, 6.20000e-01, 6.10000e-01, 1.10976e+00, 5.54881e+01
6.20000e-01, 6.40000e-01, 6.30000e-01, 1.38479e+00, 6.92396e+01
6.40000e-01, 6.60000e-01, 6.50000e-01, 3.55526e-01, 1.77763e+01
6.60000e-01, 6.80000e-01, 6.70000e-01, 0.00000e+00, 0.00000e+00
6.80000e-01, 7.00000e-01, 6.90000e-01, 9.71552e-01, 4.85776e+01
7.00000e-01, 7.20000e-01, 7.10000e-01, 2.41927e+00, 1.20963e+02
7.20000e-01, 7.40000e-01, 7.30000e-01, 1.25229e+00, 6.26146e+01
7.40000e-01, 7.60000e-01, 7.50000e-01, 0.00000e+00, 0.00000e+00
7.60000e-01, 7.80000e-01, 7.70000e-01, 0.00000e+00, 0.00000e+00
7.80000e-01, 8.00000e-01, 7.90000e-01, 2.58295e+00, 1.29148e+02
8.00000e-01, 8.20000e-01, 8.10000e-01, 3.12934e+00, 1.56467e+02
8.20000e-01, 8.40000e-01, 8.30000e-01, 1.30138e+00, 6.50689e+01
8.40000e-01, 8.60000e-01, 8.50000e-01, 0.00000e+00, 0.00000e+00
8.60000e-01, 8.80000e-01, 8.70000e-01, 0.00000e+00, 0.00000e+00
8.80000e-01, 9.00000e-01, 8.90000e-01, 1.97930e+00, 9.89652e+01
9.00000e-01, 9.20000e-01, 9.10000e-01, 3.83053e+00, 1.91527e+02
9.20000e-01, 9.40000e-01, 9.30000e-01, 2.76523e+00, 1.38261e+02
9.40000e-01, 9.60000e-01, 9.50000e-01, 9.49263e-01, 4.74632e+01
9.60000e-01, 9.80000e-01, 9.70000e-01, 1.24377e-01, 6.21886e+00
9.80000e-01, 1.00000e+00, 9.90000e-01, 0.00000e+00, 0.00000e+00
1.00000e+00, 1.02000e+00, 1.01000e+00, 4.06079e-01, 2.03039e+01
1.02000e+00, 1.04000e+00, 1.03000e+00, 1.85466e+00, 9.27332e+01
1.04000e+00, 1.06000e+00, 1.05000e+00, 2.03509e+00, 1.01755e+02
1.06000e+00, 1.08000e+00, 1.07000e+00, 1.36453e+00, 6.82266e+01
1.08000e+00, 1.10000e+00, 1.09000e+00, 6.76974e-01, 3.38487e+01
1.10000e+00, 1.12000e+00, 1.11000e+00, 2.67377e-01, 1.33689e+01
1.12000e+00, 1.14000e+00, 1.13000e+00, 8.70775e-02, 4.35387e+00
1.14000e+00, 1.16000e+00, 1.15000e+00, 2.38218e-02, 1.19109e+00
1.16000e+00, 1.18000e+00, 1.17000e+00, 5.52756e-03, 2.76378e-01
1.18000e+00, 1.20000e+00, 1.19000e+00, 1.09232e-03, 5.46158e-02
1.20000e+00, 1.22000e+00, 1.21000e+00, 1.83814e-04, 9.19070e-03
1.22000e+00, 1.24000e+00, 1.23000e+00, 2.62432e-05, 1.31216e-03
1.24000e+00, 1.26000e+00, 1.25000e+00, 3.15551e-06, 1.57776e-04
1.26000e+00, 1.28000e+00, 1.27000e+00, 3.15862e-07, 1.57931e-05
1.28000e+00, 1.30000e+00, 1.29000e+00, 2.58729e-08, 1.29364e-06
1.30000e+00, 1.32000e+00, 1.31000e+00, 1.69104e-09, 8.45519e-08
1.32000e+00, 1.34000e+00, 1.33000e+00, 8.48777e-11, 4.24389e-09
1.34000e+00, 1.36000e+00, 1.35000e+00, 3.07393e-12, 1.53696e-10
1.36000e+00, 1.38000e+00, 1.37000e+00, 7.15387e-14, 3.57694e-12
1.38000e+00, 1.40000e+00, 1.39000e+00, 8.03398e-16, 4.01699e-14
1.40000e+00, 1.42000e+00, 1.41000e+00, 0.00000e+00, 0.00000e+00
1.42000e+00, 1.44000e+00, 1.43000e+00, 0.00000e+00, 0.00000e+00
1.44000e+00, 1.46000e+00, 1.45000e+00, 0.00000e+00, 0.00000e+00
1.46000e+00, 1.48000e+00, 1.47000e+00, 0.00000e+00, 0.00000e+00
1.48000e+00, 1.50000e+00, 1.49000e+00, 0.00000e+00, 0.00000e+00
1.50000e+00, 1.52000e+00, 1.51000e+00, 0.00000e+00, 0.00000e+00
1.52000e+00, 1.54000e+00, 1.53000e+00, 0.00000e+00, 0.00000e+00
1.54000e+00, 1.56000e+00, 1.55000e+00, 0.00000e+00, 0.00000e+00
1.56000e+00, 1.58000e+00, 1.57000e+00, 0.00000e+00, 0.00000e+00
1.58000e+00, 1.60000e+00, 1.59000e+00, 0.00000e+00, 0.00000e+00
1.60000e+00, 1.62000e+00, 1.61000e+00, 0.00000e+00, 0.00000e+00
1.62000e+00, 1.64000e+00, 1.63000e+00, 0.00000e+00, 0.00000e+00
1.64000e+00, 1.66000e+00, 1.65000e+00, 0.00000e+00, 0.00000e+00
1.66000e+00, 1.68000e+00, 1.67000e+00, 0.00000e+00, 0.00000e+00
1.68000e+00, 1.70000e+00, 1.69000e+00, 0.00000e+00, 0.00000e+00
1.70000e+00, 1.72000e+00, 1.71000e+00, 0.00000e+00, 0.00000e+00
1.72000e+00, 1.74000e+00, 1.73000e+00, 0.00000e+00, 0.00000e+00
1.74000e+00, 1.76000e+00, 1.75000e+00, 0.00000e+00, 0.00000e+00
1.76000e+00, 1.78000e+00, 1.77000e+00, 0.00000e+00, 0.00000e+00
1.78000e+00, 1.80000e+00, 1.79000e+00, 0.00000e+00, 0.00000e+00
1.80000e+00, 1.82000e+00, 1.81000e+00, 0.00000e+00, 0.00000e+00
1.82000e+00, 1.84000e+00, 1.83000e+00, 0.00000e+00, 0.00000e+00
1.84000e+00, 1.86000e+00, 1.85000e+00, 0.00000e+00, 0.00000e+00
1.86000e+00, 1.88000e+00, 1.87000e+00, 0.00000e+00, 0.00000e+00
1.88000e+00, 1.90000e+00, 1.89000e+00, 0.00000e+00, 0.00000e+00
1.90000e+00, 1.92000e+00, 1.91000e+00, 0.00000e+00, 0.00000e+00
1.92000e+00, 1.94000e+00, 1.93000e+00, 0.00000e+00, 0.00000e+00
1.94000e+00, 1.96000e+00, 1.95000e+00, 0.00000e+00, 0.00000e+00
1.96000e+00, 1.98000e+00, 1.97000e+00, 0.00000e+00, 0.00000e+00
1.98000e+00, 2.00000e+00, 1.99000e+00, 0.00000e+00, 0.00000e+00
