# time = 8.600000000000000e-01# start, end, pivot, particles, density
0.00000e+00, 1.45142e-05, 7.25710e-06, 6.11498e-14, 4.21310e-09
1.45142e-05, 3.04798e-05, 2.24970e-05, 0.00000e+00, 0.00000e+00
3.04798e-05, 4.80420e-05, 3.92609e-05, 0.00000e+00, 0.00000e+00
4.80420e-05, 6.73604e-05, 5.77012e-05, 9.39113e-07, 4.86124e-02
6.73604e-05, 8.86106e-05, 7.79855e-05, 3.03827e-05, 1.42976e+00
8.86106e-05, 1.11986e-04, 1.00298e-04, 0.00000e+00, 0.00000e+00
1.11986e-04, 1.37699e-04, 1.24842e-04, 2.67599e+00, 1.04072e+05
1.37699e-04, 1.65983e-04, 1.51841e-04, 2.60181e+02, 9.19885e+06
1.65983e-04, 1.97095e-04, 1.81539e-04, 0.00000e+00, 0.00000e+00
1.97095e-04, 2.31319e-04, 2.14207e-04, 0.00000e+00, 0.00000e+00
2.31319e-04, 2.68965e-04, 2.50142e-04, 5.20664e+08, 1.38305e+13
2.68965e-04, 3.10376e-04, 2.89670e-04, 1.15254e+10, 2.78320e+14
3.10376e-04, 3.55927e-04, 3.33152e-04, 0.00000e+00, 0.00000e+00
3.55927e-04, 4.06034e-04, 3.80981e-04, 0.00000e+00, 0.00000e+00
4.06034e-04, 4.61152e-04, 4.33593e-04, 2.22284e+16, 4.03290e+20
4.61152e-04, 5.21781e-04, 4.91467e-04, 2.01645e+17, 3.32586e+21
5.21781e-04, 5.88474e-04, 5.55128e-04, 0.00000e+00, 0.00000e+00
5.88474e-04, 6.61835e-04, 6.25155e-04, 3.56205e+21, 4.85547e+25
6.61835e-04, 7.42533e-04, 7.02184e-04, 1.21387e+23, 1.50422e+27
7.42533e-04, 8.31301e-04, 7.86917e-04, 0.00000e+00, 0.00000e+00
8.31301e-04, 9.28945e-04, 8.80123e-04, 0.00000e+00, 0.00000e+00
9.28945e-04, 1.03635e-03, 9.82649e-04, 1.22023e+28, 1.13606e+32
1.03635e-03, 1.15450e-03, 1.09543e-03, 9.46719e+28, 8.01289e+32
1.15450e-03, 1.28447e-03, 1.21949e-03, 0.00000e+00, 0.00000e+00
1.28447e-03, 1.42743e-03, 1.35595e-03, 2.05515e+32, 1.43756e+36
1.42743e-03, 1.58469e-03, 1.50606e-03, 3.59390e+33, 2.28537e+37
1.58469e-03, 1.75767e-03, 1.67118e-03, 0.00000e+00, 0.00000e+00
1.75767e-03, 1.94795e-03, 1.85281e-03, 0.00000e+00, 0.00000e+00
1.94795e-03, 2.15726e-03, 2.05260e-03, 4.06826e+37, 1.94366e+41
2.15726e-03, 2.38750e-03, 2.27238e-03, 0.00000e+00, 0.00000e+00
2.38750e-03, 2.64076e-03, 2.51413e-03, 0.00000e+00, 0.00000e+00
2.64076e-03, 2.91935e-03, 2.78006e-03, 1.24996e+41, 4.48674e+44
2.91935e-03, 3.22580e-03, 3.07258e-03, 0.00000e+00, 0.00000e+00
3.22580e-03, 3.56290e-03, 3.39435e-03, 0.00000e+00, 0.00000e+00
3.56290e-03, 3.93370e-03, 3.74830e-03, 1.58350e+44, 4.27044e+47
3.93370e-03, 4.34159e-03, 4.13764e-03, 5.33806e+44, 1.30872e+48
4.34159e-03, 4.79026e-03, 4.56592e-03, 0.00000e+00, 0.00000e+00
4.79026e-03, 5.28380e-03, 5.03703e-03, 6.25043e+46, 1.26645e+50
5.28380e-03, 5.82669e-03, 5.55524e-03, 3.16612e+47, 5.83193e+50
5.82669e-03, 6.42388e-03, 6.12528e-03, 0.00000e+00, 0.00000e+00
6.42388e-03, 7.08078e-03, 6.75233e-03, 1.37331e+49, 2.09058e+52
7.08078e-03, 7.80337e-03, 7.44207e-03, 5.22645e+49, 7.23292e+52
7.80337e-03, 8.59822e-03, 8.20079e-03, 0.00000e+00, 0.00000e+00
8.59822e-03, 9.47256e-03, 9.03539e-03, 1.26385e+51, 1.44550e+54
9.47256e-03, 1.04343e-02, 9.95344e-03, 3.61374e+51, 3.75739e+54
1.04343e-02, 1.14923e-02, 1.09633e-02, 0.00000e+00, 0.00000e+00
1.14923e-02, 1.26560e-02, 1.20741e-02, 4.88343e+52, 4.19632e+55
1.26560e-02, 1.39361e-02, 1.32961e-02, 1.04908e+53, 8.19519e+55
1.39361e-02, 1.53443e-02, 1.46402e-02, 0.00000e+00, 0.00000e+00
1.53443e-02, 1.68932e-02, 1.61187e-02, 7.93626e+53, 5.12367e+56
1.68932e-02, 1.85970e-02, 1.77451e-02, 1.28092e+54, 7.51785e+56
1.85970e-02, 2.04712e-02, 1.95341e-02, 0.00000e+00, 0.00000e+00
2.04712e-02, 2.25329e-02, 2.15021e-02, 5.43183e+54, 2.63471e+57
2.25329e-02, 2.48007e-02, 2.36668e-02, 6.58678e+54, 2.90448e+57
2.48007e-02, 2.72953e-02, 2.60480e-02, 0.00000e+00, 0.00000e+00
2.72953e-02, 3.00393e-02, 2.86673e-02, 1.52826e+55, 5.56937e+57
3.00393e-02, 3.30578e-02, 3.15485e-02, 1.39234e+55, 4.61278e+57
3.30578e-02, 3.63781e-02, 3.47179e-02, 0.00000e+00, 0.00000e+00
3.63781e-02, 4.00304e-02, 3.82042e-02, 2.19348e+55, 6.00571e+57
4.00304e-02, 4.40479e-02, 4.20391e-02, 2.64989e+55, 6.59579e+57
4.40479e-02, 4.84672e-02, 4.62576e-02, 0.00000e+00, 0.00000e+00
4.84672e-02, 5.33285e-02, 5.08978e-02, 1.69443e+55, 3.48560e+57
5.33285e-02, 5.86758e-02, 5.60021e-02, 2.67602e+55, 5.00438e+57
5.86758e-02, 6.45579e-02, 6.16169e-02, 3.92489e+54, 6.67261e+56
6.45579e-02, 7.10282e-02, 6.77931e-02, 3.84393e+54, 5.94088e+56
7.10282e-02, 7.81456e-02, 7.45869e-02, 1.14929e+55, 1.61478e+57
7.81456e-02, 8.59746e-02, 8.20601e-02, 8.08333e+54, 1.03248e+57
8.59746e-02, 9.45866e-02, 9.02806e-02, 3.48037e+54, 4.04131e+56
9.45866e-02, 1.04060e-01, 9.93232e-02, 1.88413e+54, 1.98891e+56
1.04060e-01, 1.14480e-01, 1.09270e-01, 1.09131e+54, 1.04727e+56
1.14480e-01, 1.25943e-01, 1.20212e-01, 4.49257e+53, 3.91935e+55
1.25943e-01, 1.38552e-01, 1.32247e-01, 1.23804e+53, 9.81884e+54
1.38552e-01, 1.52421e-01, 1.45486e-01, 2.35296e+52, 1.69648e+54
1.52421e-01, 1.67678e-01, 1.60050e-01, 3.17798e+51, 2.08302e+53
1.67678e-01, 1.84460e-01, 1.76069e-01, 3.11148e+50, 1.85403e+52
1.84460e-01, 2.02921e-01, 1.93691e-01, 2.23304e+49, 1.20963e+51
2.02921e-01, 2.23227e-01, 2.13074e-01, 1.17976e+48, 5.80975e+49
2.23227e-01, 2.45565e-01, 2.34396e-01, 4.58168e+46, 2.05114e+48
2.45565e-01, 2.70136e-01, 2.57850e-01, 1.29884e+45, 5.28606e+46
2.70136e-01, 2.97164e-01, 2.83650e-01, 2.65279e+43, 9.81494e+44
2.97164e-01, 3.26895e-01, 3.12029e-01, 3.82318e+41, 1.28593e+43
3.26895e-01, 3.59599e-01, 3.43247e-01, 3.76565e+39, 1.15144e+41
3.59599e-01, 3.95573e-01, 3.77586e-01, 2.41136e+37, 6.70298e+38
3.95573e-01, 4.35145e-01, 4.15359e-01, 9.23746e+34, 2.33435e+36
4.35145e-01, 4.78674e-01, 4.56909e-01, 1.80827e+32, 4.15417e+33
4.78674e-01, 5.26556e-01, 5.02615e-01, 1.22181e+29, 2.55172e+30
5.26556e-01, 5.79226e-01, 5.52891e-01, 3.35075e-02, 6.36178e-01
5.79226e-01, 6.37163e-01, 6.08194e-01, 6.49166e-02, 1.12047e+00
6.37163e-01, 7.00894e-01, 6.69028e-01, 1.02722e-01, 1.61182e+00
7.00894e-01, 7.70997e-01, 7.35945e-01, 1.38741e-01, 1.97908e+00
7.70997e-01, 8.48112e-01, 8.09555e-01, 1.65553e-01, 2.14685e+00
8.48112e-01, 9.32937e-01, 8.90524e-01, 1.74095e-01, 2.05239e+00
9.32937e-01, 1.02625e+00, 9.79591e-01, 1.49252e-01, 1.59956e+00
1.02625e+00, 1.12888e+00, 1.07757e+00, 9.77562e-02, 9.52427e-01
1.12888e+00, 1.24179e+00, 1.18534e+00, 4.80046e-02, 4.25184e-01
1.24179e+00, 1.36598e+00, 1.30388e+00, 1.77989e-02, 1.43316e-01
1.36598e+00, 1.50259e+00, 1.43429e+00, 5.05976e-03, 3.70373e-02
1.50259e+00, 1.65287e+00, 1.57773e+00, 1.12032e-03, 7.45520e-03
1.65287e+00, 1.81817e+00, 1.73552e+00, 1.99330e-04, 1.20586e-03
1.81817e+00, 2.00000e+00, 1.90908e+00, 0.00000e+00, 0.00000e+00
