# time = 9.000000000000000e-02# start, end, pivot, particles, density
0.00000e+00, 4.82987e-08, 2.41493e-08, 2.26741e-31, 4.69456e-24
4.82987e-08, 1.06257e-07, 7.72779e-08, 0.00000e+00, 0.00000e+00
1.06257e-07, 1.75807e-07, 1.41032e-07, 0.00000e+00, 0.00000e+00
1.75807e-07, 2.59267e-07, 2.17537e-07, 0.00000e+00, 0.00000e+00
2.59267e-07, 3.59420e-07, 3.09343e-07, 0.00000e+00, 0.00000e+00
3.59420e-07, 4.79602e-07, 4.19511e-07, 0.00000e+00, 0.00000e+00
4.79602e-07, 6.23821e-07, 5.51712e-07, 0.00000e+00, 0.00000e+00
6.23821e-07, 7.96884e-07, 7.10353e-07, 0.00000e+00, 0.00000e+00
7.96884e-07, 1.00456e-06, 9.00722e-07, 0.00000e+00, 0.00000e+00
1.00456e-06, 1.25377e-06, 1.12917e-06, 0.00000e+00, 0.00000e+00
1.25377e-06, 1.55282e-06, 1.40330e-06, 0.00000e+00, 0.00000e+00
1.55282e-06, 1.91169e-06, 1.73225e-06, 0.00000e+00, 0.00000e+00
1.91169e-06, 2.34232e-06, 2.12700e-06, 0.00000e+00, 0.00000e+00
2.34232e-06, 2.85909e-06, 2.60070e-06, 0.00000e+00, 0.00000e+00
2.85909e-06, 3.47920e-06, 3.16914e-06, 0.00000e+00, 0.00000e+00
3.47920e-06, 4.22334e-06, 3.85127e-06, 0.00000e+00, 0.00000e+00
4.22334e-06, 5.11631e-06, 4.66982e-06, 0.00000e+00, 0.00000e+00
5.11631e-06, 6.18787e-06, 5.65209e-06, 0.00000e+00, 0.00000e+00
6.18787e-06, 7.47374e-06, 6.83080e-06, 0.00000e+00, 0.00000e+00
7.47374e-06, 9.01679e-06, 8.24526e-06, 0.00000e+00, 0.00000e+00
9.01679e-06, 1.08684e-05, 9.94261e-06, 0.00000e+00, 0.00000e+00
1.08684e-05, 1.30904e-05, 1.19794e-05, 0.00000e+00, 0.00000e+00
1.30904e-05, 1.57568e-05, 1.44236e-05, 0.00000e+00, 0.00000e+00
1.57568e-05, 1.89565e-05, 1.73566e-05, 0.00000e+00, 0.00000e+00
1.89565e-05, 2.27961e-05, 2.08763e-05, 0.00000e+00, 0.00000e+00
2.27961e-05, 2.74036e-05, 2.50998e-05, 0.00000e+00, 0.00000e+00
2.74036e-05, 3.29326e-05, 3.01681e-05, 0.00000e+00, 0.00000e+00
3.29326e-05, 3.95674e-05, 3.62500e-05, 0.00000e+00, 0.00000e+00
3.95674e-05, 4.75292e-05, 4.35483e-05, 0.00000e+00, 0.00000e+00
4.75292e-05, 5.70833e-05, 5.23063e-05, 0.00000e+00, 0.00000e+00
5.70833e-05, 6.85483e-05, 6.28158e-05, 0.00000e+00, 0.00000e+00
6.85483e-05, 8.23063e-05, 7.54273e-05, 0.00000e+00, 0.00000e+00
8.23063e-05, 9.88158e-05, 9.05610e-05, 0.00000e+00, 0.00000e+00
9.88158e-05, 1.18627e-04, 1.08722e-04, 0.00000e+00, 0.00000e+00
1.18627e-04, 1.42401e-04, 1.30514e-04, 0.00000e+00, 0.00000e+00
1.42401e-04, 1.70930e-04, 1.56665e-04, 0.00000e+00, 0.00000e+00
1.70930e-04, 2.05164e-04, 1.88047e-04, 0.00000e+00, 0.00000e+00
2.05164e-04, 2.46245e-04, 2.25704e-04, 0.00000e+00, 0.00000e+00
2.46245e-04, 2.95542e-04, 2.70893e-04, 0.00000e+00, 0.00000e+00
2.95542e-04, 3.54699e-04, 3.25120e-04, 0.00000e+00, 0.00000e+00
3.54699e-04, 4.25687e-04, 3.90193e-04, 0.00000e+00, 0.00000e+00
4.25687e-04, 5.10872e-04, 4.68280e-04, 0.00000e+00, 0.00000e+00
5.10872e-04, 6.13095e-04, 5.61984e-04, 0.00000e+00, 0.00000e+00
6.13095e-04, 7.35763e-04, 6.74429e-04, 0.00000e+00, 0.00000e+00
7.35763e-04, 8.82963e-04, 8.09363e-04, 0.00000e+00, 0.00000e+00
8.82963e-04, 1.05960e-03, 9.71284e-04, 0.00000e+00, 0.00000e+00
1.05960e-03, 1.27157e-03, 1.16559e-03, 0.00000e+00, 0.00000e+00
1.27157e-03, 1.52594e-03, 1.39876e-03, 0.00000e+00, 0.00000e+00
1.52594e-03, 1.83117e-03, 1.67855e-03, 0.00000e+00, 0.00000e+00
1.83117e-03, 2.19745e-03, 2.01431e-03, 0.00000e+00, 0.00000e+00
2.19745e-03, 2.63699e-03, 2.41722e-03, 0.00000e+00, 0.00000e+00
2.63699e-03, 3.16444e-03, 2.90072e-03, 0.00000e+00, 0.00000e+00
3.16444e-03, 3.79738e-03, 3.48091e-03, 0.00000e+00, 0.00000e+00
3.79738e-03, 4.55690e-03, 4.17714e-03, 0.00000e+00, 0.00000e+00
4.55690e-03, 5.46833e-03, 5.01262e-03, 0.00000e+00, 0.00000e+00
5.46833e-03, 6.56204e-03, 6.01519e-03, 0.00000e+00, 0.00000e+00
6.56204e-03, 7.87450e-03, 7.21827e-03, 0.00000e+00, 0.00000e+00
7.87450e-03, 9.44945e-03, 8.66198e-03, 0.00000e+00, 0.00000e+00
9.44945e-03, 1.13394e-02, 1.03944e-02, 0.00000e+00, 0.00000e+00
1.13394e-02, 1.36073e-02, 1.24734e-02, 0.00000e+00, 0.00000e+00
1.36073e-02, 1.63288e-02, 1.49681e-02, 0.00000e+00, 0.00000e+00
1.63288e-02, 1.95946e-02, 1.79617e-02, 0.00000e+00, 0.00000e+00
1.95946e-02, 2.35136e-02, 2.15541e-02, 0.00000e+00, 0.00000e+00
2.35136e-02, 2.82164e-02, 2.58650e-02, 0.00000e+00, 0.00000e+00
2.82164e-02, 3.38597e-02, 3.10381e-02, 0.00000e+00, 0.00000e+00
3.38597e-02, 4.06317e-02, 3.72457e-02, 0.00000e+00, 0.00000e+00
4.06317e-02, 4.87581e-02, 4.46949e-02, 0.00000e+00, 0.00000e+00
4.87581e-02, 5.85098e-02, 5.36339e-02, 0.00000e+00, 0.00000e+00
5.85098e-02, 7.02118e-02, 6.43608e-02, 0.00000e+00, 0.00000e+00
7.02118e-02, 8.42542e-02, 7.72330e-02, 0.00000e+00, 0.00000e+00
8.42542e-02, 1.01105e-01, 9.26796e-02, 0.00000e+00, 0.00000e+00
1.01105e-01, 1.21326e-01, 1.11216e-01, 0.00000e+00, 0.00000e+00
1.21326e-01, 1.45591e-01, 1.33459e-01, 0.00000e+00, 0.00000e+00
1.45591e-01, 1.74710e-01, 1.60151e-01, 0.00000e+00, 0.00000e+00
1.74710e-01, 2.09652e-01, 1.92181e-01, 0.00000e+00, 0.00000e+00
2.09652e-01, 2.51582e-01, 2.30617e-01, 0.00000e+00, 0.00000e+00
2.51582e-01, 3.01899e-01, 2.76740e-01, 0.00000e+00, 0.00000e+00
3.01899e-01, 3.62278e-01, 3.32088e-01, 0.00000e+00, 0.00000e+00
3.62278e-01, 4.34734e-01, 3.98506e-01, 0.00000e+00, 0.00000e+00
4.34734e-01, 5.21681e-01, 4.78207e-01, 0.00000e+00, 0.00000e+00
5.21681e-01, 6.26017e-01, 5.73849e-01, 3.12119e-04, 2.99147e-03
6.26017e-01, 7.51221e-01, 6.88619e-01, 1.12733e-03, 9.00400e-03
7.51221e-01, 9.01465e-01, 8.26343e-01, 2.76192e-03, 1.83829e-02
9.01465e-01, 1.08176e+00, 9.91611e-01, 5.78863e-03, 3.21068e-02
1.08176e+00, 1.29811e+00, 1.18993e+00, 1.10090e-02, 5.08848e-02
1.29811e+00, 1.55773e+00, 1.42792e+00, 1.93758e-02, 7.46310e-02
1.55773e+00, 1.86928e+00, 1.71350e+00, 3.16958e-02, 1.01737e-01
1.86928e+00, 2.24313e+00, 2.05621e+00, 4.79826e-02, 1.28345e-01
2.24313e+00, 2.69176e+00, 2.46745e+00, 6.64344e-02, 1.48084e-01
2.69176e+00, 3.23011e+00, 2.96094e+00, 8.23352e-02, 1.52939e-01
3.23011e+00, 3.87613e+00, 3.55312e+00, 8.76833e-02, 1.35728e-01
3.87613e+00, 4.65136e+00, 4.26375e+00, 7.26355e-02, 9.36958e-02
4.65136e+00, 5.58163e+00, 5.11650e+00, 2.85011e-02, 3.06374e-02
5.58163e+00, 6.69796e+00, 6.13980e+00, 0.00000e+00, 0.00000e+00
6.69796e+00, 8.03755e+00, 7.36776e+00, 0.00000e+00, 0.00000e+00
8.03755e+00, 9.64506e+00, 8.84131e+00, 0.00000e+00, 0.00000e+00
9.64506e+00, 1.15741e+01, 1.06096e+01, 0.00000e+00, 0.00000e+00
1.15741e+01, 1.38889e+01, 1.27315e+01, 0.00000e+00, 0.00000e+00
1.38889e+01, 1.66667e+01, 1.52778e+01, 0.00000e+00, 0.00000e+00
1.66667e+01, 2.00000e+01, 1.83333e+01, 3.02623e-06, 9.07869e-07
