# time = 4.100000000000000e-01# start, end, pivot, particles, density
0.00000e+00, 2.00000e-02, 1.00000e-02, 0.00000e+00, 0.00000e+00
2.00000e-02, 4.00000e-02, 3.00000e-02, 0.00000e+00, 0.00000e+00
4.00000e-02, 6.00000e-02, 5.00000e-02, 0.00000e+00, 0.00000e+00
6.00000e-02, 8.00000e-02, 7.00000e-02, 0.00000e+00, 0.00000e+00
8.00000e-02, 1.00000e-01, 9.00000e-02, 0.00000e+00, 0.00000e+00
1.00000e-01, 1.20000e-01, 1.10000e-01, 0.00000e+00, 0.00000e+00
1.20000e-01, 1.40000e-01, 1.30000e-01, 0.00000e+00, 0.00000e+00
1.40000e-01, 1.60000e-01, 1.50000e-01, 0.00000e+00, 0.00000e+00
1.60000e-01, 1.80000e-01, 1.70000e-01, 0.00000e+00, 0.00000e+00
1.80000e-01, 2.00000e-01, 1.90000e-01, 0.00000e+00, 0.00000e+00
2.00000e-01, 2.20000e-01, 2.10000e-01, 0.00000e+00, 0.00000e+00
2.20000e-01, 2.40000e-01, 2.30000e-01, 0.00000e+00, 0.00000e+00
2.40000e-01, 2.60000e-01, 2.50000e-01, 0.00000e+00, 0.00000e+00
2.60000e-01, 2.80000e-01, 2.70000e-01, 0.00000e+00, 0.00000e+00
2.80000e-01, 3.00000e-01, 2.90000e-01, 0.00000e+00, 0.00000e+00
3.00000e-01, 3.20000e-01, 3.10000e-01, 0.00000e+00, 0.00000e+00
3.20000e-01, 3.40000e-01, 3.30000e-01, 0.00000e+00, 0.00000e+00
3.40000e-01, 3.60000e-01, 3.50000e-01, 0.00000e+00, 0.00000e+00
3.60000e-01, 3.80000e-01, 3.70000e-01, 3.34364e-02, 1.67182e+00
3.80000e-01, 4.00000e-01, 3.90000e-01, 3.19548e-03, 1.59774e-01
4.00000e-01, 4.20000e-01, 4.10000e-01, 0.00000e+00, 0.00000e+00
4.20000e-01, 4.40000e-01, 4.30000e-01, 9.25977e-02, 4.62988e+00
4.40000e-01, 4.60000e-01, 4.50000e-01, 3.38734e-02, 1.69367e+00
4.60000e-01, 4.80000e-01, 4.70000e-01, 0.00000e+00, 0.00000e+00
4.80000e-01, 5.00000e-01, 4.90000e-01, 1.06786e-01, 5.33930e+00
5.00000e-01, 5.20000e-01, 5.10000e-01, 9.43010e-02, 4.71505e+00
5.20000e-01, 5.40000e-01, 5.30000e-01, 0.00000e+00, 0.00000e+00
5.40000e-01, 5.60000e-01, 5.50000e-01, 4.87393e-02, 2.43697e+00
5.60000e-01, 5.80000e-01, 5.70000e-01, 1.58828e-01, 7.94140e+00
5.80000e-01, 6.00000e-01, 5.90000e-01, 7.86232e-02, 3.93116e+00
6.00000e-01, 6.20000e-01, 6.10000e-01, 0.00000e+00, 0.00000e+00
6.20000e-01, 6.40000e-01, 6.30000e-01, 6.15261e-02, 3.07630e+00
6.40000e-01, 6.60000e-01, 6.50000e-01, 1.86800e-01, 9.34001e+00
6.60000e-01, 6.80000e-01, 6.70000e-01, 1.26725e-01, 6.33623e+00
6.80000e-01, 7.00000e-01, 6.90000e-01, 1.50109e-02, 7.50546e-01
7.00000e-01, 7.20000e-01, 7.10000e-01, 0.00000e+00, 0.00000e+00
7.20000e-01, 7.40000e-01, 7.30000e-01, 1.18349e-01, 5.91747e+00
7.40000e-01, 7.60000e-01, 7.50000e-01, 2.06406e-01, 1.03203e+01
7.60000e-01, 7.80000e-01, 7.70000e-01, 1.45465e-01, 7.27325e+00
7.80000e-01, 8.00000e-01, 7.90000e-01, 4.51748e-02, 2.25874e+00
8.00000e-01, 8.20000e-01, 8.10000e-01, 0.00000e+00, 0.00000e+00
8.20000e-01, 8.40000e-01, 8.30000e-01, 5.51717e-03, 2.75859e-01
8.40000e-01, 8.60000e-01, 8.50000e-01, 8.80938e-02, 4.40469e+00
8.60000e-01, 8.80000e-01, 8.70000e-01, 1.42879e-01, 7.14397e+00
8.80000e-01, 9.00000e-01, 8.90000e-01, 1.34447e-01, 6.72235e+00
9.00000e-01, 9.20000e-01, 9.10000e-01, 9.27240e-02, 4.63620e+00
9.20000e-01, 9.40000e-01, 9.30000e-01, 5.11313e-02, 2.55656e+00
9.40000e-01, 9.60000e-01, 9.50000e-01, 2.35340e-02, 1.17670e+00
9.60000e-01, 9.80000e-01, 9.70000e-01, 9.26705e-03, 4.63353e-01
9.80000e-01, 1.00000e+00, 9.90000e-01, 3.17069e-03, 1.58534e-01
1.00000e+00, 1.02000e+00, 1.01000e+00, 9.52311e-04, 4.76156e-02
1.02000e+00, 1.04000e+00, 1.03000e+00, 2.52827e-04, 1.26413e-02
1.04000e+00, 1.06000e+00, 1.05000e+00, 5.96073e-05, 2.98036e-03
1.06000e+00, 1.08000e+00, 1.07000e+00, 1.25167e-05, 6.25837e-04
1.08000e+00, 1.10000e+00, 1.09000e+00, 2.34478e-06, 1.17239e-04
1.10000e+00, 1.12000e+00, 1.11000e+00, 3.92050e-07, 1.96025e-05
1.12000e+00, 1.14000e+00, 1.13000e+00, 5.84756e-08, 2.92378e-06
1.14000e+00, 1.16000e+00, 1.15000e+00, 7.76844e-09, 3.88422e-07
1.16000e+00, 1.18000e+00, 1.17000e+00, 9.16864e-10, 4.58432e-08
1.18000e+00, 1.20000e+00, 1.19000e+00, 9.57836e-11, 4.78918e-09
1.20000e+00, 1.22000e+00, 1.21000e+00, 8.81330e-12, 4.40665e-10
1.22000e+00, 1.24000e+00, 1.23000e+00, 7.09622e-13, 3.54811e-11
1.24000e+00, 1.26000e+00, 1.25000e+00, 4.95781e-14, 2.47891e-12
1.26000e+00, 1.28000e+00, 1.27000e+00, 2.97318e-15, 1.48659e-13
1.28000e+00, 1.30000e+00, 1.29000e+00, 1.49880e-16, 7.49401e-15
1.30000e+00, 1.32000e+00, 1.31000e+00, 5.55112e-18, 2.77556e-16
1.32000e+00, 1.34000e+00, 1.33000e+00, 0.00000e+00, 0.00000e+00
1.34000e+00, 1.36000e+00, 1.35000e+00, 0.00000e+00, 0.00000e+00
1.36000e+00, 1.38000e+00, 1.37000e+00, 0.00000e+00, 0.00000e+00
1.38000e+00, 1.40000e+00, 1.39000e+00, 0.00000e+00, 0.00000e+00
1.40000e+00, 1.42000e+00, 1.41000e+00, 0.00000e+00, 0.00000e+00
1.42000e+00, 1.44000e+00, 1.43000e+00, 0.00000e+00, 0.00000e+00
1.44000e+00, 1.46000e+00, 1.45000e+00, 0.00000e+00, 0.00000e+00
1.46000e+00, 1.48000e+00, 1.47000e+00, 0.00000e+00, 0.00000e+00
1.48000e+00, 1.50000e+00, 1.49000e+00, 0.00000e+00, 0.00000e+00
1.50000e+00, 1.52000e+00, 1.51000e+00, 0.00000e+00, 0.00000e+00
1.52000e+00, 1.54000e+00, 1.53000e+00, 0.00000e+00, 0.00000e+00
1.54000e+00, 1.56000e+00, 1.55000e+00, 0.00000e+00, 0.00000e+00
1.56000e+00, 1.58000e+00, 1.57000e+00, 0.00000e+00, 0.00000e+00
1.58000e+00, 1.60000e+00, 1.59000e+00, 0.00000e+00, 0.00000e+00
1.60000e+00, 1.62000e+00, 1.61000e+00, 0.00000e+00, 0.00000e+00
1.62000e+00, 1.64000e+00, 1.63000e+00, 0.00000e+00, 0.00000e+00
1.64000e+00, 1.66000e+00, 1.65000e+00, 0.00000e+00, 0.00000e+00
1.66000e+00, 1.68000e+00, 1.67000e+00, 0.00000e+00, 0.00000e+00
1.68000e+00, 1.70000e+00, 1.69000e+00, 0.00000e+00, 0.00000e+00
1.70000e+00, 1.72000e+00, 1.71000e+00, 0.00000e+00, 0.00000e+00
1.72000e+00, 1.74000e+00, 1.73000e+00, 0.00000e+00, 0.00000e+00
1.74000e+00, 1.76000e+00, 1.75000e+00, 0.00000e+00, 0.00000e+00
1.76000e+00, 1.78000e+00, 1.77000e+00, 0.00000e+00, 0.00000e+00
1.78000e+00, 1.80000e+00, 1.79000e+00, 0.00000e+00, 0.00000e+00
1.80000e+00, 1.82000e+00, 1.81000e+00, 0.00000e+00, 0.00000e+00
1.82000e+00, 1.84000e+00, 1.83000e+00, 0.00000e+00, 0.00000e+00
1.84000e+00, 1.86000e+00, 1.85000e+00, 0.00000e+00, 0.00000e+00
1.86000e+00, 1.88000e+00, 1.87000e+00, 0.00000e+00, 0.00000e+00
1.88000e+00, 1.90000e+00, 1.89000e+00, 0.00000e+00, 0.00000e+00
1.90000e+00, 1.92000e+00, 1.91000e+00, 0.00000e+00, 0.00000e+00
1.92000e+00, 1.94000e+00, 1.93000e+00, 0.00000e+00, 0.00000e+00
1.94000e+00, 1.96000e+00, 1.95000e+00, 0.00000e+00, 0.00000e+00
1.96000e+00, 1.98000e+00, 1.97000e+00, 0.00000e+00, 0.00000e+00
1.98000e+00, 2.00000e+00, 1.99000e+00, 0.00000e+00, 0.00000e+00
