# time = 3.400000000000000e-01# start, end, pivot, particles, density
0.00000e+00, 2.00000e-02, 1.00000e-02, 0.00000e+00, 0.00000e+00
2.00000e-02, 4.00000e-02, 3.00000e-02, 0.00000e+00, 0.00000e+00
4.00000e-02, 6.00000e-02, 5.00000e-02, 0.00000e+00, 0.00000e+00
6.00000e-02, 8.00000e-02, 7.00000e-02, 0.00000e+00, 0.00000e+00
8.00000e-02, 1.00000e-01, 9.00000e-02, 0.00000e+00, 0.00000e+00
1.00000e-01, 1.20000e-01, 1.10000e-01, 2.32831e-12, 1.16415e-10
1.20000e-01, 1.40000e-01, 1.30000e-01, 8.14907e-11, 4.07454e-09
1.40000e-01, 1.60000e-01, 1.50000e-01, 1.38767e-09, 6.93835e-08
1.60000e-01, 1.80000e-01, 1.70000e-01, 1.53203e-08, 7.66013e-07
1.80000e-01, 2.00000e-01, 1.90000e-01, 1.23298e-07, 6.16489e-06
2.00000e-01, 2.20000e-01, 2.10000e-01, 7.71163e-07, 3.85582e-05
2.20000e-01, 2.40000e-01, 2.30000e-01, 3.90251e-06, 1.95126e-04
2.40000e-01, 2.60000e-01, 2.50000e-01, 1.64279e-05, 8.21395e-04
2.60000e-01, 2.80000e-01, 2.70000e-01, 5.87011e-05, 2.93506e-03
2.80000e-01, 3.00000e-01, 2.90000e-01, 1.80824e-04, 9.04119e-03
3.00000e-01, 3.20000e-01, 3.10000e-01, 4.86130e-04, 2.43065e-02
3.20000e-01, 3.40000e-01, 3.30000e-01, 1.15225e-03, 5.76127e-02
3.40000e-01, 3.60000e-01, 3.50000e-01, 2.42899e-03, 1.21449e-01
3.60000e-01, 3.80000e-01, 3.70000e-01, 4.58962e-03, 2.29481e-01
3.80000e-01, 4.00000e-01, 3.90000e-01, 7.83057e-03, 3.91528e-01
4.00000e-01, 4.20000e-01, 4.10000e-01, 1.21518e-02, 6.07591e-01
4.20000e-01, 4.40000e-01, 4.30000e-01, 1.72833e-02, 8.64166e-01
4.40000e-01, 4.60000e-01, 4.50000e-01, 2.27167e-02, 1.13583e+00
4.60000e-01, 4.80000e-01, 4.70000e-01, 2.78482e-02, 1.39241e+00
4.80000e-01, 5.00000e-01, 4.90000e-01, 3.21694e-02, 1.60847e+00
5.00000e-01, 5.20000e-01, 5.10000e-01, 3.54104e-02, 1.77052e+00
5.20000e-01, 5.40000e-01, 5.30000e-01, 3.75710e-02, 1.87855e+00
5.40000e-01, 5.60000e-01, 5.50000e-01, 3.88477e-02, 1.94239e+00
5.60000e-01, 5.80000e-01, 5.70000e-01, 3.95139e-02, 1.97569e+00
5.80000e-01, 6.00000e-01, 5.90000e-01, 3.98192e-02, 1.99096e+00
6.00000e-01, 6.20000e-01, 6.10000e-01, 3.99413e-02, 1.99706e+00
6.20000e-01, 6.40000e-01, 6.30000e-01, 3.99836e-02, 1.99918e+00
6.40000e-01, 6.60000e-01, 6.50000e-01, 3.99961e-02, 1.99980e+00
6.60000e-01, 6.80000e-01, 6.70000e-01, 3.99992e-02, 1.99996e+00
6.80000e-01, 7.00000e-01, 6.90000e-01, 3.99998e-02, 1.99999e+00
7.00000e-01, 7.20000e-01, 7.10000e-01, 3.99992e-02, 1.99996e+00
7.20000e-01, 7.40000e-01, 7.30000e-01, 3.99961e-02, 1.99980e+00
7.40000e-01, 7.60000e-01, 7.50000e-01, 3.99836e-02, 1.99918e+00
7.60000e-01, 7.80000e-01, 7.70000e-01, 3.99413e-02, 1.99706e+00
7.80000e-01, 8.00000e-01, 7.90000e-01, 3.98192e-02, 1.99096e+00
8.00000e-01, 8.20000e-01, 8.10000e-01, 3.95139e-02, 1.97569e+00
8.20000e-01, 8.40000e-01, 8.30000e-01, 3.88477e-02, 1.94239e+00
8.40000e-01, 8.60000e-01, 8.50000e-01, 3.75710e-02, 1.87855e+00
8.60000e-01, 8.80000e-01, 8.70000e-01, 3.54104e-02, 1.77052e+00
8.80000e-01, 9.00000e-01, 8.90000e-01, 3.21694e-02, 1.60847e+00
9.00000e-01, 9.20000e-01, 9.10000e-01, 2.78482e-02, 1.39241e+00
9.20000e-01, 9.40000e-01, 9.30000e-01, 2.27167e-02, 1.13583e+00
9.40000e-01, 9.60000e-01, 9.50000e-01, 1.72833e-02, 8.64166e-01
9.60000e-01, 9.80000e-01, 9.70000e-01, 1.21518e-02, 6.07591e-01
9.80000e-01, 1.00000e+00, 9.90000e-01, 7.83057e-03, 3.91528e-01
1.00000e+00, 1.02000e+00, 1.01000e+00, 4.58962e-03, 2.29481e-01
1.02000e+00, 1.04000e+00, 1.03000e+00, 2.42899e-03, 1.21449e-01
1.04000e+00, 1.06000e+00, 1.05000e+00, 1.15225e-03, 5.76127e-02
1.06000e+00, 1.08000e+00, 1.07000e+00, 4.86130e-04, 2.43065e-02
1.08000e+00, 1.10000e+00, 1.09000e+00, 1.80824e-04, 9.04119e-03
1.10000e+00, 1.12000e+00, 1.11000e+00, 5.87011e-05, 2.93506e-03
1.12000e+00, 1.14000e+00, 1.13000e+00, 1.64279e-05, 8.21395e-04
1.14000e+00, 1.16000e+00, 1.15000e+00, 3.90251e-06, 1.95126e-04
1.16000e+00, 1.18000e+00, 1.17000e+00, 7.71163e-07, 3.85582e-05
1.18000e+00, 1.20000e+00, 1.19000e+00, 1.23298e-07, 6.16489e-06
1.20000e+00, 1.22000e+00, 1.21000e+00, 1.53203e-08, 7.66013e-07
1.22000e+00, 1.24000e+00, 1.23000e+00, 1.38767e-09, 6.93835e-08
1.24000e+00, 1.26000e+00, 1.25000e+00, 8.14907e-11, 4.07454e-09
1.26000e+00, 1.28000e+00, 1.27000e+00, 2.32831e-12, 1.16415e-10
1.28000e+00, 1.30000e+00, 1.29000e+00, 0.00000e+00, 0.00000e+00
1.30000e+00, 1.32000e+00, 1.31000e+00, 0.00000e+00, 0.00000e+00
1.32000e+00, 1.34000e+00, 1.33000e+00, 0.00000e+00, 0.00000e+00
1.34000e+00, 1.36000e+00, 1.35000e+00, 0.00000e+00, 0.00000e+00
1.36000e+00, 1.38000e+00, 1.37000e+00, 0.00000e+00, 0.00000e+00
1.38000e+00, 1.40000e+00, 1.39000e+00, 0.00000e+00, 0.00000e+00
1.40000e+00, 1.42000e+00, 1.41000e+00, 0.00000e+00, 0.00000e+00
1.42000e+00, 1.44000e+00, 1.43000e+00, 0.00000e+00, 0.00000e+00
1.44000e+00, 1.46000e+00, 1.45000e+00, 0.00000e+00, 0.00000e+00
1.46000e+00, 1.48000e+00, 1.47000e+00, 0.00000e+00, 0.00000e+00
1.48000e+00, 1.50000e+00, 1.49000e+00, 0.00000e+00, 0.00000e+00
1.50000e+00, 1.52000e+00, 1.51000e+00, 0.00000e+00, 0.00000e+00
1.52000e+00, 1.54000e+00, 1.53000e+00, 0.00000e+00, 0.00000e+00
1.54000e+00, 1.56000e+00, 1.55000e+00, 0.00000e+00, 0.00000e+00
1.56000e+00, 1.58000e+00, 1.57000e+00, 0.00000e+00, 0.00000e+00
1.58000e+00, 1.60000e+00, 1.59000e+00, 0.00000e+00, 0.00000e+00
1.60000e+00, 1.62000e+00, 1.61000e+00, 0.00000e+00, 0.00000e+00
1.62000e+00, 1.64000e+00, 1.63000e+00, 0.00000e+00, 0.00000e+00
1.64000e+00, 1.66000e+00, 1.65000e+00, 0.00000e+00, 0.00000e+00
1.66000e+00, 1.68000e+00, 1.67000e+00, 0.00000e+00, 0.00000e+00
1.68000e+00, 1.70000e+00, 1.69000e+00, 0.00000e+00, 0.00000e+00
1.70000e+00, 1.72000e+00, 1.71000e+00, 0.00000e+00, 0.00000e+00
1.72000e+00, 1.74000e+00, 1.73000e+00, 0.00000e+00, 0.00000e+00
1.74000e+00, 1.76000e+00, 1.75000e+00, 0.00000e+00, 0.00000e+00
1.76000e+00, 1.78000e+00, 1.77000e+00, 0.00000e+00, 0.00000e+00
1.78000e+00, 1.80000e+00, 1.79000e+00, 0.00000e+00, 0.00000e+00
1.80000e+00, 1.82000e+00, 1.81000e+00, 0.00000e+00, 0.00000e+00
1.82000e+00, 1.84000e+00, 1.83000e+00, 0.00000e+00, 0.00000e+00
1.84000e+00, 1.86000e+00, 1.85000e+00, 0.00000e+00, 0.00000e+00
1.86000e+00, 1.88000e+00, 1.87000e+00, 0.00000e+00, 0.00000e+00
1.88000e+00, 1.90000e+00, 1.89000e+00, 0.00000e+00, 0.00000e+00
1.90000e+00, 1.92000e+00, 1.91000e+00, 0.00000e+00, 0.00000e+00
1.92000e+00, 1.94000e+00, 1.93000e+00, 0.00000e+00, 0.00000e+00
1.94000e+00, 1.96000e+00, 1.95000e+00, 0.00000e+00, 0.00000e+00
1.96000e+00, 1.98000e+00, 1.97000e+00, 0.00000e+00, 0.00000e+00
1.98000e+00, 2.00000e+00, 1.99000e+00, 0.00000e+00, 0.00000e+00
