# time = 6.800000000000000e-01# start, end, pivot, particles, density
0.00000e+00, 2.00000e-02, 1.00000e-02, 0.00000e+00, 0.00000e+00
2.00000e-02, 4.00000e-02, 3.00000e-02, 0.00000e+00, 0.00000e+00
4.00000e-02, 6.00000e-02, 5.00000e-02, 0.00000e+00, 0.00000e+00
6.00000e-02, 8.00000e-02, 7.00000e-02, 0.00000e+00, 0.00000e+00
8.00000e-02, 1.00000e-01, 9.00000e-02, 0.00000e+00, 0.00000e+00
1.00000e-01, 1.20000e-01, 1.10000e-01, 0.00000e+00, 0.00000e+00
1.20000e-01, 1.40000e-01, 1.30000e-01, 0.00000e+00, 0.00000e+00
1.40000e-01, 1.60000e-01, 1.50000e-01, 0.00000e+00, 0.00000e+00
1.60000e-01, 1.80000e-01, 1.70000e-01, 0.00000e+00, 0.00000e+00
1.80000e-01, 2.00000e-01, 1.90000e-01, 0.00000e+00, 0.00000e+00
2.00000e-01, 2.20000e-01, 2.10000e-01, 0.00000e+00, 0.00000e+00
2.20000e-01, 2.40000e-01, 2.30000e-01, 0.00000e+00, 0.00000e+00
2.40000e-01, 2.60000e-01, 2.50000e-01, 0.00000e+00, 0.00000e+00
2.60000e-01, 2.80000e-01, 2.70000e-01, 0.00000e+00, 0.00000e+00
2.80000e-01, 3.00000e-01, 2.90000e-01, 0.00000e+00, 0.00000e+00
3.00000e-01, 3.20000e-01, 3.10000e-01, 0.00000e+00, 0.00000e+00
3.20000e-01, 3.40000e-01, 3.30000e-01, 0.00000e+00, 0.00000e+00
3.40000e-01, 3.60000e-01, 3.50000e-01, 0.00000e+00, 0.00000e+00
3.60000e-01, 3.80000e-01, 3.70000e-01, 0.00000e+00, 0.00000e+00
3.80000e-01, 4.00000e-01, 3.90000e-01, 0.00000e+00, 0.00000e+00
4.00000e-01, 4.20000e-01, 4.10000e-01, 0.00000e+00, 0.00000e+00
4.20000e-01, 4.40000e-01, 4.30000e-01, 0.00000e+00, 0.00000e+00
4.40000e-01, 4.60000e-01, 4.50000e-01, 0.00000e+00, 0.00000e+00
4.60000e-01, 4.80000e-01, 4.70000e-01, 4.22871e-02, 2.11436e+00
4.80000e-01, 5.00000e-01, 4.90000e-01, 8.48639e-02, 4.24319e+00
5.00000e-01, 5.20000e-01, 5.10000e-01, 2.04239e-02, 1.02120e+00
5.20000e-01, 5.40000e-01, 5.30000e-01, 0.00000e+00, 0.00000e+00
5.40000e-01, 5.60000e-01, 5.50000e-01, 1.60273e-01, 8.01363e+00
5.60000e-01, 5.80000e-01, 5.70000e-01, 2.43513e-01, 1.21757e+01
5.80000e-01, 6.00000e-01, 5.90000e-01, 6.28251e-02, 3.14125e+00
6.00000e-01, 6.20000e-01, 6.10000e-01, 0.00000e+00, 0.00000e+00
6.20000e-01, 6.40000e-01, 6.30000e-01, 2.20118e-01, 1.10059e+01
6.40000e-01, 6.60000e-01, 6.50000e-01, 3.74544e-01, 1.87272e+01
6.60000e-01, 6.80000e-01, 6.70000e-01, 1.53368e-01, 7.66841e+00
6.80000e-01, 7.00000e-01, 6.90000e-01, 0.00000e+00, 0.00000e+00
7.00000e-01, 7.20000e-01, 7.10000e-01, 1.19814e-01, 5.99070e+00
7.20000e-01, 7.40000e-01, 7.30000e-01, 4.41890e-01, 2.20945e+01
7.40000e-01, 7.60000e-01, 7.50000e-01, 3.60188e-01, 1.80094e+01
7.60000e-01, 7.80000e-01, 7.70000e-01, 8.34855e-02, 4.17427e+00
7.80000e-01, 8.00000e-01, 7.90000e-01, 0.00000e+00, 0.00000e+00
8.00000e-01, 8.20000e-01, 8.10000e-01, 1.90966e-01, 9.54828e+00
8.20000e-01, 8.40000e-01, 8.30000e-01, 4.96880e-01, 2.48440e+01
8.40000e-01, 8.60000e-01, 8.50000e-01, 4.19858e-01, 2.09929e+01
8.60000e-01, 8.80000e-01, 8.70000e-01, 1.51868e-01, 7.59341e+00
8.80000e-01, 9.00000e-01, 8.90000e-01, 0.00000e+00, 0.00000e+00
9.00000e-01, 9.20000e-01, 9.10000e-01, 3.21591e-03, 1.60796e-01
9.20000e-01, 9.40000e-01, 9.30000e-01, 2.99008e-01, 1.49504e+01
9.40000e-01, 9.60000e-01, 9.50000e-01, 4.71368e-01, 2.35684e+01
9.60000e-01, 9.80000e-01, 9.70000e-01, 3.75717e-01, 1.87858e+01
9.80000e-01, 1.00000e+00, 9.90000e-01, 1.74869e-01, 8.74343e+00
1.00000e+00, 1.02000e+00, 1.01000e+00, 3.86861e-02, 1.93431e+00
1.02000e+00, 1.04000e+00, 1.03000e+00, 0.00000e+00, 0.00000e+00
1.04000e+00, 1.06000e+00, 1.05000e+00, 2.29419e-02, 1.14710e+00
1.06000e+00, 1.08000e+00, 1.07000e+00, 1.51842e-01, 7.59208e+00
1.08000e+00, 1.10000e+00, 1.09000e+00, 2.33395e-01, 1.16698e+01
1.10000e+00, 1.12000e+00, 1.11000e+00, 2.26876e-01, 1.13438e+01
1.12000e+00, 1.14000e+00, 1.13000e+00, 1.69762e-01, 8.48808e+00
1.14000e+00, 1.16000e+00, 1.15000e+00, 1.05553e-01, 5.27764e+00
1.16000e+00, 1.18000e+00, 1.17000e+00, 5.66959e-02, 2.83480e+00
1.18000e+00, 1.20000e+00, 1.19000e+00, 2.69160e-02, 1.34580e+00
1.20000e+00, 1.22000e+00, 1.21000e+00, 1.14620e-02, 5.73102e-01
1.22000e+00, 1.24000e+00, 1.23000e+00, 4.42307e-03, 2.21154e-01
1.24000e+00, 1.26000e+00, 1.25000e+00, 1.55805e-03, 7.79025e-02
1.26000e+00, 1.28000e+00, 1.27000e+00, 5.03736e-04, 2.51868e-02
1.28000e+00, 1.30000e+00, 1.29000e+00, 1.50103e-04, 7.50513e-03
1.30000e+00, 1.32000e+00, 1.31000e+00, 4.13541e-05, 2.06771e-03
1.32000e+00, 1.34000e+00, 1.33000e+00, 1.05600e-05, 5.27998e-04
1.34000e+00, 1.36000e+00, 1.35000e+00, 2.50403e-06, 1.25201e-04
1.36000e+00, 1.38000e+00, 1.37000e+00, 5.52162e-07, 2.76081e-05
1.38000e+00, 1.40000e+00, 1.39000e+00, 1.13343e-07, 5.66713e-06
1.40000e+00, 1.42000e+00, 1.41000e+00, 2.16733e-08, 1.08366e-06
1.42000e+00, 1.44000e+00, 1.43000e+00, 3.86219e-09, 1.93110e-07
1.44000e+00, 1.46000e+00, 1.45000e+00, 6.41473e-10, 3.20737e-08
1.46000e+00, 1.48000e+00, 1.47000e+00, 9.92898e-11, 4.96449e-09
1.48000e+00, 1.50000e+00, 1.49000e+00, 1.43169e-11, 7.15847e-10
1.50000e+00, 1.52000e+00, 1.51000e+00, 1.92198e-12, 9.60989e-11
1.52000e+00, 1.54000e+00, 1.53000e+00, 2.40006e-13, 1.20003e-11
1.54000e+00, 1.56000e+00, 1.55000e+00, 2.78455e-14, 1.39228e-12
1.56000e+00, 1.58000e+00, 1.57000e+00, 2.99538e-15, 1.49769e-13
1.58000e+00, 1.60000e+00, 1.59000e+00, 2.95319e-16, 1.47660e-14
1.60000e+00, 1.62000e+00, 1.61000e+00, 2.55351e-17, 1.27676e-15
1.62000e+00, 1.64000e+00, 1.63000e+00, 1.11022e-18, 5.55112e-17
1.64000e+00, 1.66000e+00, 1.65000e+00, 0.00000e+00, 0.00000e+00
1.66000e+00, 1.68000e+00, 1.67000e+00, 0.00000e+00, 0.00000e+00
1.68000e+00, 1.70000e+00, 1.69000e+00, 0.00000e+00, 0.00000e+00
1.70000e+00, 1.72000e+00, 1.71000e+00, 0.00000e+00, 0.00000e+00
1.72000e+00, 1.74000e+00, 1.73000e+00, 0.00000e+00, 0.00000e+00
1.74000e+00, 1.76000e+00, 1.75000e+00, 0.00000e+00, 0.00000e+00
1.76000e+00, 1.78000e+00, 1.77000e+00, 0.00000e+00, 0.00000e+00
1.78000e+00, 1.80000e+00, 1.79000e+00, 0.00000e+00, 0.00000e+00
1.80000e+00, 1.82000e+00, 1.81000e+00, 0.00000e+00, 0.00000e+00
1.82000e+00, 1.84000e+00, 1.83000e+00, 0.00000e+00, 0.00000e+00
1.84000e+00, 1.86000e+00, 1.85000e+00, 0.00000e+00, 0.00000e+00
1.86000e+00, 1.88000e+00, 1.87000e+00, 0.00000e+00, 0.00000e+00
1.88000e+00, 1.90000e+00, 1.89000e+00, 0.00000e+00, 0.00000e+00
1.90000e+00, 1.92000e+00, 1.91000e+00, 0.00000e+00, 0.00000e+00
1.92000e+00, 1.94000e+00, 1.93000e+00, 0.00000e+00, 0.00000e+00
1.94000e+00, 1.96000e+00, 1.95000e+00, 0.00000e+00, 0.00000e+00
1.96000e+00, 1.98000e+00, 1.97000e+00, 0.00000e+00, 0.00000e+00
1.98000e+00, 2.00000e+00, 1.99000e+00, 0.00000e+00, 0.00000e+00
