# time = 3.900000000000000e-01# start, end, pivot, particles, density
0.00000e+00, 2.00000e-02, 1.00000e-02, 0.00000e+00, 0.00000e+00
2.00000e-02, 4.00000e-02, 3.00000e-02, 0.00000e+00, 0.00000e+00
4.00000e-02, 6.00000e-02, 5.00000e-02, 0.00000e+00, 0.00000e+00
6.00000e-02, 8.00000e-02, 7.00000e-02, 0.00000e+00, 0.00000e+00
8.00000e-02, 1.00000e-01, 9.00000e-02, 0.00000e+00, 0.00000e+00
1.00000e-01, 1.20000e-01, 1.10000e-01, 0.00000e+00, 0.00000e+00
1.20000e-01, 1.40000e-01, 1.30000e-01, 0.00000e+00, 0.00000e+00
1.40000e-01, 1.60000e-01, 1.50000e-01, 0.00000e+00, 0.00000e+00
1.60000e-01, 1.80000e-01, 1.70000e-01, 0.00000e+00, 0.00000e+00
1.80000e-01, 2.00000e-01, 1.90000e-01, 0.00000e+00, 0.00000e+00
2.00000e-01, 2.20000e-01, 2.10000e-01, 0.00000e+00, 0.00000e+00
2.20000e-01, 2.40000e-01, 2.30000e-01, 0.00000e+00, 0.00000e+00
2.40000e-01, 2.60000e-01, 2.50000e-01, 0.00000e+00, 0.00000e+00
2.60000e-01, 2.80000e-01, 2.70000e-01, 0.00000e+00, 0.00000e+00
2.80000e-01, 3.00000e-01, 2.90000e-01, 0.00000e+00, 0.00000e+00
3.00000e-01, 3.20000e-01, 3.10000e-01, 0.00000e+00, 0.00000e+00
3.20000e-01, 3.40000e-01, 3.30000e-01, 0.00000e+00, 0.00000e+00
3.40000e-01, 3.60000e-01, 3.50000e-01, 1.32734e-02, 6.63671e-01
3.60000e-01, 3.80000e-01, 3.70000e-01, 2.85863e-02, 1.42931e+00
3.80000e-01, 4.00000e-01, 3.90000e-01, 0.00000e+00, 0.00000e+00
4.00000e-01, 4.20000e-01, 4.10000e-01, 3.94696e-02, 1.97348e+00
4.20000e-01, 4.40000e-01, 4.30000e-01, 8.13877e-02, 4.06938e+00
4.40000e-01, 4.60000e-01, 4.50000e-01, 1.16813e-03, 5.84066e-02
4.60000e-01, 4.80000e-01, 4.70000e-01, 3.57234e-02, 1.78617e+00
4.80000e-01, 5.00000e-01, 4.90000e-01, 1.20836e-01, 6.04180e+00
5.00000e-01, 5.20000e-01, 5.10000e-01, 3.37603e-02, 1.68802e+00
5.20000e-01, 5.40000e-01, 5.30000e-01, 0.00000e+00, 0.00000e+00
5.40000e-01, 5.60000e-01, 5.50000e-01, 1.16111e-01, 5.80556e+00
5.60000e-01, 5.80000e-01, 5.70000e-01, 1.21666e-01, 6.08332e+00
5.80000e-01, 6.00000e-01, 5.90000e-01, 1.14913e-02, 5.74565e-01
6.00000e-01, 6.20000e-01, 6.10000e-01, 9.60091e-04, 4.80046e-02
6.20000e-01, 6.40000e-01, 6.30000e-01, 1.45158e-01, 7.25792e+00
6.40000e-01, 6.60000e-01, 6.50000e-01, 1.54957e-01, 7.74783e+00
6.60000e-01, 6.80000e-01, 6.70000e-01, 4.28522e-02, 2.14261e+00
6.80000e-01, 7.00000e-01, 6.90000e-01, 0.00000e+00, 0.00000e+00
7.00000e-01, 7.20000e-01, 7.10000e-01, 6.76376e-02, 3.38188e+00
7.20000e-01, 7.40000e-01, 7.30000e-01, 1.84359e-01, 9.21797e+00
7.40000e-01, 7.60000e-01, 7.50000e-01, 1.61444e-01, 8.07218e+00
7.60000e-01, 7.80000e-01, 7.70000e-01, 6.30065e-02, 3.15033e+00
7.80000e-01, 8.00000e-01, 7.90000e-01, 3.82001e-03, 1.91000e-01
8.00000e-01, 8.20000e-01, 8.10000e-01, 0.00000e+00, 0.00000e+00
8.20000e-01, 8.40000e-01, 8.30000e-01, 6.73707e-02, 3.36854e+00
8.40000e-01, 8.60000e-01, 8.50000e-01, 1.32094e-01, 6.60469e+00
8.60000e-01, 8.80000e-01, 8.70000e-01, 1.34464e-01, 6.72322e+00
8.80000e-01, 9.00000e-01, 8.90000e-01, 9.69359e-02, 4.84680e+00
9.00000e-01, 9.20000e-01, 9.10000e-01, 5.49331e-02, 2.74666e+00
9.20000e-01, 9.40000e-01, 9.30000e-01, 2.57050e-02, 1.28525e+00
9.40000e-01, 9.60000e-01, 9.50000e-01, 1.02088e-02, 5.10442e-01
9.60000e-01, 9.80000e-01, 9.70000e-01, 3.50000e-03, 1.75000e-01
9.80000e-01, 1.00000e+00, 9.90000e-01, 1.04732e-03, 5.23659e-02
1.00000e+00, 1.02000e+00, 1.01000e+00, 2.75545e-04, 1.37773e-02
1.02000e+00, 1.04000e+00, 1.03000e+00, 6.40480e-05, 3.20240e-03
1.04000e+00, 1.06000e+00, 1.05000e+00, 1.31919e-05, 6.59596e-04
1.06000e+00, 1.08000e+00, 1.07000e+00, 2.41130e-06, 1.20565e-04
1.08000e+00, 1.10000e+00, 1.09000e+00, 3.91238e-07, 1.95619e-05
1.10000e+00, 1.12000e+00, 1.11000e+00, 5.62960e-08, 2.81480e-06
1.12000e+00, 1.14000e+00, 1.13000e+00, 7.16910e-09, 3.58455e-07
1.14000e+00, 1.16000e+00, 1.15000e+00, 8.05348e-10, 4.02674e-08
1.16000e+00, 1.18000e+00, 1.17000e+00, 7.94381e-11, 3.97191e-09
1.18000e+00, 1.20000e+00, 1.19000e+00, 6.83765e-12, 3.41883e-10
1.20000e+00, 1.22000e+00, 1.21000e+00, 5.09409e-13, 2.54705e-11
1.22000e+00, 1.24000e+00, 1.23000e+00, 3.24962e-14, 1.62481e-12
1.24000e+00, 1.26000e+00, 1.25000e+00, 1.74971e-15, 8.74856e-14
1.26000e+00, 1.28000e+00, 1.27000e+00, 7.77156e-17, 3.88578e-15
1.28000e+00, 1.30000e+00, 1.29000e+00, 2.22045e-18, 1.11022e-16
1.30000e+00, 1.32000e+00, 1.31000e+00, 0.00000e+00, 0.00000e+00
1.32000e+00, 1.34000e+00, 1.33000e+00, 0.00000e+00, 0.00000e+00
1.34000e+00, 1.36000e+00, 1.35000e+00, 0.00000e+00, 0.00000e+00
1.36000e+00, 1.38000e+00, 1.37000e+00, 0.00000e+00, 0.00000e+00
1.38000e+00, 1.40000e+00, 1.39000e+00, 0.00000e+00, 0.00000e+00
1.40000e+00, 1.42000e+00, 1.41000e+00, 0.00000e+00, 0.00000e+00
1.42000e+00, 1.44000e+00, 1.43000e+00, 0.00000e+00, 0.00000e+00
1.44000e+00, 1.46000e+00, 1.45000e+00, 0.00000e+00, 0.00000e+00
1.46000e+00, 1.48000e+00, 1.47000e+00, 0.00000e+00, 0.00000e+00
1.48000e+00, 1.50000e+00, 1.49000e+00, 0.00000e+00, 0.00000e+00
1.50000e+00, 1.52000e+00, 1.51000e+00, 0.00000e+00, 0.00000e+00
1.52000e+00, 1.54000e+00, 1.53000e+00, 0.00000e+00, 0.00000e+00
1.54000e+00, 1.56000e+00, 1.55000e+00, 0.00000e+00, 0.00000e+00
1.56000e+00, 1.58000e+00, 1.57000e+00, 0.00000e+00, 0.00000e+00
1.58000e+00, 1.60000e+00, 1.59000e+00, 0.00000e+00, 0.00000e+00
1.60000e+00, 1.62000e+00, 1.61000e+00, 0.00000e+00, 0.00000e+00
1.62000e+00, 1.64000e+00, 1.63000e+00, 0.00000e+00, 0.00000e+00
1.64000e+00, 1.66000e+00, 1.65000e+00, 0.00000e+00, 0.00000e+00
1.66000e+00, 1.68000e+00, 1.67000e+00, 0.00000e+00, 0.00000e+00
1.68000e+00, 1.70000e+00, 1.69000e+00, 0.00000e+00, 0.00000e+00
1.70000e+00, 1.72000e+00, 1.71000e+00, 0.00000e+00, 0.00000e+00
1.72000e+00, 1.74000e+00, 1.73000e+00, 0.00000e+00, 0.00000e+00
1.74000e+00, 1.76000e+00, 1.75000e+00, 0.00000e+00, 0.00000e+00
1.76000e+00, 1.78000e+00, 1.77000e+00, 0.00000e+00, 0.00000e+00
1.78000e+00, 1.80000e+00, 1.79000e+00, 0.00000e+00, 0.00000e+00
1.80000e+00, 1.82000e+00, 1.81000e+00, 0.00000e+00, 0.00000e+00
1.82000e+00, 1.84000e+00, 1.83000e+00, 0.00000e+00, 0.00000e+00
1.84000e+00, 1.86000e+00, 1.85000e+00, 0.00000e+00, 0.00000e+00
1.86000e+00, 1.88000e+00, 1.87000e+00, 0.00000e+00, 0.00000e+00
1.88000e+00, 1.90000e+00, 1.89000e+00, 0.00000e+00, 0.00000e+00
1.90000e+00, 1.92000e+00, 1.91000e+00, 0.00000e+00, 0.00000e+00
1.92000e+00, 1.94000e+00, 1.93000e+00, 0.00000e+00, 0.00000e+00
1.94000e+00, 1.96000e+00, 1.95000e+00, 0.00000e+00, 0.00000e+00
1.96000e+00, 1.98000e+00, 1.97000e+00, 0.00000e+00, 0.00000e+00
1.98000e+00, 2.00000e+00, 1.99000e+00, 0.00000e+00, 0.00000e+00
