# time = 4.200000000000000e-01# start, end, pivot, particles, density
0.00000e+00, 2.00000e-02, 1.00000e-02, 0.00000e+00, 0.00000e+00
2.00000e-02, 4.00000e-02, 3.00000e-02, 0.00000e+00, 0.00000e+00
4.00000e-02, 6.00000e-02, 5.00000e-02, 0.00000e+00, 0.00000e+00
6.00000e-02, 8.00000e-02, 7.00000e-02, 0.00000e+00, 0.00000e+00
8.00000e-02, 1.00000e-01, 9.00000e-02, 0.00000e+00, 0.00000e+00
1.00000e-01, 1.20000e-01, 1.10000e-01, 0.00000e+00, 0.00000e+00
1.20000e-01, 1.40000e-01, 1.30000e-01, 0.00000e+00, 0.00000e+00
1.40000e-01, 1.60000e-01, 1.50000e-01, 0.00000e+00, 0.00000e+00
1.60000e-01, 1.80000e-01, 1.70000e-01, 0.00000e+00, 0.00000e+00
1.80000e-01, 2.00000e-01, 1.90000e-01, 0.00000e+00, 0.00000e+00
2.00000e-01, 2.20000e-01, 2.10000e-01, 0.00000e+00, 0.00000e+00
2.20000e-01, 2.40000e-01, 2.30000e-01, 0.00000e+00, 0.00000e+00
2.40000e-01, 2.60000e-01, 2.50000e-01, 0.00000e+00, 0.00000e+00
2.60000e-01, 2.80000e-01, 2.70000e-01, 0.00000e+00, 0.00000e+00
2.80000e-01, 3.00000e-01, 2.90000e-01, 0.00000e+00, 0.00000e+00
3.00000e-01, 3.20000e-01, 3.10000e-01, 0.00000e+00, 0.00000e+00
3.20000e-01, 3.40000e-01, 3.30000e-01, 0.00000e+00, 0.00000e+00
3.40000e-01, 3.60000e-01, 3.50000e-01, 0.00000e+00, 0.00000e+00
3.60000e-01, 3.80000e-01, 3.70000e-01, 3.26375e-02, 1.63187e+00
3.80000e-01, 4.00000e-01, 3.90000e-01, 1.15546e-02, 5.77729e-01
4.00000e-01, 4.20000e-01, 4.10000e-01, 0.00000e+00, 0.00000e+00
4.20000e-01, 4.40000e-01, 4.30000e-01, 8.41294e-02, 4.20647e+00
4.40000e-01, 4.60000e-01, 4.50000e-01, 5.70228e-02, 2.85114e+00
4.60000e-01, 4.80000e-01, 4.70000e-01, 0.00000e+00, 0.00000e+00
4.80000e-01, 5.00000e-01, 4.90000e-01, 8.32108e-02, 4.16054e+00
5.00000e-01, 5.20000e-01, 5.10000e-01, 1.20998e-01, 6.04988e+00
5.20000e-01, 5.40000e-01, 5.30000e-01, 1.13904e-02, 5.69521e-01
5.40000e-01, 5.60000e-01, 5.50000e-01, 9.03230e-03, 4.51615e-01
5.60000e-01, 5.80000e-01, 5.70000e-01, 1.51357e-01, 7.56786e+00
5.80000e-01, 6.00000e-01, 5.90000e-01, 1.18330e-01, 5.91651e+00
6.00000e-01, 6.20000e-01, 6.10000e-01, 4.27429e-03, 2.13715e-01
6.20000e-01, 6.40000e-01, 6.30000e-01, 1.48260e-02, 7.41301e-01
6.40000e-01, 6.60000e-01, 6.50000e-01, 1.70501e-01, 8.52503e+00
6.60000e-01, 6.80000e-01, 6.70000e-01, 1.69672e-01, 8.48360e+00
6.80000e-01, 7.00000e-01, 6.90000e-01, 4.66921e-02, 2.33460e+00
7.00000e-01, 7.20000e-01, 7.10000e-01, 0.00000e+00, 0.00000e+00
7.20000e-01, 7.40000e-01, 7.30000e-01, 6.67479e-02, 3.33739e+00
7.40000e-01, 7.60000e-01, 7.50000e-01, 1.99627e-01, 9.98134e+00
7.60000e-01, 7.80000e-01, 7.70000e-01, 1.85773e-01, 9.28864e+00
7.80000e-01, 8.00000e-01, 7.90000e-01, 8.15410e-02, 4.07705e+00
8.00000e-01, 8.20000e-01, 8.10000e-01, 9.91440e-03, 4.95720e-01
8.20000e-01, 8.40000e-01, 8.30000e-01, 0.00000e+00, 0.00000e+00
8.40000e-01, 8.60000e-01, 8.50000e-01, 5.37532e-02, 2.68766e+00
8.60000e-01, 8.80000e-01, 8.70000e-01, 1.31291e-01, 6.56455e+00
8.80000e-01, 9.00000e-01, 8.90000e-01, 1.46986e-01, 7.34929e+00
9.00000e-01, 9.20000e-01, 9.10000e-01, 1.13553e-01, 5.67765e+00
9.20000e-01, 9.40000e-01, 9.30000e-01, 6.84287e-02, 3.42144e+00
9.40000e-01, 9.60000e-01, 9.50000e-01, 3.40001e-02, 1.70000e+00
9.60000e-01, 9.80000e-01, 9.70000e-01, 1.43579e-02, 7.17894e-01
9.80000e-01, 1.00000e+00, 9.90000e-01, 5.24937e-03, 2.62469e-01
1.00000e+00, 1.02000e+00, 1.01000e+00, 1.68178e-03, 8.40888e-02
1.02000e+00, 1.04000e+00, 1.03000e+00, 4.76003e-04, 2.38001e-02
1.04000e+00, 1.06000e+00, 1.05000e+00, 1.19685e-04, 5.98424e-03
1.06000e+00, 1.08000e+00, 1.07000e+00, 2.68324e-05, 1.34162e-03
1.08000e+00, 1.10000e+00, 1.09000e+00, 5.37595e-06, 2.68798e-04
1.10000e+00, 1.12000e+00, 1.11000e+00, 9.63626e-07, 4.81813e-05
1.12000e+00, 1.14000e+00, 1.13000e+00, 1.54546e-07, 7.72730e-06
1.14000e+00, 1.16000e+00, 1.15000e+00, 2.21581e-08, 1.10791e-06
1.16000e+00, 1.18000e+00, 1.17000e+00, 2.83503e-09, 1.41751e-07
1.18000e+00, 1.20000e+00, 1.19000e+00, 3.22796e-10, 1.61398e-08
1.20000e+00, 1.22000e+00, 1.21000e+00, 3.25818e-11, 1.62909e-09
1.22000e+00, 1.24000e+00, 1.23000e+00, 2.90055e-12, 1.45028e-10
1.24000e+00, 1.26000e+00, 1.25000e+00, 2.26241e-13, 1.13121e-11
1.26000e+00, 1.28000e+00, 1.27000e+00, 1.53300e-14, 7.66498e-13
1.28000e+00, 1.30000e+00, 1.29000e+00, 8.91509e-16, 4.45755e-14
1.30000e+00, 1.32000e+00, 1.31000e+00, 4.32987e-17, 2.16493e-15
1.32000e+00, 1.34000e+00, 1.33000e+00, 1.11022e-18, 5.55112e-17
1.34000e+00, 1.36000e+00, 1.35000e+00, 0.00000e+00, 0.00000e+00
1.36000e+00, 1.38000e+00, 1.37000e+00, 0.00000e+00, 0.00000e+00
1.38000e+00, 1.40000e+00, 1.39000e+00, 0.00000e+00, 0.00000e+00
1.40000e+00, 1.42000e+00, 1.41000e+00, 0.00000e+00, 0.00000e+00
1.42000e+00, 1.44000e+00, 1.43000e+00, 0.00000e+00, 0.00000e+00
1.44000e+00, 1.46000e+00, 1.45000e+00, 0.00000e+00, 0.00000e+00
1.46000e+00, 1.48000e+00, 1.47000e+00, 0.00000e+00, 0.00000e+00
1.48000e+00, 1.50000e+00, 1.49000e+00, 0.00000e+00, 0.00000e+00
1.50000e+00, 1.52000e+00, 1.51000e+00, 0.00000e+00, 0.00000e+00
1.52000e+00, 1.54000e+00, 1.53000e+00, 0.00000e+00, 0.00000e+00
1.54000e+00, 1.56000e+00, 1.55000e+00, 0.00000e+00, 0.00000e+00
1.56000e+00, 1.58000e+00, 1.57000e+00, 0.00000e+00, 0.00000e+00
1.58000e+00, 1.60000e+00, 1.59000e+00, 0.00000e+00, 0.00000e+00
1.60000e+00, 1.62000e+00, 1.61000e+00, 0.00000e+00, 0.00000e+00
1.62000e+00, 1.64000e+00, 1.63000e+00, 0.00000e+00, 0.00000e+00
1.64000e+00, 1.66000e+00, 1.65000e+00, 0.00000e+00, 0.00000e+00
1.66000e+00, 1.68000e+00, 1.67000e+00, 0.00000e+00, 0.00000e+00
1.68000e+00, 1.70000e+00, 1.69000e+00, 0.00000e+00, 0.00000e+00
1.70000e+00, 1.72000e+00, 1.71000e+00, 0.00000e+00, 0.00000e+00
1.72000e+00, 1.74000e+00, 1.73000e+00, 0.00000e+00, 0.00000e+00
1.74000e+00, 1.76000e+00, 1.75000e+00, 0.00000e+00, 0.00000e+00
1.76000e+00, 1.78000e+00, 1.77000e+00, 0.00000e+00, 0.00000e+00
1.78000e+00, 1.80000e+00, 1.79000e+00, 0.00000e+00, 0.00000e+00
1.80000e+00, 1.82000e+00, 1.81000e+00, 0.00000e+00, 0.00000e+00
1.82000e+00, 1.84000e+00, 1.83000e+00, 0.00000e+00, 0.00000e+00
1.84000e+00, 1.86000e+00, 1.85000e+00, 0.00000e+00, 0.00000e+00
1.86000e+00, 1.88000e+00, 1.87000e+00, 0.00000e+00, 0.00000e+00
1.88000e+00, 1.90000e+00, 1.89000e+00, 0.00000e+00, 0.00000e+00
1.90000e+00, 1.92000e+00, 1.91000e+00, 0.00000e+00, 0.00000e+00
1.92000e+00, 1.94000e+00, 1.93000e+00, 0.00000e+00, 0.00000e+00
1.94000e+00, 1.96000e+00, 1.95000e+00, 0.00000e+00, 0.00000e+00
1.96000e+00, 1.98000e+00, 1.97000e+00, 0.00000e+00, 0.00000e+00
1.98000e+00, 2.00000e+00, 1.99000e+00, 0.00000e+00, 0.00000e+00
