# time = 9.400000000000001e-01# start, end, pivot, particles, density
0.00000e+00, 2.00000e-02, 1.00000e-02, 0.00000e+00, 0.00000e+00
2.00000e-02, 4.00000e-02, 3.00000e-02, 0.00000e+00, 0.00000e+00
4.00000e-02, 6.00000e-02, 5.00000e-02, 0.00000e+00, 0.00000e+00
6.00000e-02, 8.00000e-02, 7.00000e-02, 0.00000e+00, 0.00000e+00
8.00000e-02, 1.00000e-01, 9.00000e-02, 0.00000e+00, 0.00000e+00
1.00000e-01, 1.20000e-01, 1.10000e-01, 0.00000e+00, 0.00000e+00
1.20000e-01, 1.40000e-01, 1.30000e-01, 0.00000e+00, 0.00000e+00
1.40000e-01, 1.60000e-01, 1.50000e-01, 0.00000e+00, 0.00000e+00
1.60000e-01, 1.80000e-01, 1.70000e-01, 0.00000e+00, 0.00000e+00
1.80000e-01, 2.00000e-01, 1.90000e-01, 0.00000e+00, 0.00000e+00
2.00000e-01, 2.20000e-01, 2.10000e-01, 0.00000e+00, 0.00000e+00
2.20000e-01, 2.40000e-01, 2.30000e-01, 0.00000e+00, 0.00000e+00
2.40000e-01, 2.60000e-01, 2.50000e-01, 0.00000e+00, 0.00000e+00
2.60000e-01, 2.80000e-01, 2.70000e-01, 0.00000e+00, 0.00000e+00
2.80000e-01, 3.00000e-01, 2.90000e-01, 0.00000e+00, 0.00000e+00
3.00000e-01, 3.20000e-01, 3.10000e-01, 0.00000e+00, 0.00000e+00
3.20000e-01, 3.40000e-01, 3.30000e-01, 0.00000e+00, 0.00000e+00
3.40000e-01, 3.60000e-01, 3.50000e-01, 0.00000e+00, 0.00000e+00
3.60000e-01, 3.80000e-01, 3.70000e-01, 0.00000e+00, 0.00000e+00
3.80000e-01, 4.00000e-01, 3.90000e-01, 0.00000e+00, 0.00000e+00
4.00000e-01, 4.20000e-01, 4.10000e-01, 0.00000e+00, 0.00000e+00
4.20000e-01, 4.40000e-01, 4.30000e-01, 0.00000e+00, 0.00000e+00
4.40000e-01, 4.60000e-01, 4.50000e-01, 0.00000e+00, 0.00000e+00
4.60000e-01, 4.80000e-01, 4.70000e-01, 0.00000e+00, 0.00000e+00
4.80000e-01, 5.00000e-01, 4.90000e-01, 0.00000e+00, 0.00000e+00
5.00000e-01, 5.20000e-01, 5.10000e-01, 0.00000e+00, 0.00000e+00
5.20000e-01, 5.40000e-01, 5.30000e-01, 0.00000e+00, 0.00000e+00
5.40000e-01, 5.60000e-01, 5.50000e-01, 0.00000e+00, 0.00000e+00
5.60000e-01, 5.80000e-01, 5.70000e-01, 0.00000e+00, 0.00000e+00
5.80000e-01, 6.00000e-01, 5.90000e-01, 0.00000e+00, 0.00000e+00
6.00000e-01, 6.20000e-01, 6.10000e-01, 1.00891e-01, 5.04457e+00
6.20000e-01, 6.40000e-01, 6.30000e-01, 2.55409e-01, 1.27704e+01
6.40000e-01, 6.60000e-01, 6.50000e-01, 1.34659e-01, 6.73294e+00
6.60000e-01, 6.80000e-01, 6.70000e-01, 0.00000e+00, 0.00000e+00
6.80000e-01, 7.00000e-01, 6.90000e-01, 6.82882e-02, 3.41441e+00
7.00000e-01, 7.20000e-01, 7.10000e-01, 6.61420e-01, 3.30710e+01
7.20000e-01, 7.40000e-01, 7.30000e-01, 6.35406e-01, 3.17703e+01
7.40000e-01, 7.60000e-01, 7.50000e-01, 1.48781e-01, 7.43903e+00
7.60000e-01, 7.80000e-01, 7.70000e-01, 0.00000e+00, 0.00000e+00
7.80000e-01, 8.00000e-01, 7.90000e-01, 4.69563e-01, 2.34781e+01
8.00000e-01, 8.20000e-01, 8.10000e-01, 1.08794e+00, 5.43970e+01
8.20000e-01, 8.40000e-01, 8.30000e-01, 7.33717e-01, 3.66859e+01
8.40000e-01, 8.60000e-01, 8.50000e-01, 1.17012e-01, 5.85060e+00
8.60000e-01, 8.80000e-01, 8.70000e-01, 0.00000e+00, 0.00000e+00
8.80000e-01, 9.00000e-01, 8.90000e-01, 5.64857e-01, 2.82429e+01
9.00000e-01, 9.20000e-01, 9.10000e-01, 1.22420e+00, 6.12098e+01
9.20000e-01, 9.40000e-01, 9.30000e-01, 9.30477e-01, 4.65239e+01
9.40000e-01, 9.60000e-01, 9.50000e-01, 2.67485e-01, 1.33743e+01
9.60000e-01, 9.80000e-01, 9.70000e-01, 0.00000e+00, 0.00000e+00
9.80000e-01, 1.00000e+00, 9.90000e-01, 1.60214e-01, 8.01069e+00
1.00000e+00, 1.02000e+00, 1.01000e+00, 9.79549e-01, 4.89774e+01
1.02000e+00, 1.04000e+00, 1.03000e+00, 1.21281e+00, 6.06405e+01
1.04000e+00, 1.06000e+00, 1.05000e+00, 7.58199e-01, 3.79099e+01
1.06000e+00, 1.08000e+00, 1.07000e+00, 2.22540e-01, 1.11270e+01
1.08000e+00, 1.10000e+00, 1.09000e+00, 0.00000e+00, 0.00000e+00
1.10000e+00, 1.12000e+00, 1.11000e+00, 2.40916e-02, 1.20458e+00
1.12000e+00, 1.14000e+00, 1.13000e+00, 5.86242e-01, 2.93121e+01
1.14000e+00, 1.16000e+00, 1.15000e+00, 9.50706e-01, 4.75353e+01
1.16000e+00, 1.18000e+00, 1.17000e+00, 8.29522e-01, 4.14761e+01
1.18000e+00, 1.20000e+00, 1.19000e+00, 4.72100e-01, 2.36050e+01
1.20000e+00, 1.22000e+00, 1.21000e+00, 1.67661e-01, 8.38306e+00
1.22000e+00, 1.24000e+00, 1.23000e+00, 2.16540e-02, 1.08270e+00
1.24000e+00, 1.26000e+00, 1.25000e+00, 0.00000e+00, 0.00000e+00
1.26000e+00, 1.28000e+00, 1.27000e+00, 8.25160e-02, 4.12580e+00
1.28000e+00, 1.30000e+00, 1.29000e+00, 2.74426e-01, 1.37213e+01
1.30000e+00, 1.32000e+00, 1.31000e+00, 3.68711e-01, 1.84356e+01
1.32000e+00, 1.34000e+00, 1.33000e+00, 3.44917e-01, 1.72458e+01
1.34000e+00, 1.36000e+00, 1.35000e+00, 2.59358e-01, 1.29679e+01
1.36000e+00, 1.38000e+00, 1.37000e+00, 1.66675e-01, 8.33376e+00
1.38000e+00, 1.40000e+00, 1.39000e+00, 9.45729e-02, 4.72865e+00
1.40000e+00, 1.42000e+00, 1.41000e+00, 4.83221e-02, 2.41610e+00
1.42000e+00, 1.44000e+00, 1.43000e+00, 2.25246e-02, 1.12623e+00
1.44000e+00, 1.46000e+00, 1.45000e+00, 9.66651e-03, 4.83326e-01
1.46000e+00, 1.48000e+00, 1.47000e+00, 3.84499e-03, 1.92249e-01
1.48000e+00, 1.50000e+00, 1.49000e+00, 1.42478e-03, 7.12388e-02
1.50000e+00, 1.52000e+00, 1.51000e+00, 4.93798e-04, 2.46899e-02
1.52000e+00, 1.54000e+00, 1.53000e+00, 1.60573e-04, 8.02867e-03
1.54000e+00, 1.56000e+00, 1.55000e+00, 4.91162e-05, 2.45581e-03
1.56000e+00, 1.58000e+00, 1.57000e+00, 1.41613e-05, 7.08065e-04
1.58000e+00, 1.60000e+00, 1.59000e+00, 3.85520e-06, 1.92760e-04
1.60000e+00, 1.62000e+00, 1.61000e+00, 9.92341e-07, 4.96170e-05
1.62000e+00, 1.64000e+00, 1.63000e+00, 2.41793e-07, 1.20896e-05
1.64000e+00, 1.66000e+00, 1.65000e+00, 5.58212e-08, 2.79106e-06
1.66000e+00, 1.68000e+00, 1.67000e+00, 1.22195e-08, 6.10977e-07
1.68000e+00, 1.70000e+00, 1.69000e+00, 2.53786e-09, 1.26893e-07
1.70000e+00, 1.72000e+00, 1.71000e+00, 5.00306e-10, 2.50153e-08
1.72000e+00, 1.74000e+00, 1.73000e+00, 9.36480e-11, 4.68240e-09
1.74000e+00, 1.76000e+00, 1.75000e+00, 1.66474e-11, 8.32368e-10
1.76000e+00, 1.78000e+00, 1.77000e+00, 2.81072e-12, 1.40536e-10
1.78000e+00, 1.80000e+00, 1.79000e+00, 4.50721e-13, 2.25360e-11
1.80000e+00, 1.82000e+00, 1.81000e+00, 6.86362e-14, 3.43181e-12
1.82000e+00, 1.84000e+00, 1.83000e+00, 9.92317e-15, 4.96159e-13
1.84000e+00, 1.86000e+00, 1.85000e+00, 1.35891e-15, 6.79456e-14
1.86000e+00, 1.88000e+00, 1.87000e+00, 1.74305e-16, 8.71525e-15
1.88000e+00, 1.90000e+00, 1.89000e+00, 1.99840e-17, 9.99201e-16
1.90000e+00, 1.92000e+00, 1.91000e+00, 1.11022e-18, 5.55112e-17
1.92000e+00, 1.94000e+00, 1.93000e+00, 0.00000e+00, 0.00000e+00
1.94000e+00, 1.96000e+00, 1.95000e+00, 0.00000e+00, 0.00000e+00
1.96000e+00, 1.98000e+00, 1.97000e+00, 0.00000e+00, 0.00000e+00
1.98000e+00, 2.00000e+00, 1.99000e+00, 0.00000e+00, 0.00000e+00
