# time = 5.600000000000001e-01# start, end, pivot, particles, density
0.00000e+00, 2.00000e-02, 1.00000e-02, 0.00000e+00, 0.00000e+00
2.00000e-02, 4.00000e-02, 3.00000e-02, 0.00000e+00, 0.00000e+00
4.00000e-02, 6.00000e-02, 5.00000e-02, 0.00000e+00, 0.00000e+00
6.00000e-02, 8.00000e-02, 7.00000e-02, 0.00000e+00, 0.00000e+00
8.00000e-02, 1.00000e-01, 9.00000e-02, 0.00000e+00, 0.00000e+00
1.00000e-01, 1.20000e-01, 1.10000e-01, 0.00000e+00, 0.00000e+00
1.20000e-01, 1.40000e-01, 1.30000e-01, 0.00000e+00, 0.00000e+00
1.40000e-01, 1.60000e-01, 1.50000e-01, 0.00000e+00, 0.00000e+00
1.60000e-01, 1.80000e-01, 1.70000e-01, 0.00000e+00, 0.00000e+00
1.80000e-01, 2.00000e-01, 1.90000e-01, 0.00000e+00, 0.00000e+00
2.00000e-01, 2.20000e-01, 2.10000e-01, 0.00000e+00, 0.00000e+00
2.20000e-01, 2.40000e-01, 2.30000e-01, 0.00000e+00, 0.00000e+00
2.40000e-01, 2.60000e-01, 2.50000e-01, 0.00000e+00, 0.00000e+00
2.60000e-01, 2.80000e-01, 2.70000e-01, 0.00000e+00, 0.00000e+00
2.80000e-01, 3.00000e-01, 2.90000e-01, 0.00000e+00, 0.00000e+00
3.00000e-01, 3.20000e-01, 3.10000e-01, 0.00000e+00, 0.00000e+00
3.20000e-01, 3.40000e-01, 3.30000e-01, 0.00000e+00, 0.00000e+00
3.40000e-01, 3.60000e-01, 3.50000e-01, 0.00000e+00, 0.00000e+00
3.60000e-01, 3.80000e-01, 3.70000e-01, 0.00000e+00, 0.00000e+00
3.80000e-01, 4.00000e-01, 3.90000e-01, 0.00000e+00, 0.00000e+00
4.00000e-01, 4.20000e-01, 4.10000e-01, 1.50739e-02, 7.53694e-01
4.20000e-01, 4.40000e-01, 4.30000e-01, 5.44017e-02, 2.72008e+00
4.40000e-01, 4.60000e-01, 4.50000e-01, 1.31757e-02, 6.58784e-01
4.60000e-01, 4.80000e-01, 4.70000e-01, 0.00000e+00, 0.00000e+00
4.80000e-01, 5.00000e-01, 4.90000e-01, 1.17379e-01, 5.86893e+00
5.00000e-01, 5.20000e-01, 5.10000e-01, 1.32054e-01, 6.60269e+00
5.20000e-01, 5.40000e-01, 5.30000e-01, 6.26833e-03, 3.13416e-01
5.40000e-01, 5.60000e-01, 5.50000e-01, 1.55422e-02, 7.77109e-01
5.60000e-01, 5.80000e-01, 5.70000e-01, 2.14260e-01, 1.07130e+01
5.80000e-01, 6.00000e-01, 5.90000e-01, 1.67437e-01, 8.37187e+00
6.00000e-01, 6.20000e-01, 6.10000e-01, 5.93705e-03, 2.96853e-01
6.20000e-01, 6.40000e-01, 6.30000e-01, 1.93170e-02, 9.65851e-01
6.40000e-01, 6.60000e-01, 6.50000e-01, 2.50585e-01, 1.25292e+01
6.60000e-01, 6.80000e-01, 6.70000e-01, 2.43623e-01, 1.21812e+01
6.80000e-01, 7.00000e-01, 6.90000e-01, 5.70763e-02, 2.85382e+00
7.00000e-01, 7.20000e-01, 7.10000e-01, 0.00000e+00, 0.00000e+00
7.20000e-01, 7.40000e-01, 7.30000e-01, 1.54618e-01, 7.73091e+00
7.40000e-01, 7.60000e-01, 7.50000e-01, 3.33139e-01, 1.66570e+01
7.60000e-01, 7.80000e-01, 7.70000e-01, 2.31392e-01, 1.15696e+01
7.80000e-01, 8.00000e-01, 7.90000e-01, 5.30041e-02, 2.65020e+00
8.00000e-01, 8.20000e-01, 8.10000e-01, 0.00000e+00, 0.00000e+00
8.20000e-01, 8.40000e-01, 8.30000e-01, 9.22856e-02, 4.61428e+00
8.40000e-01, 8.60000e-01, 8.50000e-01, 2.96960e-01, 1.48480e+01
8.60000e-01, 8.80000e-01, 8.70000e-01, 3.09727e-01, 1.54864e+01
8.80000e-01, 9.00000e-01, 8.90000e-01, 1.73687e-01, 8.68436e+00
9.00000e-01, 9.20000e-01, 9.10000e-01, 4.55454e-02, 2.27727e+00
9.20000e-01, 9.40000e-01, 9.30000e-01, 0.00000e+00, 0.00000e+00
9.40000e-01, 9.60000e-01, 9.50000e-01, 8.17536e-03, 4.08768e-01
9.60000e-01, 9.80000e-01, 9.70000e-01, 1.12707e-01, 5.63537e+00
9.80000e-01, 1.00000e+00, 9.90000e-01, 1.86433e-01, 9.32165e+00
1.00000e+00, 1.02000e+00, 1.01000e+00, 1.83968e-01, 9.19842e+00
1.02000e+00, 1.04000e+00, 1.03000e+00, 1.36101e-01, 6.80505e+00
1.04000e+00, 1.06000e+00, 1.05000e+00, 8.22093e-02, 4.11047e+00
1.06000e+00, 1.08000e+00, 1.07000e+00, 4.22954e-02, 2.11477e+00
1.08000e+00, 1.10000e+00, 1.09000e+00, 1.89940e-02, 9.49701e-01
1.10000e+00, 1.12000e+00, 1.11000e+00, 7.56271e-03, 3.78136e-01
1.12000e+00, 1.14000e+00, 1.13000e+00, 2.69829e-03, 1.34915e-01
1.14000e+00, 1.16000e+00, 1.15000e+00, 8.69202e-04, 4.34601e-02
1.16000e+00, 1.18000e+00, 1.17000e+00, 2.54186e-04, 1.27093e-02
1.18000e+00, 1.20000e+00, 1.19000e+00, 6.77542e-05, 3.38771e-03
1.20000e+00, 1.22000e+00, 1.21000e+00, 1.65106e-05, 8.25530e-04
1.22000e+00, 1.24000e+00, 1.23000e+00, 3.68607e-06, 1.84303e-04
1.24000e+00, 1.26000e+00, 1.25000e+00, 7.55054e-07, 3.77527e-05
1.26000e+00, 1.28000e+00, 1.27000e+00, 1.42038e-07, 7.10189e-06
1.28000e+00, 1.30000e+00, 1.29000e+00, 2.45484e-08, 1.22742e-06
1.30000e+00, 1.32000e+00, 1.31000e+00, 3.89781e-09, 1.94890e-07
1.32000e+00, 1.34000e+00, 1.33000e+00, 5.68327e-10, 2.84164e-08
1.34000e+00, 1.36000e+00, 1.35000e+00, 7.60280e-11, 3.80140e-09
1.36000e+00, 1.38000e+00, 1.37000e+00, 9.31919e-12, 4.65960e-10
1.38000e+00, 1.40000e+00, 1.39000e+00, 1.04483e-12, 5.22417e-11
1.40000e+00, 1.42000e+00, 1.41000e+00, 1.06907e-13, 5.34534e-12
1.42000e+00, 1.44000e+00, 1.43000e+00, 9.95204e-15, 4.97602e-13
1.44000e+00, 1.46000e+00, 1.45000e+00, 8.38218e-16, 4.19109e-14
1.46000e+00, 1.48000e+00, 1.47000e+00, 6.32827e-17, 3.16414e-15
1.48000e+00, 1.50000e+00, 1.49000e+00, 3.33067e-18, 1.66533e-16
1.50000e+00, 1.52000e+00, 1.51000e+00, 0.00000e+00, 0.00000e+00
1.52000e+00, 1.54000e+00, 1.53000e+00, 0.00000e+00, 0.00000e+00
1.54000e+00, 1.56000e+00, 1.55000e+00, 0.00000e+00, 0.00000e+00
1.56000e+00, 1.58000e+00, 1.57000e+00, 0.00000e+00, 0.00000e+00
1.58000e+00, 1.60000e+00, 1.59000e+00, 0.00000e+00, 0.00000e+00
1.60000e+00, 1.62000e+00, 1.61000e+00, 0.00000e+00, 0.00000e+00
1.62000e+00, 1.64000e+00, 1.63000e+00, 0.00000e+00, 0.00000e+00
1.64000e+00, 1.66000e+00, 1.65000e+00, 0.00000e+00, 0.00000e+00
1.66000e+00, 1.68000e+00, 1.67000e+00, 0.00000e+00, 0.00000e+00
1.68000e+00, 1.70000e+00, 1.69000e+00, 0.00000e+00, 0.00000e+00
1.70000e+00, 1.72000e+00, 1.71000e+00, 0.00000e+00, 0.00000e+00
1.72000e+00, 1.74000e+00, 1.73000e+00, 0.00000e+00, 0.00000e+00
1.74000e+00, 1.76000e+00, 1.75000e+00, 0.00000e+00, 0.00000e+00
1.76000e+00, 1.78000e+00, 1.77000e+00, 0.00000e+00, 0.00000e+00
1.78000e+00, 1.80000e+00, 1.79000e+00, 0.00000e+00, 0.00000e+00
1.80000e+00, 1.82000e+00, 1.81000e+00, 0.00000e+00, 0.00000e+00
1.82000e+00, 1.84000e+00, 1.83000e+00, 0.00000e+00, 0.00000e+00
1.84000e+00, 1.86000e+00, 1.85000e+00, 0.00000e+00, 0.00000e+00
1.86000e+00, 1.88000e+00, 1.87000e+00, 0.00000e+00, 0.00000e+00
1.88000e+00, 1.90000e+00, 1.89000e+00, 0.00000e+00, 0.00000e+00
1.90000e+00, 1.92000e+00, 1.91000e+00, 0.00000e+00, 0.00000e+00
1.92000e+00, 1.94000e+00, 1.93000e+00, 0.00000e+00, 0.00000e+00
1.94000e+00, 1.96000e+00, 1.95000e+00, 0.00000e+00, 0.00000e+00
1.96000e+00, 1.98000e+00, 1.97000e+00, 0.00000e+00, 0.00000e+00
1.98000e+00, 2.00000e+00, 1.99000e+00, 0.00000e+00, 0.00000e+00
