# time = 9.500000000000001e-01# start, end, pivot, particles, density
0.00000e+00, 2.00000e-02, 1.00000e-02, 0.00000e+00, 0.00000e+00
2.00000e-02, 4.00000e-02, 3.00000e-02, 0.00000e+00, 0.00000e+00
4.00000e-02, 6.00000e-02, 5.00000e-02, 0.00000e+00, 0.00000e+00
6.00000e-02, 8.00000e-02, 7.00000e-02, 0.00000e+00, 0.00000e+00
8.00000e-02, 1.00000e-01, 9.00000e-02, 0.00000e+00, 0.00000e+00
1.00000e-01, 1.20000e-01, 1.10000e-01, 1.00974e-30, 5.04871e-29
1.20000e-01, 1.40000e-01, 1.30000e-01, 9.69352e-29, 4.84676e-27
1.40000e-01, 1.60000e-01, 1.50000e-01, 4.60543e-27, 2.30272e-25
1.60000e-01, 1.80000e-01, 1.70000e-01, 1.44369e-25, 7.21844e-24
1.80000e-01, 2.00000e-01, 1.90000e-01, 3.35893e-24, 1.67946e-22
2.00000e-01, 2.20000e-01, 2.10000e-01, 6.18639e-23, 3.09320e-21
2.20000e-01, 2.40000e-01, 2.30000e-01, 9.39438e-22, 4.69719e-20
2.40000e-01, 2.60000e-01, 2.50000e-01, 1.20972e-20, 6.04859e-19
2.60000e-01, 2.80000e-01, 2.70000e-01, 1.34832e-19, 6.74161e-18
2.80000e-01, 3.00000e-01, 2.90000e-01, 1.32127e-18, 6.60636e-17
3.00000e-01, 3.20000e-01, 3.10000e-01, 1.15246e-17, 5.76232e-16
3.20000e-01, 3.40000e-01, 3.30000e-01, 9.03689e-17, 4.51845e-15
3.40000e-01, 3.60000e-01, 3.50000e-01, 6.42279e-16, 3.21139e-14
3.60000e-01, 3.80000e-01, 3.70000e-01, 4.16601e-15, 2.08301e-13
3.80000e-01, 4.00000e-01, 3.90000e-01, 2.48050e-14, 1.24025e-12
4.00000e-01, 4.20000e-01, 4.10000e-01, 1.36256e-13, 6.81278e-12
4.20000e-01, 4.40000e-01, 4.30000e-01, 6.93509e-13, 3.46754e-11
4.40000e-01, 4.60000e-01, 4.50000e-01, 3.28310e-12, 1.64155e-10
4.60000e-01, 4.80000e-01, 4.70000e-01, 1.45046e-11, 7.25232e-10
4.80000e-01, 5.00000e-01, 4.90000e-01, 5.99814e-11, 2.99907e-09
5.00000e-01, 5.20000e-01, 5.10000e-01, 2.32793e-10, 1.16397e-08
5.20000e-01, 5.40000e-01, 5.30000e-01, 8.49978e-10, 4.24989e-08
5.40000e-01, 5.60000e-01, 5.50000e-01, 2.92596e-09, 1.46298e-07
5.60000e-01, 5.80000e-01, 5.70000e-01, 9.51496e-09, 4.75748e-07
5.80000e-01, 6.00000e-01, 5.90000e-01, 2.92820e-08, 1.46410e-06
6.00000e-01, 6.20000e-01, 6.10000e-01, 8.54202e-08, 4.27101e-06
6.20000e-01, 6.40000e-01, 6.30000e-01, 2.36562e-07, 1.18281e-05
6.40000e-01, 6.60000e-01, 6.50000e-01, 6.22812e-07, 3.11406e-05
6.60000e-01, 6.80000e-01, 6.70000e-01, 1.56085e-06, 7.80425e-05
6.80000e-01, 7.00000e-01, 6.90000e-01, 3.72804e-06, 1.86402e-04
7.00000e-01, 7.20000e-01, 7.10000e-01, 8.49585e-06, 4.24793e-04
7.20000e-01, 7.40000e-01, 7.30000e-01, 1.84929e-05, 9.24644e-04
7.40000e-01, 7.60000e-01, 7.50000e-01, 3.84870e-05, 1.92435e-03
7.60000e-01, 7.80000e-01, 7.70000e-01, 7.66574e-05, 3.83287e-03
7.80000e-01, 8.00000e-01, 7.90000e-01, 1.46262e-04, 7.31312e-03
8.00000e-01, 8.20000e-01, 8.10000e-01, 2.67574e-04, 1.33787e-02
8.20000e-01, 8.40000e-01, 8.30000e-01, 4.69760e-04, 2.34880e-02
8.40000e-01, 8.60000e-01, 8.50000e-01, 7.92165e-04, 3.96082e-02
8.60000e-01, 8.80000e-01, 8.70000e-01, 1.28426e-03, 6.42128e-02
8.80000e-01, 9.00000e-01, 8.90000e-01, 2.00347e-03, 1.00173e-01
9.00000e-01, 9.20000e-01, 9.10000e-01, 3.01036e-03, 1.50518e-01
9.20000e-01, 9.40000e-01, 9.30000e-01, 4.36107e-03, 2.18054e-01
9.40000e-01, 9.60000e-01, 9.50000e-01, 6.09770e-03, 3.04885e-01
9.60000e-01, 9.80000e-01, 9.70000e-01, 8.23820e-03, 4.11910e-01
9.80000e-01, 1.00000e+00, 9.90000e-01, 1.07679e-02, 5.38394e-01
1.00000e+00, 1.02000e+00, 1.01000e+00, 1.36348e-02, 6.81742e-01
1.02000e+00, 1.04000e+00, 1.03000e+00, 1.67511e-02, 8.37556e-01
1.04000e+00, 1.06000e+00, 1.05000e+00, 2.00000e-02, 1.00000e+00
1.06000e+00, 1.08000e+00, 1.07000e+00, 2.32489e-02, 1.16244e+00
1.08000e+00, 1.10000e+00, 1.09000e+00, 2.63651e-02, 1.31826e+00
1.10000e+00, 1.12000e+00, 1.11000e+00, 2.92320e-02, 1.46160e+00
1.12000e+00, 1.14000e+00, 1.13000e+00, 3.17616e-02, 1.58808e+00
1.14000e+00, 1.16000e+00, 1.15000e+00, 3.39017e-02, 1.69508e+00
1.16000e+00, 1.18000e+00, 1.17000e+00, 3.56374e-02, 1.78187e+00
1.18000e+00, 1.20000e+00, 1.19000e+00, 3.69859e-02, 1.84930e+00
1.20000e+00, 1.22000e+00, 1.21000e+00, 3.79880e-02, 1.89940e+00
1.22000e+00, 1.24000e+00, 1.23000e+00, 3.86973e-02, 1.93486e+00
1.24000e+00, 1.26000e+00, 1.25000e+00, 3.91693e-02, 1.95847e+00
1.26000e+00, 1.28000e+00, 1.27000e+00, 3.94536e-02, 1.97268e+00
1.28000e+00, 1.30000e+00, 1.29000e+00, 3.95862e-02, 1.97931e+00
1.30000e+00, 1.32000e+00, 1.31000e+00, 3.95862e-02, 1.97931e+00
1.32000e+00, 1.34000e+00, 1.33000e+00, 3.94536e-02, 1.97268e+00
1.34000e+00, 1.36000e+00, 1.35000e+00, 3.91693e-02, 1.95847e+00
1.36000e+00, 1.38000e+00, 1.37000e+00, 3.86973e-02, 1.93486e+00
1.38000e+00, 1.40000e+00, 1.39000e+00, 3.79880e-02, 1.89940e+00
1.40000e+00, 1.42000e+00, 1.41000e+00, 3.69859e-02, 1.84930e+00
1.42000e+00, 1.44000e+00, 1.43000e+00, 3.56374e-02, 1.78187e+00
1.44000e+00, 1.46000e+00, 1.45000e+00, 3.39017e-02, 1.69508e+00
1.46000e+00, 1.48000e+00, 1.47000e+00, 3.17616e-02, 1.58808e+00
1.48000e+00, 1.50000e+00, 1.49000e+00, 2.92320e-02, 1.46160e+00
1.50000e+00, 1.52000e+00, 1.51000e+00, 2.63651e-02, 1.31826e+00
1.52000e+00, 1.54000e+00, 1.53000e+00, 2.32489e-02, 1.16244e+00
1.54000e+00, 1.56000e+00, 1.55000e+00, 2.00000e-02, 1.00000e+00
1.56000e+00, 1.58000e+00, 1.57000e+00, 1.67511e-02, 8.37556e-01
1.58000e+00, 1.60000e+00, 1.59000e+00, 1.36348e-02, 6.81742e-01
1.60000e+00, 1.62000e+00, 1.61000e+00, 1.07679e-02, 5.38394e-01
1.62000e+00, 1.64000e+00, 1.63000e+00, 8.23820e-03, 4.11910e-01
1.64000e+00, 1.66000e+00, 1.65000e+00, 6.09770e-03, 3.04885e-01
1.66000e+00, 1.68000e+00, 1.67000e+00, 4.36107e-03, 2.18054e-01
1.68000e+00, 1.70000e+00, 1.69000e+00, 3.01036e-03, 1.50518e-01
1.70000e+00, 1.72000e+00, 1.71000e+00, 2.00347e-03, 1.00173e-01
1.72000e+00, 1.74000e+00, 1.73000e+00, 1.28426e-03, 6.42128e-02
1.74000e+00, 1.76000e+00, 1.75000e+00, 7.92165e-04, 3.96082e-02
1.76000e+00, 1.78000e+00, 1.77000e+00, 4.69760e-04, 2.34880e-02
1.78000e+00, 1.80000e+00, 1.79000e+00, 2.67574e-04, 1.33787e-02
1.80000e+00, 1.82000e+00, 1.81000e+00, 1.46262e-04, 7.31312e-03
1.82000e+00, 1.84000e+00, 1.83000e+00, 7.66574e-05, 3.83287e-03
1.84000e+00, 1.86000e+00, 1.85000e+00, 3.84870e-05, 1.92435e-03
1.86000e+00, 1.88000e+00, 1.87000e+00, 1.84929e-05, 9.24644e-04
1.88000e+00, 1.90000e+00, 1.89000e+00, 8.49585e-06, 4.24793e-04
1.90000e+00, 1.92000e+00, 1.91000e+00, 3.72804e-06, 1.86402e-04
1.92000e+00, 1.94000e+00, 1.93000e+00, 1.56085e-06, 7.80425e-05
1.94000e+00, 1.96000e+00, 1.95000e+00, 6.22812e-07, 3.11406e-05
1.96000e+00, 1.98000e+00, 1.97000e+00, 2.36562e-07, 1.18281e-05
1.98000e+00, 2.00000e+00, 1.99000e+00, 6.33926e-08, 3.16963e-06
