# time = 4.600000000000000e-01# start, end, pivot, particles, density
0.00000e+00, 2.00000e-02, 1.00000e-02, 0.00000e+00, 0.00000e+00
2.00000e-02, 4.00000e-02, 3.00000e-02, 0.00000e+00, 0.00000e+00
4.00000e-02, 6.00000e-02, 5.00000e-02, 0.00000e+00, 0.00000e+00
6.00000e-02, 8.00000e-02, 7.00000e-02, 0.00000e+00, 0.00000e+00
8.00000e-02, 1.00000e-01, 9.00000e-02, 0.00000e+00, 0.00000e+00
1.00000e-01, 1.20000e-01, 1.10000e-01, 0.00000e+00, 0.00000e+00
1.20000e-01, 1.40000e-01, 1.30000e-01, 0.00000e+00, 0.00000e+00
1.40000e-01, 1.60000e-01, 1.50000e-01, 0.00000e+00, 0.00000e+00
1.60000e-01, 1.80000e-01, 1.70000e-01, 0.00000e+00, 0.00000e+00
1.80000e-01, 2.00000e-01, 1.90000e-01, 0.00000e+00, 0.00000e+00
2.00000e-01, 2.20000e-01, 2.10000e-01, 0.00000e+00, 0.00000e+00
2.20000e-01, 2.40000e-01, 2.30000e-01, 0.00000e+00, 0.00000e+00
2.40000e-01, 2.60000e-01, 2.50000e-01, 0.00000e+00, 0.00000e+00
2.60000e-01, 2.80000e-01, 2.70000e-01, 0.00000e+00, 0.00000e+00
2.80000e-01, 3.00000e-01, 2.90000e-01, 0.00000e+00, 0.00000e+00
3.00000e-01, 3.20000e-01, 3.10000e-01, 0.00000e+00, 0.00000e+00
3.20000e-01, 3.40000e-01, 3.30000e-01, 0.00000e+00, 0.00000e+00
3.40000e-01, 3.60000e-01, 3.50000e-01, 0.00000e+00, 0.00000e+00
3.60000e-01, 3.80000e-01, 3.70000e-01, 9.69351e-03, 4.84676e-01
3.80000e-01, 4.00000e-01, 3.90000e-01, 3.78644e-02, 1.89322e+00
4.00000e-01, 4.20000e-01, 4.10000e-01, 1.71932e-03, 8.59659e-02
4.20000e-01, 4.40000e-01, 4.30000e-01, 0.00000e+00, 0.00000e+00
4.40000e-01, 4.60000e-01, 4.50000e-01, 1.06765e-01, 5.33826e+00
4.60000e-01, 4.80000e-01, 4.70000e-01, 5.22348e-02, 2.61174e+00
4.80000e-01, 5.00000e-01, 4.90000e-01, 0.00000e+00, 0.00000e+00
5.00000e-01, 5.20000e-01, 5.10000e-01, 1.00947e-01, 5.04733e+00
5.20000e-01, 5.40000e-01, 5.30000e-01, 1.41800e-01, 7.09001e+00
5.40000e-01, 5.60000e-01, 5.50000e-01, 1.72731e-02, 8.63653e-01
5.60000e-01, 5.80000e-01, 5.70000e-01, 0.00000e+00, 0.00000e+00
5.80000e-01, 6.00000e-01, 5.90000e-01, 1.64416e-01, 8.22080e+00
6.00000e-01, 6.20000e-01, 6.10000e-01, 1.59232e-01, 7.96160e+00
6.20000e-01, 6.40000e-01, 6.30000e-01, 2.11897e-02, 1.05949e+00
6.40000e-01, 6.60000e-01, 6.50000e-01, 0.00000e+00, 0.00000e+00
6.60000e-01, 6.80000e-01, 6.70000e-01, 1.57195e-01, 7.85974e+00
6.80000e-01, 7.00000e-01, 6.90000e-01, 2.23573e-01, 1.11787e+01
7.00000e-01, 7.20000e-01, 7.10000e-01, 9.97769e-02, 4.98885e+00
7.20000e-01, 7.40000e-01, 7.30000e-01, 0.00000e+00, 0.00000e+00
7.40000e-01, 7.60000e-01, 7.50000e-01, 1.02831e-02, 5.14157e-01
7.60000e-01, 7.80000e-01, 7.70000e-01, 1.76194e-01, 8.80968e+00
7.80000e-01, 8.00000e-01, 7.90000e-01, 2.40302e-01, 1.20151e+01
8.00000e-01, 8.20000e-01, 8.10000e-01, 1.52822e-01, 7.64108e+00
8.20000e-01, 8.40000e-01, 8.30000e-01, 4.37686e-02, 2.18843e+00
8.40000e-01, 8.60000e-01, 8.50000e-01, 0.00000e+00, 0.00000e+00
8.60000e-01, 8.80000e-01, 8.70000e-01, 7.40185e-03, 3.70093e-01
8.80000e-01, 9.00000e-01, 8.90000e-01, 9.70329e-02, 4.85165e+00
9.00000e-01, 9.20000e-01, 9.10000e-01, 1.56762e-01, 7.83808e+00
9.20000e-01, 9.40000e-01, 9.30000e-01, 1.49425e-01, 7.47124e+00
9.40000e-01, 9.60000e-01, 9.50000e-01, 1.05520e-01, 5.27601e+00
9.60000e-01, 9.80000e-01, 9.70000e-01, 6.01238e-02, 3.00619e+00
9.80000e-01, 1.00000e+00, 9.90000e-01, 2.88375e-02, 1.44188e+00
1.00000e+00, 1.02000e+00, 1.01000e+00, 1.19317e-02, 5.96587e-01
1.02000e+00, 1.04000e+00, 1.03000e+00, 4.32534e-03, 2.16267e-01
1.04000e+00, 1.06000e+00, 1.05000e+00, 1.38811e-03, 6.94054e-02
1.06000e+00, 1.08000e+00, 1.07000e+00, 3.97229e-04, 1.98615e-02
1.08000e+00, 1.10000e+00, 1.09000e+00, 1.01874e-04, 5.09369e-03
1.10000e+00, 1.12000e+00, 1.11000e+00, 2.34962e-05, 1.17481e-03
1.12000e+00, 1.14000e+00, 1.13000e+00, 4.88473e-06, 2.44236e-04
1.14000e+00, 1.16000e+00, 1.15000e+00, 9.16552e-07, 4.58276e-05
1.16000e+00, 1.18000e+00, 1.17000e+00, 1.55294e-07, 7.76472e-06
1.18000e+00, 1.20000e+00, 1.19000e+00, 2.37527e-08, 1.18763e-06
1.20000e+00, 1.22000e+00, 1.21000e+00, 3.27632e-09, 1.63816e-07
1.22000e+00, 1.24000e+00, 1.23000e+00, 4.06837e-10, 2.03418e-08
1.24000e+00, 1.26000e+00, 1.25000e+00, 4.53646e-11, 2.26823e-09
1.26000e+00, 1.28000e+00, 1.27000e+00, 4.52697e-12, 2.26349e-10
1.28000e+00, 1.30000e+00, 1.29000e+00, 4.02527e-13, 2.01263e-11
1.30000e+00, 1.32000e+00, 1.31000e+00, 3.17146e-14, 1.58573e-12
1.32000e+00, 1.34000e+00, 1.33000e+00, 2.19713e-15, 1.09857e-13
1.34000e+00, 1.36000e+00, 1.35000e+00, 1.32117e-16, 6.60583e-15
1.36000e+00, 1.38000e+00, 1.37000e+00, 6.66134e-18, 3.33067e-16
1.38000e+00, 1.40000e+00, 1.39000e+00, 0.00000e+00, 0.00000e+00
1.40000e+00, 1.42000e+00, 1.41000e+00, 0.00000e+00, 0.00000e+00
1.42000e+00, 1.44000e+00, 1.43000e+00, 0.00000e+00, 0.00000e+00
1.44000e+00, 1.46000e+00, 1.45000e+00, 0.00000e+00, 0.00000e+00
1.46000e+00, 1.48000e+00, 1.47000e+00, 0.00000e+00, 0.00000e+00
1.48000e+00, 1.50000e+00, 1.49000e+00, 0.00000e+00, 0.00000e+00
1.50000e+00, 1.52000e+00, 1.51000e+00, 0.00000e+00, 0.00000e+00
1.52000e+00, 1.54000e+00, 1.53000e+00, 0.00000e+00, 0.00000e+00
1.54000e+00, 1.56000e+00, 1.55000e+00, 0.00000e+00, 0.00000e+00
1.56000e+00, 1.58000e+00, 1.57000e+00, 0.00000e+00, 0.00000e+00
1.58000e+00, 1.60000e+00, 1.59000e+00, 0.00000e+00, 0.00000e+00
1.60000e+00, 1.62000e+00, 1.61000e+00, 0.00000e+00, 0.00000e+00
1.62000e+00, 1.64000e+00, 1.63000e+00, 0.00000e+00, 0.00000e+00
1.64000e+00, 1.66000e+00, 1.65000e+00, 0.00000e+00, 0.00000e+00
1.66000e+00, 1.68000e+00, 1.67000e+00, 0.00000e+00, 0.00000e+00
1.68000e+00, 1.70000e+00, 1.69000e+00, 0.00000e+00, 0.00000e+00
1.70000e+00, 1.72000e+00, 1.71000e+00, 0.00000e+00, 0.00000e+00
1.72000e+00, 1.74000e+00, 1.73000e+00, 0.00000e+00, 0.00000e+00
1.74000e+00, 1.76000e+00, 1.75000e+00, 0.00000e+00, 0.00000e+00
1.76000e+00, 1.78000e+00, 1.77000e+00, 0.00000e+00, 0.00000e+00
1.78000e+00, 1.80000e+00, 1.79000e+00, 0.00000e+00, 0.00000e+00
1.80000e+00, 1.82000e+00, 1.81000e+00, 0.00000e+00, 0.00000e+00
1.82000e+00, 1.84000e+00, 1.83000e+00, 0.00000e+00, 0.00000e+00
1.84000e+00, 1.86000e+00, 1.85000e+00, 0.00000e+00, 0.00000e+00
1.86000e+00, 1.88000e+00, 1.87000e+00, 0.00000e+00, 0.00000e+00
1.88000e+00, 1.90000e+00, 1.89000e+00, 0.00000e+00, 0.00000e+00
1.90000e+00, 1.92000e+00, 1.91000e+00, 0.00000e+00, 0.00000e+00
1.92000e+00, 1.94000e+00, 1.93000e+00, 0.00000e+00, 0.00000e+00
1.94000e+00, 1.96000e+00, 1.95000e+00, 0.00000e+00, 0.00000e+00
1.96000e+00, 1.98000e+00, 1.97000e+00, 0.00000e+00, 0.00000e+00
1.98000e+00, 2.00000e+00, 1.99000e+00, 0.00000e+00, 0.00000e+00
