# time = 4.800000000000000e-01# start, end, pivot, particles, density
0.00000e+00, 2.00000e-02, 1.00000e-02, 0.00000e+00, 0.00000e+00
2.00000e-02, 4.00000e-02, 3.00000e-02, 0.00000e+00, 0.00000e+00
4.00000e-02, 6.00000e-02, 5.00000e-02, 0.00000e+00, 0.00000e+00
6.00000e-02, 8.00000e-02, 7.00000e-02, 0.00000e+00, 0.00000e+00
8.00000e-02, 1.00000e-01, 9.00000e-02, 0.00000e+00, 0.00000e+00
1.00000e-01, 1.20000e-01, 1.10000e-01, 1.42109e-16, 7.10543e-15
1.20000e-01, 1.40000e-01, 1.30000e-01, 6.96332e-15, 3.48166e-13
1.40000e-01, 1.60000e-01, 1.50000e-01, 1.67262e-13, 8.36309e-12
1.60000e-01, 1.80000e-01, 1.70000e-01, 2.62517e-12, 1.31259e-10
1.80000e-01, 2.00000e-01, 1.90000e-01, 3.02767e-11, 1.51383e-09
2.00000e-01, 2.20000e-01, 2.10000e-01, 2.73610e-10, 1.36805e-08
2.20000e-01, 2.40000e-01, 2.30000e-01, 2.01750e-09, 1.00875e-07
2.40000e-01, 2.60000e-01, 2.50000e-01, 1.24808e-08, 6.24041e-07
2.60000e-01, 2.80000e-01, 2.70000e-01, 6.61053e-08, 3.30527e-06
2.80000e-01, 3.00000e-01, 2.90000e-01, 3.04437e-07, 1.52218e-05
3.00000e-01, 3.20000e-01, 3.10000e-01, 1.23393e-06, 6.16964e-05
3.20000e-01, 3.40000e-01, 3.30000e-01, 4.44490e-06, 2.22245e-04
3.40000e-01, 3.60000e-01, 3.50000e-01, 1.43454e-05, 7.17270e-04
3.60000e-01, 3.80000e-01, 3.70000e-01, 4.17621e-05, 2.08811e-03
3.80000e-01, 4.00000e-01, 3.90000e-01, 1.10304e-04, 5.51520e-03
4.00000e-01, 4.20000e-01, 4.10000e-01, 2.65666e-04, 1.32833e-02
4.20000e-01, 4.40000e-01, 4.30000e-01, 5.86099e-04, 2.93049e-02
4.40000e-01, 4.60000e-01, 4.50000e-01, 1.18927e-03, 5.94634e-02
4.60000e-01, 4.80000e-01, 4.70000e-01, 2.22806e-03, 1.11403e-01
4.80000e-01, 5.00000e-01, 4.90000e-01, 3.86825e-03, 1.93413e-01
5.00000e-01, 5.20000e-01, 5.10000e-01, 6.24654e-03, 3.12327e-01
5.20000e-01, 5.40000e-01, 5.30000e-01, 9.41758e-03, 4.70879e-01
5.40000e-01, 5.60000e-01, 5.50000e-01, 1.33093e-02, 6.65466e-01
5.60000e-01, 5.80000e-01, 5.70000e-01, 1.77087e-02, 8.85433e-01
5.80000e-01, 6.00000e-01, 5.90000e-01, 2.22913e-02, 1.11457e+00
6.00000e-01, 6.20000e-01, 6.10000e-01, 2.66907e-02, 1.33453e+00
6.20000e-01, 6.40000e-01, 6.30000e-01, 3.05824e-02, 1.52912e+00
6.40000e-01, 6.60000e-01, 6.50000e-01, 3.37535e-02, 1.68767e+00
6.60000e-01, 6.80000e-01, 6.70000e-01, 3.61317e-02, 1.80659e+00
6.80000e-01, 7.00000e-01, 6.90000e-01, 3.77719e-02, 1.88860e+00
7.00000e-01, 7.20000e-01, 7.10000e-01, 3.88107e-02, 1.94054e+00
7.20000e-01, 7.40000e-01, 7.30000e-01, 3.94139e-02, 1.97069e+00
7.40000e-01, 7.60000e-01, 7.50000e-01, 3.97343e-02, 1.98672e+00
7.60000e-01, 7.80000e-01, 7.70000e-01, 3.98896e-02, 1.99448e+00
7.80000e-01, 8.00000e-01, 7.90000e-01, 3.99579e-02, 1.99790e+00
8.00000e-01, 8.20000e-01, 8.10000e-01, 3.99844e-02, 1.99922e+00
8.20000e-01, 8.40000e-01, 8.30000e-01, 3.99911e-02, 1.99956e+00
8.40000e-01, 8.60000e-01, 8.50000e-01, 3.99844e-02, 1.99922e+00
8.60000e-01, 8.80000e-01, 8.70000e-01, 3.99579e-02, 1.99790e+00
8.80000e-01, 9.00000e-01, 8.90000e-01, 3.98896e-02, 1.99448e+00
9.00000e-01, 9.20000e-01, 9.10000e-01, 3.97343e-02, 1.98672e+00
9.20000e-01, 9.40000e-01, 9.30000e-01, 3.94139e-02, 1.97069e+00
9.40000e-01, 9.60000e-01, 9.50000e-01, 3.88107e-02, 1.94054e+00
9.60000e-01, 9.80000e-01, 9.70000e-01, 3.77719e-02, 1.88860e+00
9.80000e-01, 1.00000e+00, 9.90000e-01, 3.61317e-02, 1.80659e+00
1.00000e+00, 1.02000e+00, 1.01000e+00, 3.37535e-02, 1.68767e+00
1.02000e+00, 1.04000e+00, 1.03000e+00, 3.05824e-02, 1.52912e+00
1.04000e+00, 1.06000e+00, 1.05000e+00, 2.66907e-02, 1.33453e+00
1.06000e+00, 1.08000e+00, 1.07000e+00, 2.22913e-02, 1.11457e+00
1.08000e+00, 1.10000e+00, 1.09000e+00, 1.77087e-02, 8.85433e-01
1.10000e+00, 1.12000e+00, 1.11000e+00, 1.33093e-02, 6.65466e-01
1.12000e+00, 1.14000e+00, 1.13000e+00, 9.41758e-03, 4.70879e-01
1.14000e+00, 1.16000e+00, 1.15000e+00, 6.24654e-03, 3.12327e-01
1.16000e+00, 1.18000e+00, 1.17000e+00, 3.86825e-03, 1.93413e-01
1.18000e+00, 1.20000e+00, 1.19000e+00, 2.22806e-03, 1.11403e-01
1.20000e+00, 1.22000e+00, 1.21000e+00, 1.18927e-03, 5.94634e-02
1.22000e+00, 1.24000e+00, 1.23000e+00, 5.86099e-04, 2.93049e-02
1.24000e+00, 1.26000e+00, 1.25000e+00, 2.65666e-04, 1.32833e-02
1.26000e+00, 1.28000e+00, 1.27000e+00, 1.10304e-04, 5.51520e-03
1.28000e+00, 1.30000e+00, 1.29000e+00, 4.17621e-05, 2.08811e-03
1.30000e+00, 1.32000e+00, 1.31000e+00, 1.43454e-05, 7.17270e-04
1.32000e+00, 1.34000e+00, 1.33000e+00, 4.44490e-06, 2.22245e-04
1.34000e+00, 1.36000e+00, 1.35000e+00, 1.23393e-06, 6.16964e-05
1.36000e+00, 1.38000e+00, 1.37000e+00, 3.04437e-07, 1.52218e-05
1.38000e+00, 1.40000e+00, 1.39000e+00, 6.61053e-08, 3.30527e-06
1.40000e+00, 1.42000e+00, 1.41000e+00, 1.24808e-08, 6.24041e-07
1.42000e+00, 1.44000e+00, 1.43000e+00, 2.01750e-09, 1.00875e-07
1.44000e+00, 1.46000e+00, 1.45000e+00, 2.73610e-10, 1.36805e-08
1.46000e+00, 1.48000e+00, 1.47000e+00, 3.02767e-11, 1.51383e-09
1.48000e+00, 1.50000e+00, 1.49000e+00, 2.62517e-12, 1.31259e-10
1.50000e+00, 1.52000e+00, 1.51000e+00, 1.67262e-13, 8.36309e-12
1.52000e+00, 1.54000e+00, 1.53000e+00, 6.96332e-15, 3.48166e-13
1.54000e+00, 1.56000e+00, 1.55000e+00, 1.42109e-16, 7.10543e-15
1.56000e+00, 1.58000e+00, 1.57000e+00, 0.00000e+00, 0.00000e+00
1.58000e+00, 1.60000e+00, 1.59000e+00, 0.00000e+00, 0.00000e+00
1.60000e+00, 1.62000e+00, 1.61000e+00, 0.00000e+00, 0.00000e+00
1.62000e+00, 1.64000e+00, 1.63000e+00, 0.00000e+00, 0.00000e+00
1.64000e+00, 1.66000e+00, 1.65000e+00, 0.00000e+00, 0.00000e+00
1.66000e+00, 1.68000e+00, 1.67000e+00, 0.00000e+00, 0.00000e+00
1.68000e+00, 1.70000e+00, 1.69000e+00, 0.00000e+00, 0.00000e+00
1.70000e+00, 1.72000e+00, 1.71000e+00, 0.00000e+00, 0.00000e+00
1.72000e+00, 1.74000e+00, 1.73000e+00, 0.00000e+00, 0.00000e+00
1.74000e+00, 1.76000e+00, 1.75000e+00, 0.00000e+00, 0.00000e+00
1.76000e+00, 1.78000e+00, 1.77000e+00, 0.00000e+00, 0.00000e+00
1.78000e+00, 1.80000e+00, 1.79000e+00, 0.00000e+00, 0.00000e+00
1.80000e+00, 1.82000e+00, 1.81000e+00, 0.00000e+00, 0.00000e+00
1.82000e+00, 1.84000e+00, 1.83000e+00, 0.00000e+00, 0.00000e+00
1.84000e+00, 1.86000e+00, 1.85000e+00, 0.00000e+00, 0.00000e+00
1.86000e+00, 1.88000e+00, 1.87000e+00, 0.00000e+00, 0.00000e+00
1.88000e+00, 1.90000e+00, 1.89000e+00, 0.00000e+00, 0.00000e+00
1.90000e+00, 1.92000e+00, 1.91000e+00, 0.00000e+00, 0.00000e+00
1.92000e+00, 1.94000e+00, 1.93000e+00, 0.00000e+00, 0.00000e+00
1.94000e+00, 1.96000e+00, 1.95000e+00, 0.00000e+00, 0.00000e+00
1.96000e+00, 1.98000e+00, 1.97000e+00, 0.00000e+00, 0.00000e+00
1.98000e+00, 2.00000e+00, 1.99000e+00, 0.00000e+00, 0.00000e+00
