# time = 3.800000000000000e-01# start, end, pivot, particles, density
0.00000e+00, 2.00000e-02, 1.00000e-02, 0.00000e+00, 0.00000e+00
2.00000e-02, 4.00000e-02, 3.00000e-02, 0.00000e+00, 0.00000e+00
4.00000e-02, 6.00000e-02, 5.00000e-02, 0.00000e+00, 0.00000e+00
6.00000e-02, 8.00000e-02, 7.00000e-02, 0.00000e+00, 0.00000e+00
8.00000e-02, 1.00000e-01, 9.00000e-02, 0.00000e+00, 0.00000e+00
1.00000e-01, 1.20000e-01, 1.10000e-01, 0.00000e+00, 0.00000e+00
1.20000e-01, 1.40000e-01, 1.30000e-01, 0.00000e+00, 0.00000e+00
1.40000e-01, 1.60000e-01, 1.50000e-01, 0.00000e+00, 0.00000e+00
1.60000e-01, 1.80000e-01, 1.70000e-01, 0.00000e+00, 0.00000e+00
1.80000e-01, 2.00000e-01, 1.90000e-01, 0.00000e+00, 0.00000e+00
2.00000e-01, 2.20000e-01, 2.10000e-01, 0.00000e+00, 0.00000e+00
2.20000e-01, 2.40000e-01, 2.30000e-01, 0.00000e+00, 0.00000e+00
2.40000e-01, 2.60000e-01, 2.50000e-01, 0.00000e+00, 0.00000e+00
2.60000e-01, 2.80000e-01, 2.70000e-01, 0.00000e+00, 0.00000e+00
2.80000e-01, 3.00000e-01, 2.90000e-01, 0.00000e+00, 0.00000e+00
3.00000e-01, 3.20000e-01, 3.10000e-01, 0.00000e+00, 0.00000e+00
3.20000e-01, 3.40000e-01, 3.30000e-01, 0.00000e+00, 0.00000e+00
3.40000e-01, 3.60000e-01, 3.50000e-01, 1.92188e-02, 9.60941e-01
3.60000e-01, 3.80000e-01, 3.70000e-01, 2.37816e-02, 1.18908e+00
3.80000e-01, 4.00000e-01, 3.90000e-01, 0.00000e+00, 0.00000e+00
4.00000e-01, 4.20000e-01, 4.10000e-01, 5.62979e-02, 2.81490e+00
4.20000e-01, 4.40000e-01, 4.30000e-01, 6.73132e-02, 3.36566e+00
4.40000e-01, 4.60000e-01, 4.50000e-01, 0.00000e+00, 0.00000e+00
4.60000e-01, 4.80000e-01, 4.70000e-01, 6.26407e-02, 3.13203e+00
4.80000e-01, 5.00000e-01, 4.90000e-01, 1.07669e-01, 5.38346e+00
5.00000e-01, 5.20000e-01, 5.10000e-01, 9.97351e-03, 4.98676e-01
5.20000e-01, 5.40000e-01, 5.30000e-01, 1.25220e-02, 6.26100e-01
5.40000e-01, 5.60000e-01, 5.50000e-01, 1.34962e-01, 6.74811e+00
5.60000e-01, 5.80000e-01, 5.70000e-01, 8.79258e-02, 4.39629e+00
5.80000e-01, 6.00000e-01, 5.90000e-01, 0.00000e+00, 0.00000e+00
6.00000e-01, 6.20000e-01, 6.10000e-01, 4.19606e-02, 2.09803e+00
6.20000e-01, 6.40000e-01, 6.30000e-01, 1.64002e-01, 8.20011e+00
6.40000e-01, 6.60000e-01, 6.50000e-01, 1.17336e-01, 5.86678e+00
6.60000e-01, 6.80000e-01, 6.70000e-01, 1.35183e-02, 6.75916e-01
6.80000e-01, 7.00000e-01, 6.90000e-01, 0.00000e+00, 0.00000e+00
7.00000e-01, 7.20000e-01, 7.10000e-01, 1.14266e-01, 5.71331e+00
7.20000e-01, 7.40000e-01, 7.30000e-01, 1.86514e-01, 9.32572e+00
7.40000e-01, 7.60000e-01, 7.50000e-01, 1.22886e-01, 6.14432e+00
7.60000e-01, 7.80000e-01, 7.70000e-01, 3.22850e-02, 1.61425e+00
7.80000e-01, 8.00000e-01, 7.90000e-01, 0.00000e+00, 0.00000e+00
8.00000e-01, 8.20000e-01, 8.10000e-01, 1.70049e-02, 8.50247e-01
8.20000e-01, 8.40000e-01, 8.30000e-01, 9.75081e-02, 4.87540e+00
8.40000e-01, 8.60000e-01, 8.50000e-01, 1.37554e-01, 6.87771e+00
8.60000e-01, 8.80000e-01, 8.70000e-01, 1.19350e-01, 5.96748e+00
8.80000e-01, 9.00000e-01, 8.90000e-01, 7.70950e-02, 3.85475e+00
9.00000e-01, 9.20000e-01, 9.10000e-01, 3.99861e-02, 1.99930e+00
9.20000e-01, 9.40000e-01, 9.30000e-01, 1.73068e-02, 8.65340e-01
9.40000e-01, 9.60000e-01, 9.50000e-01, 6.39327e-03, 3.19664e-01
9.60000e-01, 9.80000e-01, 9.70000e-01, 2.04450e-03, 1.02225e-01
9.80000e-01, 1.00000e+00, 9.90000e-01, 5.71275e-04, 2.85638e-02
1.00000e+00, 1.02000e+00, 1.01000e+00, 1.40332e-04, 7.01660e-03
1.02000e+00, 1.04000e+00, 1.03000e+00, 3.04234e-05, 1.52117e-03
1.04000e+00, 1.06000e+00, 1.05000e+00, 5.83359e-06, 2.91680e-04
1.06000e+00, 1.08000e+00, 1.07000e+00, 9.90066e-07, 4.95033e-05
1.08000e+00, 1.10000e+00, 1.09000e+00, 1.48649e-07, 7.43244e-06
1.10000e+00, 1.12000e+00, 1.11000e+00, 1.97090e-08, 9.85449e-07
1.12000e+00, 1.14000e+00, 1.13000e+00, 2.30071e-09, 1.15036e-07
1.14000e+00, 1.16000e+00, 1.15000e+00, 2.35417e-10, 1.17709e-08
1.16000e+00, 1.18000e+00, 1.17000e+00, 2.09881e-11, 1.04941e-09
1.18000e+00, 1.20000e+00, 1.19000e+00, 1.61726e-12, 8.08632e-11
1.20000e+00, 1.22000e+00, 1.21000e+00, 1.06574e-13, 5.32868e-12
1.22000e+00, 1.24000e+00, 1.23000e+00, 5.92082e-15, 2.96041e-13
1.24000e+00, 1.26000e+00, 1.25000e+00, 2.72005e-16, 1.36002e-14
1.26000e+00, 1.28000e+00, 1.27000e+00, 9.99201e-18, 4.99600e-16
1.28000e+00, 1.30000e+00, 1.29000e+00, 0.00000e+00, 0.00000e+00
1.30000e+00, 1.32000e+00, 1.31000e+00, 0.00000e+00, 0.00000e+00
1.32000e+00, 1.34000e+00, 1.33000e+00, 0.00000e+00, 0.00000e+00
1.34000e+00, 1.36000e+00, 1.35000e+00, 0.00000e+00, 0.00000e+00
1.36000e+00, 1.38000e+00, 1.37000e+00, 0.00000e+00, 0.00000e+00
1.38000e+00, 1.40000e+00, 1.39000e+00, 0.00000e+00, 0.00000e+00
1.40000e+00, 1.42000e+00, 1.41000e+00, 0.00000e+00, 0.00000e+00
1.42000e+00, 1.44000e+00, 1.43000e+00, 0.00000e+00, 0.00000e+00
1.44000e+00, 1.46000e+00, 1.45000e+00, 0.00000e+00, 0.00000e+00
1.46000e+00, 1.48000e+00, 1.47000e+00, 0.00000e+00, 0.00000e+00
1.48000e+00, 1.50000e+00, 1.49000e+00, 0.00000e+00, 0.00000e+00
1.50000e+00, 1.52000e+00, 1.51000e+00, 0.00000e+00, 0.00000e+00
1.52000e+00, 1.54000e+00, 1.53000e+00, 0.00000e+00, 0.00000e+00
1.54000e+00, 1.56000e+00, 1.55000e+00, 0.00000e+00, 0.00000e+00
1.56000e+00, 1.58000e+00, 1.57000e+00, 0.00000e+00, 0.00000e+00
1.58000e+00, 1.60000e+00, 1.59000e+00, 0.00000e+00, 0.00000e+00
1.60000e+00, 1.62000e+00, 1.61000e+00, 0.00000e+00, 0.00000e+00
1.62000e+00, 1.64000e+00, 1.63000e+00, 0.00000e+00, 0.00000e+00
1.64000e+00, 1.66000e+00, 1.65000e+00, 0.00000e+00, 0.00000e+00
1.66000e+00, 1.68000e+00, 1.67000e+00, 0.00000e+00, 0.00000e+00
1.68000e+00, 1.70000e+00, 1.69000e+00, 0.00000e+00, 0.00000e+00
1.70000e+00, 1.72000e+00, 1.71000e+00, 0.00000e+00, 0.00000e+00
1.72000e+00, 1.74000e+00, 1.73000e+00, 0.00000e+00, 0.00000e+00
1.74000e+00, 1.76000e+00, 1.75000e+00, 0.00000e+00, 0.00000e+00
1.76000e+00, 1.78000e+00, 1.77000e+00, 0.00000e+00, 0.00000e+00
1.78000e+00, 1.80000e+00, 1.79000e+00, 0.00000e+00, 0.00000e+00
1.80000e+00, 1.82000e+00, 1.81000e+00, 0.00000e+00, 0.00000e+00
1.82000e+00, 1.84000e+00, 1.83000e+00, 0.00000e+00, 0.00000e+00
1.84000e+00, 1.86000e+00, 1.85000e+00, 0.00000e+00, 0.00000e+00
1.86000e+00, 1.88000e+00, 1.87000e+00, 0.00000e+00, 0.00000e+00
1.88000e+00, 1.90000e+00, 1.89000e+00, 0.00000e+00, 0.00000e+00
1.90000e+00, 1.92000e+00, 1.91000e+00, 0.00000e+00, 0.00000e+00
1.92000e+00, 1.94000e+00, 1.93000e+00, 0.00000e+00, 0.00000e+00
1.94000e+00, 1.96000e+00, 1.95000e+00, 0.00000e+00, 0.00000e+00
1.96000e+00, 1.98000e+00, 1.97000e+00, 0.00000e+00, 0.00000e+00
1.98000e+00, 2.00000e+00, 1.99000e+00, 0.00000e+00, 0.00000e+00
