# time = 3.300000000000000e-01# start, end, pivot, particles, density
0.00000e+00, 2.00000e-02, 1.00000e-02, 0.00000e+00, 0.00000e+00
2.00000e-02, 4.00000e-02, 3.00000e-02, 0.00000e+00, 0.00000e+00
4.00000e-02, 6.00000e-02, 5.00000e-02, 0.00000e+00, 0.00000e+00
6.00000e-02, 8.00000e-02, 7.00000e-02, 0.00000e+00, 0.00000e+00
8.00000e-02, 1.00000e-01, 9.00000e-02, 0.00000e+00, 0.00000e+00
1.00000e-01, 1.20000e-01, 1.10000e-01, 0.00000e+00, 0.00000e+00
1.20000e-01, 1.40000e-01, 1.30000e-01, 0.00000e+00, 0.00000e+00
1.40000e-01, 1.60000e-01, 1.50000e-01, 0.00000e+00, 0.00000e+00
1.60000e-01, 1.80000e-01, 1.70000e-01, 0.00000e+00, 0.00000e+00
1.80000e-01, 2.00000e-01, 1.90000e-01, 0.00000e+00, 0.00000e+00
2.00000e-01, 2.20000e-01, 2.10000e-01, 0.00000e+00, 0.00000e+00
2.20000e-01, 2.40000e-01, 2.30000e-01, 0.00000e+00, 0.00000e+00
2.40000e-01, 2.60000e-01, 2.50000e-01, 0.00000e+00, 0.00000e+00
2.60000e-01, 2.80000e-01, 2.70000e-01, 0.00000e+00, 0.00000e+00
2.80000e-01, 3.00000e-01, 2.90000e-01, 0.00000e+00, 0.00000e+00
3.00000e-01, 3.20000e-01, 3.10000e-01, 0.00000e+00, 0.00000e+00
3.20000e-01, 3.40000e-01, 3.30000e-01, 0.00000e+00, 0.00000e+00
3.40000e-01, 3.60000e-01, 3.50000e-01, 2.75789e-02, 1.37895e+00
3.60000e-01, 3.80000e-01, 3.70000e-01, 0.00000e+00, 0.00000e+00
3.80000e-01, 4.00000e-01, 3.90000e-01, 2.80496e-02, 1.40248e+00
4.00000e-01, 4.20000e-01, 4.10000e-01, 7.13635e-02, 3.56818e+00
4.20000e-01, 4.40000e-01, 4.30000e-01, 0.00000e+00, 0.00000e+00
4.40000e-01, 4.60000e-01, 4.50000e-01, 5.75496e-02, 2.87748e+00
4.60000e-01, 4.80000e-01, 4.70000e-01, 8.53538e-02, 4.26769e+00
4.80000e-01, 5.00000e-01, 4.90000e-01, 6.75648e-04, 3.37824e-02
5.00000e-01, 5.20000e-01, 5.10000e-01, 3.78407e-02, 1.89203e+00
5.20000e-01, 5.40000e-01, 5.30000e-01, 1.17659e-01, 5.88296e+00
5.40000e-01, 5.60000e-01, 5.50000e-01, 3.96786e-02, 1.98393e+00
5.60000e-01, 5.80000e-01, 5.70000e-01, 0.00000e+00, 0.00000e+00
5.80000e-01, 6.00000e-01, 5.90000e-01, 8.95034e-02, 4.47517e+00
6.00000e-01, 6.20000e-01, 6.10000e-01, 1.33846e-01, 6.69228e+00
6.20000e-01, 6.40000e-01, 6.30000e-01, 4.11833e-02, 2.05916e+00
6.40000e-01, 6.60000e-01, 6.50000e-01, 0.00000e+00, 0.00000e+00
6.60000e-01, 6.80000e-01, 6.70000e-01, 6.06957e-02, 3.03478e+00
6.80000e-01, 7.00000e-01, 6.90000e-01, 1.54303e-01, 7.71514e+00
7.00000e-01, 7.20000e-01, 7.10000e-01, 1.20984e-01, 6.04921e+00
7.20000e-01, 7.40000e-01, 7.30000e-01, 3.65707e-02, 1.82853e+00
7.40000e-01, 7.60000e-01, 7.50000e-01, 0.00000e+00, 0.00000e+00
7.60000e-01, 7.80000e-01, 7.70000e-01, 1.22250e-02, 6.11252e-01
7.80000e-01, 8.00000e-01, 7.90000e-01, 8.66272e-02, 4.33136e+00
8.00000e-01, 8.20000e-01, 8.10000e-01, 1.24571e-01, 6.22855e+00
8.20000e-01, 8.40000e-01, 8.30000e-01, 1.06988e-01, 5.34938e+00
8.40000e-01, 8.60000e-01, 8.50000e-01, 6.72414e-02, 3.36207e+00
8.60000e-01, 8.80000e-01, 8.70000e-01, 3.34613e-02, 1.67307e+00
8.80000e-01, 9.00000e-01, 8.90000e-01, 1.37178e-02, 6.85889e-01
9.00000e-01, 9.20000e-01, 9.10000e-01, 4.73981e-03, 2.36991e-01
9.20000e-01, 9.40000e-01, 9.30000e-01, 1.39983e-03, 6.99913e-02
9.40000e-01, 9.60000e-01, 9.50000e-01, 3.56501e-04, 1.78251e-02
9.60000e-01, 9.80000e-01, 9.70000e-01, 7.87156e-05, 3.93578e-03
9.80000e-01, 1.00000e+00, 9.90000e-01, 1.51116e-05, 7.55581e-04
1.00000e+00, 1.02000e+00, 1.01000e+00, 2.52438e-06, 1.26219e-04
1.02000e+00, 1.04000e+00, 1.03000e+00, 3.66555e-07, 1.83277e-05
1.04000e+00, 1.06000e+00, 1.05000e+00, 4.61350e-08, 2.30675e-06
1.06000e+00, 1.08000e+00, 1.07000e+00, 5.00913e-09, 2.50457e-07
1.08000e+00, 1.10000e+00, 1.09000e+00, 4.65913e-10, 2.32957e-08
1.10000e+00, 1.12000e+00, 1.11000e+00, 3.67650e-11, 1.83825e-09
1.12000e+00, 1.14000e+00, 1.13000e+00, 2.42857e-12, 1.21429e-10
1.14000e+00, 1.16000e+00, 1.15000e+00, 1.31833e-13, 6.59167e-12
1.16000e+00, 1.18000e+00, 1.17000e+00, 5.72764e-15, 2.86382e-13
1.18000e+00, 1.20000e+00, 1.19000e+00, 1.90958e-16, 9.54792e-15
1.20000e+00, 1.22000e+00, 1.21000e+00, 4.44089e-18, 2.22045e-16
1.22000e+00, 1.24000e+00, 1.23000e+00, 0.00000e+00, 0.00000e+00
1.24000e+00, 1.26000e+00, 1.25000e+00, 0.00000e+00, 0.00000e+00
1.26000e+00, 1.28000e+00, 1.27000e+00, 0.00000e+00, 0.00000e+00
1.28000e+00, 1.30000e+00, 1.29000e+00, 0.00000e+00, 0.00000e+00
1.30000e+00, 1.32000e+00, 1.31000e+00, 0.00000e+00, 0.00000e+00
1.32000e+00, 1.34000e+00, 1.33000e+00, 0.00000e+00, 0.00000e+00
1.34000e+00, 1.36000e+00, 1.35000e+00, 0.00000e+00, 0.00000e+00
1.36000e+00, 1.38000e+00, 1.37000e+00, 0.00000e+00, 0.00000e+00
1.38000e+00, 1.40000e+00, 1.39000e+00, 0.00000e+00, 0.00000e+00
1.40000e+00, 1.42000e+00, 1.41000e+00, 0.00000e+00, 0.00000e+00
1.42000e+00, 1.44000e+00, 1.43000e+00, 0.00000e+00, 0.00000e+00
1.44000e+00, 1.46000e+00, 1.45000e+00, 0.00000e+00, 0.00000e+00
1.46000e+00, 1.48000e+00, 1.47000e+00, 0.00000e+00, 0.00000e+00
1.48000e+00, 1.50000e+00, 1.49000e+00, 0.00000e+00, 0.00000e+00
1.50000e+00, 1.52000e+00, 1.51000e+00, 0.00000e+00, 0.00000e+00
1.52000e+00, 1.54000e+00, 1.53000e+00, 0.00000e+00, 0.00000e+00
1.54000e+00, 1.56000e+00, 1.55000e+00, 0.00000e+00, 0.00000e+00
1.56000e+00, 1.58000e+00, 1.57000e+00, 0.00000e+00, 0.00000e+00
1.58000e+00, 1.60000e+00, 1.59000e+00, 0.00000e+00, 0.00000e+00
1.60000e+00, 1.62000e+00, 1.61000e+00, 0.00000e+00, 0.00000e+00
1.62000e+00, 1.64000e+00, 1.63000e+00, 0.00000e+00, 0.00000e+00
1.64000e+00, 1.66000e+00, 1.65000e+00, 0.00000e+00, 0.00000e+00
1.66000e+00, 1.68000e+00, 1.67000e+00, 0.00000e+00, 0.00000e+00
1.68000e+00, 1.70000e+00, 1.69000e+00, 0.00000e+00, 0.00000e+00
1.70000e+00, 1.72000e+00, 1.71000e+00, 0.00000e+00, 0.00000e+00
1.72000e+00, 1.74000e+00, 1.73000e+00, 0.00000e+00, 0.00000e+00
1.74000e+00, 1.76000e+00, 1.75000e+00, 0.00000e+00, 0.00000e+00
1.76000e+00, 1.78000e+00, 1.77000e+00, 0.00000e+00, 0.00000e+00
1.78000e+00, 1.80000e+00, 1.79000e+00, 0.00000e+00, 0.00000e+00
1.80000e+00, 1.82000e+00, 1.81000e+00, 0.00000e+00, 0.00000e+00
1.82000e+00, 1.84000e+00, 1.83000e+00, 0.00000e+00, 0.00000e+00
1.84000e+00, 1.86000e+00, 1.85000e+00, 0.00000e+00, 0.00000e+00
1.86000e+00, 1.88000e+00, 1.87000e+00, 0.00000e+00, 0.00000e+00
1.88000e+00, 1.90000e+00, 1.89000e+00, 0.00000e+00, 0.00000e+00
1.90000e+00, 1.92000e+00, 1.91000e+00, 0.00000e+00, 0.00000e+00
1.92000e+00, 1.94000e+00, 1.93000e+00, 0.00000e+00, 0.00000e+00
1.94000e+00, 1.96000e+00, 1.95000e+00, 0.00000e+00, 0.00000e+00
1.96000e+00, 1.98000e+00, 1.97000e+00, 0.00000e+00, 0.00000e+00
1.98000e+00, 2.00000e+00, 1.99000e+00, 0.00000e+00, 0.00000e+00
