# time = 3.600000000000000e-01# start, end, pivot, particles, density
0.00000e+00, 2.00000e-02, 1.00000e-02, 0.00000e+00, 0.00000e+00
2.00000e-02, 4.00000e-02, 3.00000e-02, 0.00000e+00, 0.00000e+00
4.00000e-02, 6.00000e-02, 5.00000e-02, 0.00000e+00, 0.00000e+00
6.00000e-02, 8.00000e-02, 7.00000e-02, 0.00000e+00, 0.00000e+00
8.00000e-02, 1.00000e-01, 9.00000e-02, 0.00000e+00, 0.00000e+00
1.00000e-01, 1.20000e-01, 1.10000e-01, 0.00000e+00, 0.00000e+00
1.20000e-01, 1.40000e-01, 1.30000e-01, 0.00000e+00, 0.00000e+00
1.40000e-01, 1.60000e-01, 1.50000e-01, 0.00000e+00, 0.00000e+00
1.60000e-01, 1.80000e-01, 1.70000e-01, 0.00000e+00, 0.00000e+00
1.80000e-01, 2.00000e-01, 1.90000e-01, 0.00000e+00, 0.00000e+00
2.00000e-01, 2.20000e-01, 2.10000e-01, 0.00000e+00, 0.00000e+00
2.20000e-01, 2.40000e-01, 2.30000e-01, 0.00000e+00, 0.00000e+00
2.40000e-01, 2.60000e-01, 2.50000e-01, 0.00000e+00, 0.00000e+00
2.60000e-01, 2.80000e-01, 2.70000e-01, 0.00000e+00, 0.00000e+00
2.80000e-01, 3.00000e-01, 2.90000e-01, 0.00000e+00, 0.00000e+00
3.00000e-01, 3.20000e-01, 3.10000e-01, 0.00000e+00, 0.00000e+00
3.20000e-01, 3.40000e-01, 3.30000e-01, 0.00000e+00, 0.00000e+00
3.40000e-01, 3.60000e-01, 3.50000e-01, 2.64933e-02, 1.32466e+00
3.60000e-01, 3.80000e-01, 3.70000e-01, 1.12373e-02, 5.61864e-01
3.80000e-01, 4.00000e-01, 3.90000e-01, 0.00000e+00, 0.00000e+00
4.00000e-01, 4.20000e-01, 4.10000e-01, 7.65661e-02, 3.82830e+00
4.20000e-01, 4.40000e-01, 4.30000e-01, 3.09655e-02, 1.54828e+00
4.40000e-01, 4.60000e-01, 4.50000e-01, 0.00000e+00, 0.00000e+00
4.60000e-01, 4.80000e-01, 4.70000e-01, 9.97073e-02, 4.98537e+00
4.80000e-01, 5.00000e-01, 4.90000e-01, 6.16699e-02, 3.08350e+00
5.00000e-01, 5.20000e-01, 5.10000e-01, 0.00000e+00, 0.00000e+00
5.20000e-01, 5.40000e-01, 5.30000e-01, 7.74768e-02, 3.87384e+00
5.40000e-01, 5.60000e-01, 5.50000e-01, 1.23096e-01, 6.15482e+00
5.60000e-01, 5.80000e-01, 5.70000e-01, 2.29710e-02, 1.14855e+00
5.80000e-01, 6.00000e-01, 5.90000e-01, 0.00000e+00, 0.00000e+00
6.00000e-01, 6.20000e-01, 6.10000e-01, 1.18384e-01, 5.91918e+00
6.20000e-01, 6.40000e-01, 6.30000e-01, 1.43162e-01, 7.15810e+00
6.40000e-01, 6.60000e-01, 6.50000e-01, 4.09127e-02, 2.04563e+00
6.60000e-01, 6.80000e-01, 6.70000e-01, 0.00000e+00, 0.00000e+00
6.80000e-01, 7.00000e-01, 6.90000e-01, 6.50262e-02, 3.25131e+00
7.00000e-01, 7.20000e-01, 7.10000e-01, 1.69585e-01, 8.47925e+00
7.20000e-01, 7.40000e-01, 7.30000e-01, 1.39332e-01, 6.96660e+00
7.40000e-01, 7.60000e-01, 7.50000e-01, 4.85154e-02, 2.42577e+00
7.60000e-01, 7.80000e-01, 7.70000e-01, 0.00000e+00, 0.00000e+00
7.80000e-01, 8.00000e-01, 7.90000e-01, 2.72400e-03, 1.36200e-01
8.00000e-01, 8.20000e-01, 8.10000e-01, 7.85076e-02, 3.92538e+00
8.20000e-01, 8.40000e-01, 8.30000e-01, 1.29670e-01, 6.48352e+00
8.40000e-01, 8.60000e-01, 8.50000e-01, 1.20933e-01, 6.04663e+00
8.60000e-01, 8.80000e-01, 8.70000e-01, 8.14205e-02, 4.07103e+00
8.80000e-01, 9.00000e-01, 8.90000e-01, 4.33047e-02, 2.16524e+00
9.00000e-01, 9.20000e-01, 9.10000e-01, 1.90137e-02, 9.50685e-01
9.20000e-01, 9.40000e-01, 9.30000e-01, 7.06635e-03, 3.53317e-01
9.40000e-01, 9.60000e-01, 9.50000e-01, 2.25757e-03, 1.12878e-01
9.60000e-01, 9.80000e-01, 9.70000e-01, 6.26231e-04, 3.13116e-02
9.80000e-01, 1.00000e+00, 9.90000e-01, 1.51801e-04, 7.59005e-03
1.00000e+00, 1.02000e+00, 1.01000e+00, 3.22834e-05, 1.61417e-03
1.02000e+00, 1.04000e+00, 1.03000e+00, 6.03590e-06, 3.01795e-04
1.04000e+00, 1.06000e+00, 1.05000e+00, 9.92573e-07, 4.96286e-05
1.06000e+00, 1.08000e+00, 1.07000e+00, 1.43421e-07, 7.17105e-06
1.08000e+00, 1.10000e+00, 1.09000e+00, 1.81656e-08, 9.08279e-07
1.10000e+00, 1.12000e+00, 1.11000e+00, 2.00896e-09, 1.00448e-07
1.12000e+00, 1.14000e+00, 1.13000e+00, 1.92903e-10, 9.64516e-09
1.14000e+00, 1.16000e+00, 1.15000e+00, 1.59593e-11, 7.97967e-10
1.16000e+00, 1.18000e+00, 1.17000e+00, 1.12595e-12, 5.62976e-11
1.18000e+00, 1.20000e+00, 1.19000e+00, 6.68077e-14, 3.34038e-12
1.20000e+00, 1.22000e+00, 1.21000e+00, 3.27072e-15, 1.63536e-13
1.22000e+00, 1.24000e+00, 1.23000e+00, 1.28786e-16, 6.43929e-15
1.24000e+00, 1.26000e+00, 1.25000e+00, 3.33067e-18, 1.66533e-16
1.26000e+00, 1.28000e+00, 1.27000e+00, 0.00000e+00, 0.00000e+00
1.28000e+00, 1.30000e+00, 1.29000e+00, 0.00000e+00, 0.00000e+00
1.30000e+00, 1.32000e+00, 1.31000e+00, 0.00000e+00, 0.00000e+00
1.32000e+00, 1.34000e+00, 1.33000e+00, 0.00000e+00, 0.00000e+00
1.34000e+00, 1.36000e+00, 1.35000e+00, 0.00000e+00, 0.00000e+00
1.36000e+00, 1.38000e+00, 1.37000e+00, 0.00000e+00, 0.00000e+00
1.38000e+00, 1.40000e+00, 1.39000e+00, 0.00000e+00, 0.00000e+00
1.40000e+00, 1.42000e+00, 1.41000e+00, 0.00000e+00, 0.00000e+00
1.42000e+00, 1.44000e+00, 1.43000e+00, 0.00000e+00, 0.00000e+00
1.44000e+00, 1.46000e+00, 1.45000e+00, 0.00000e+00, 0.00000e+00
1.46000e+00, 1.48000e+00, 1.47000e+00, 0.00000e+00, 0.00000e+00
1.48000e+00, 1.50000e+00, 1.49000e+00, 0.00000e+00, 0.00000e+00
1.50000e+00, 1.52000e+00, 1.51000e+00, 0.00000e+00, 0.00000e+00
1.52000e+00, 1.54000e+00, 1.53000e+00, 0.00000e+00, 0.00000e+00
1.54000e+00, 1.56000e+00, 1.55000e+00, 0.00000e+00, 0.00000e+00
1.56000e+00, 1.58000e+00, 1.57000e+00, 0.00000e+00, 0.00000e+00
1.58000e+00, 1.60000e+00, 1.59000e+00, 0.00000e+00, 0.00000e+00
1.60000e+00, 1.62000e+00, 1.61000e+00, 0.00000e+00, 0.00000e+00
1.62000e+00, 1.64000e+00, 1.63000e+00, 0.00000e+00, 0.00000e+00
1.64000e+00, 1.66000e+00, 1.65000e+00, 0.00000e+00, 0.00000e+00
1.66000e+00, 1.68000e+00, 1.67000e+00, 0.00000e+00, 0.00000e+00
1.68000e+00, 1.70000e+00, 1.69000e+00, 0.00000e+00, 0.00000e+00
1.70000e+00, 1.72000e+00, 1.71000e+00, 0.00000e+00, 0.00000e+00
1.72000e+00, 1.74000e+00, 1.73000e+00, 0.00000e+00, 0.00000e+00
1.74000e+00, 1.76000e+00, 1.75000e+00, 0.00000e+00, 0.00000e+00
1.76000e+00, 1.78000e+00, 1.77000e+00, 0.00000e+00, 0.00000e+00
1.78000e+00, 1.80000e+00, 1.79000e+00, 0.00000e+00, 0.00000e+00
1.80000e+00, 1.82000e+00, 1.81000e+00, 0.00000e+00, 0.00000e+00
1.82000e+00, 1.84000e+00, 1.83000e+00, 0.00000e+00, 0.00000e+00
1.84000e+00, 1.86000e+00, 1.85000e+00, 0.00000e+00, 0.00000e+00
1.86000e+00, 1.88000e+00, 1.87000e+00, 0.00000e+00, 0.00000e+00
1.88000e+00, 1.90000e+00, 1.89000e+00, 0.00000e+00, 0.00000e+00
1.90000e+00, 1.92000e+00, 1.91000e+00, 0.00000e+00, 0.00000e+00
1.92000e+00, 1.94000e+00, 1.93000e+00, 0.00000e+00, 0.00000e+00
1.94000e+00, 1.96000e+00, 1.95000e+00, 0.00000e+00, 0.00000e+00
1.96000e+00, 1.98000e+00, 1.97000e+00, 0.00000e+00, 0.00000e+00
1.98000e+00, 2.00000e+00, 1.99000e+00, 0.00000e+00, 0.00000e+00
