# time = 6.800000000000000e-01# start, end, pivot, particles, density
0.00000e+00, 2.00000e-02, 1.00000e-02, 0.00000e+00, 0.00000e+00
2.00000e-02, 4.00000e-02, 3.00000e-02, 0.00000e+00, 0.00000e+00
4.00000e-02, 6.00000e-02, 5.00000e-02, 0.00000e+00, 0.00000e+00
6.00000e-02, 8.00000e-02, 7.00000e-02, 0.00000e+00, 0.00000e+00
8.00000e-02, 1.00000e-01, 9.00000e-02, 0.00000e+00, 0.00000e+00
1.00000e-01, 1.20000e-01, 1.10000e-01, 1.35525e-22, 6.77626e-21
1.20000e-01, 1.40000e-01, 1.30000e-01, 9.35124e-21, 4.67562e-19
1.40000e-01, 1.60000e-01, 1.50000e-01, 3.18078e-19, 1.59039e-17
1.60000e-01, 1.80000e-01, 1.70000e-01, 7.11006e-18, 3.55503e-16
1.80000e-01, 2.00000e-01, 1.90000e-01, 1.17480e-16, 5.87399e-15
2.00000e-01, 2.20000e-01, 2.10000e-01, 1.53021e-15, 7.65106e-14
2.20000e-01, 2.40000e-01, 2.30000e-01, 1.63639e-14, 8.18195e-13
2.40000e-01, 2.60000e-01, 2.50000e-01, 1.47748e-13, 7.38740e-12
2.60000e-01, 2.80000e-01, 2.70000e-01, 1.14955e-12, 5.74776e-11
2.80000e-01, 3.00000e-01, 2.90000e-01, 7.82825e-12, 3.91412e-10
3.00000e-01, 3.20000e-01, 3.10000e-01, 4.72325e-11, 2.36163e-09
3.20000e-01, 3.40000e-01, 3.30000e-01, 2.55001e-10, 1.27500e-08
3.40000e-01, 3.60000e-01, 3.50000e-01, 1.24190e-09, 6.20950e-08
3.60000e-01, 3.80000e-01, 3.70000e-01, 5.49315e-09, 2.74658e-07
3.80000e-01, 4.00000e-01, 3.90000e-01, 2.21945e-08, 1.10973e-06
4.00000e-01, 4.20000e-01, 4.10000e-01, 8.23194e-08, 4.11597e-06
4.20000e-01, 4.40000e-01, 4.30000e-01, 2.81483e-07, 1.40742e-05
4.40000e-01, 4.60000e-01, 4.50000e-01, 8.90690e-07, 4.45345e-05
4.60000e-01, 4.80000e-01, 4.70000e-01, 2.61678e-06, 1.30839e-04
4.80000e-01, 5.00000e-01, 4.90000e-01, 7.15911e-06, 3.57955e-04
5.00000e-01, 5.20000e-01, 5.10000e-01, 1.82878e-05, 9.14391e-04
5.20000e-01, 5.40000e-01, 5.30000e-01, 4.37249e-05, 2.18624e-03
5.40000e-01, 5.60000e-01, 5.50000e-01, 9.80677e-05, 4.90338e-03
5.60000e-01, 5.80000e-01, 5.70000e-01, 2.06753e-04, 1.03377e-02
5.80000e-01, 6.00000e-01, 5.90000e-01, 4.10539e-04, 2.05269e-02
6.00000e-01, 6.20000e-01, 6.10000e-01, 7.69201e-04, 3.84601e-02
6.20000e-01, 6.40000e-01, 6.30000e-01, 1.36237e-03, 6.81187e-02
6.40000e-01, 6.60000e-01, 6.50000e-01, 2.28509e-03, 1.14254e-01
6.60000e-01, 6.80000e-01, 6.70000e-01, 3.63620e-03, 1.81810e-01
6.80000e-01, 7.00000e-01, 6.90000e-01, 5.49981e-03, 2.74990e-01
7.00000e-01, 7.20000e-01, 7.10000e-01, 7.92250e-03, 3.96125e-01
7.20000e-01, 7.40000e-01, 7.30000e-01, 1.08922e-02, 5.44612e-01
7.40000e-01, 7.60000e-01, 7.50000e-01, 1.43260e-02, 7.16301e-01
7.60000e-01, 7.80000e-01, 7.70000e-01, 1.80719e-02, 9.03597e-01
7.80000e-01, 8.00000e-01, 7.90000e-01, 2.19281e-02, 1.09640e+00
8.00000e-01, 8.20000e-01, 8.10000e-01, 2.56740e-02, 1.28370e+00
8.20000e-01, 8.40000e-01, 8.30000e-01, 2.91078e-02, 1.45539e+00
8.40000e-01, 8.60000e-01, 8.50000e-01, 3.20775e-02, 1.60388e+00
8.60000e-01, 8.80000e-01, 8.70000e-01, 3.45002e-02, 1.72501e+00
8.80000e-01, 9.00000e-01, 8.90000e-01, 3.63638e-02, 1.81819e+00
9.00000e-01, 9.20000e-01, 9.10000e-01, 3.77148e-02, 1.88574e+00
9.20000e-01, 9.40000e-01, 9.30000e-01, 3.86373e-02, 1.93187e+00
9.40000e-01, 9.60000e-01, 9.50000e-01, 3.92299e-02, 1.96150e+00
9.60000e-01, 9.80000e-01, 9.70000e-01, 3.95868e-02, 1.97934e+00
9.80000e-01, 1.00000e+00, 9.90000e-01, 3.97861e-02, 1.98930e+00
1.00000e+00, 1.02000e+00, 1.01000e+00, 3.98836e-02, 1.99418e+00
1.02000e+00, 1.04000e+00, 1.03000e+00, 3.99126e-02, 1.99563e+00
1.04000e+00, 1.06000e+00, 1.05000e+00, 3.98836e-02, 1.99418e+00
1.06000e+00, 1.08000e+00, 1.07000e+00, 3.97861e-02, 1.98930e+00
1.08000e+00, 1.10000e+00, 1.09000e+00, 3.95868e-02, 1.97934e+00
1.10000e+00, 1.12000e+00, 1.11000e+00, 3.92299e-02, 1.96150e+00
1.12000e+00, 1.14000e+00, 1.13000e+00, 3.86373e-02, 1.93187e+00
1.14000e+00, 1.16000e+00, 1.15000e+00, 3.77148e-02, 1.88574e+00
1.16000e+00, 1.18000e+00, 1.17000e+00, 3.63638e-02, 1.81819e+00
1.18000e+00, 1.20000e+00, 1.19000e+00, 3.45002e-02, 1.72501e+00
1.20000e+00, 1.22000e+00, 1.21000e+00, 3.20775e-02, 1.60388e+00
1.22000e+00, 1.24000e+00, 1.23000e+00, 2.91078e-02, 1.45539e+00
1.24000e+00, 1.26000e+00, 1.25000e+00, 2.56740e-02, 1.28370e+00
1.26000e+00, 1.28000e+00, 1.27000e+00, 2.19281e-02, 1.09640e+00
1.28000e+00, 1.30000e+00, 1.29000e+00, 1.80719e-02, 9.03597e-01
1.30000e+00, 1.32000e+00, 1.31000e+00, 1.43260e-02, 7.16301e-01
1.32000e+00, 1.34000e+00, 1.33000e+00, 1.08922e-02, 5.44612e-01
1.34000e+00, 1.36000e+00, 1.35000e+00, 7.92250e-03, 3.96125e-01
1.36000e+00, 1.38000e+00, 1.37000e+00, 5.49981e-03, 2.74990e-01
1.38000e+00, 1.40000e+00, 1.39000e+00, 3.63620e-03, 1.81810e-01
1.40000e+00, 1.42000e+00, 1.41000e+00, 2.28509e-03, 1.14254e-01
1.42000e+00, 1.44000e+00, 1.43000e+00, 1.36237e-03, 6.81187e-02
1.44000e+00, 1.46000e+00, 1.45000e+00, 7.69201e-04, 3.84601e-02
1.46000e+00, 1.48000e+00, 1.47000e+00, 4.10539e-04, 2.05269e-02
1.48000e+00, 1.50000e+00, 1.49000e+00, 2.06753e-04, 1.03377e-02
1.50000e+00, 1.52000e+00, 1.51000e+00, 9.80677e-05, 4.90338e-03
1.52000e+00, 1.54000e+00, 1.53000e+00, 4.37249e-05, 2.18624e-03
1.54000e+00, 1.56000e+00, 1.55000e+00, 1.82878e-05, 9.14391e-04
1.56000e+00, 1.58000e+00, 1.57000e+00, 7.15911e-06, 3.57955e-04
1.58000e+00, 1.60000e+00, 1.59000e+00, 2.61678e-06, 1.30839e-04
1.60000e+00, 1.62000e+00, 1.61000e+00, 8.90690e-07, 4.45345e-05
1.62000e+00, 1.64000e+00, 1.63000e+00, 2.81483e-07, 1.40742e-05
1.64000e+00, 1.66000e+00, 1.65000e+00, 8.23194e-08, 4.11597e-06
1.66000e+00, 1.68000e+00, 1.67000e+00, 2.21945e-08, 1.10973e-06
1.68000e+00, 1.70000e+00, 1.69000e+00, 5.49315e-09, 2.74658e-07
1.70000e+00, 1.72000e+00, 1.71000e+00, 1.24190e-09, 6.20950e-08
1.72000e+00, 1.74000e+00, 1.73000e+00, 2.55001e-10, 1.27500e-08
1.74000e+00, 1.76000e+00, 1.75000e+00, 4.72325e-11, 2.36163e-09
1.76000e+00, 1.78000e+00, 1.77000e+00, 7.82825e-12, 3.91412e-10
1.78000e+00, 1.80000e+00, 1.79000e+00, 1.14955e-12, 5.74776e-11
1.80000e+00, 1.82000e+00, 1.81000e+00, 1.47748e-13, 7.38740e-12
1.82000e+00, 1.84000e+00, 1.83000e+00, 1.63639e-14, 8.18195e-13
1.84000e+00, 1.86000e+00, 1.85000e+00, 1.53021e-15, 7.65106e-14
1.86000e+00, 1.88000e+00, 1.87000e+00, 1.17480e-16, 5.87399e-15
1.88000e+00, 1.90000e+00, 1.89000e+00, 7.11006e-18, 3.55503e-16
1.90000e+00, 1.92000e+00, 1.91000e+00, 3.18078e-19, 1.59039e-17
1.92000e+00, 1.94000e+00, 1.93000e+00, 9.35124e-21, 4.67562e-19
1.94000e+00, 1.96000e+00, 1.95000e+00, 1.35525e-22, 6.77626e-21
1.96000e+00, 1.98000e+00, 1.97000e+00, 0.00000e+00, 0.00000e+00
1.98000e+00, 2.00000e+00, 1.99000e+00, 0.00000e+00, 0.00000e+00
