# time = 7.200000000000000e-01# start, end, pivot, particles, density
0.00000e+00, 2.00000e-02, 1.00000e-02, 0.00000e+00, 0.00000e+00
2.00000e-02, 4.00000e-02, 3.00000e-02, 0.00000e+00, 0.00000e+00
4.00000e-02, 6.00000e-02, 5.00000e-02, 0.00000e+00, 0.00000e+00
6.00000e-02, 8.00000e-02, 7.00000e-02, 0.00000e+00, 0.00000e+00
8.00000e-02, 1.00000e-01, 9.00000e-02, 0.00000e+00, 0.00000e+00
1.00000e-01, 1.20000e-01, 1.10000e-01, 8.47033e-24, 4.23516e-22
1.20000e-01, 1.40000e-01, 1.30000e-01, 6.18334e-22, 3.09167e-20
1.40000e-01, 1.60000e-01, 1.50000e-01, 2.22685e-20, 1.11342e-18
1.60000e-01, 1.80000e-01, 1.70000e-01, 5.27439e-19, 2.63719e-17
1.80000e-01, 2.00000e-01, 1.90000e-01, 9.24163e-18, 4.62081e-16
2.00000e-01, 2.20000e-01, 2.10000e-01, 1.27755e-16, 6.38773e-15
2.20000e-01, 2.40000e-01, 2.30000e-01, 1.45115e-15, 7.25575e-14
2.40000e-01, 2.60000e-01, 2.50000e-01, 1.39289e-14, 6.96444e-13
2.60000e-01, 2.80000e-01, 2.70000e-01, 1.15310e-13, 5.76552e-12
2.80000e-01, 3.00000e-01, 2.90000e-01, 8.36246e-13, 4.18123e-11
3.00000e-01, 3.20000e-01, 3.10000e-01, 5.37814e-12, 2.68907e-10
3.20000e-01, 3.40000e-01, 3.30000e-01, 3.09779e-11, 1.54889e-09
3.40000e-01, 3.60000e-01, 3.50000e-01, 1.61110e-10, 8.05550e-09
3.60000e-01, 3.80000e-01, 3.70000e-01, 7.61720e-10, 3.80860e-08
3.80000e-01, 4.00000e-01, 3.90000e-01, 3.29286e-09, 1.64643e-07
4.00000e-01, 4.20000e-01, 4.10000e-01, 1.30799e-08, 6.53997e-07
4.20000e-01, 4.40000e-01, 4.30000e-01, 4.79464e-08, 2.39732e-06
4.40000e-01, 4.60000e-01, 4.50000e-01, 1.62801e-07, 8.14003e-06
4.60000e-01, 4.80000e-01, 4.70000e-01, 5.13744e-07, 2.56872e-05
4.80000e-01, 5.00000e-01, 4.90000e-01, 1.51116e-06, 7.55581e-05
5.00000e-01, 5.20000e-01, 5.10000e-01, 4.15432e-06, 2.07716e-04
5.20000e-01, 5.40000e-01, 5.30000e-01, 1.06993e-05, 5.34964e-04
5.40000e-01, 5.60000e-01, 5.50000e-01, 2.58717e-05, 1.29358e-03
5.60000e-01, 5.80000e-01, 5.70000e-01, 5.88552e-05, 2.94276e-03
5.80000e-01, 6.00000e-01, 5.90000e-01, 1.26197e-04, 6.30983e-03
6.00000e-01, 6.20000e-01, 6.10000e-01, 2.55492e-04, 1.27746e-02
6.20000e-01, 6.40000e-01, 6.30000e-01, 4.89218e-04, 2.44609e-02
6.40000e-01, 6.60000e-01, 6.50000e-01, 8.87418e-04, 4.43709e-02
6.60000e-01, 6.80000e-01, 6.70000e-01, 1.52738e-03, 7.63692e-02
6.80000e-01, 7.00000e-01, 6.90000e-01, 2.49836e-03, 1.24918e-01
7.00000e-01, 7.20000e-01, 7.10000e-01, 3.89010e-03, 1.94505e-01
7.20000e-01, 7.40000e-01, 7.30000e-01, 5.77569e-03, 2.88784e-01
7.40000e-01, 7.60000e-01, 7.50000e-01, 8.19159e-03, 4.09579e-01
7.60000e-01, 7.80000e-01, 7.70000e-01, 1.11200e-02, 5.55998e-01
7.80000e-01, 8.00000e-01, 7.90000e-01, 1.44790e-02, 7.23948e-01
8.00000e-01, 8.20000e-01, 8.10000e-01, 1.81259e-02, 9.06294e-01
8.20000e-01, 8.40000e-01, 8.30000e-01, 2.18741e-02, 1.09371e+00
8.40000e-01, 8.60000e-01, 8.50000e-01, 2.55210e-02, 1.27605e+00
8.60000e-01, 8.80000e-01, 8.70000e-01, 2.88800e-02, 1.44400e+00
8.80000e-01, 9.00000e-01, 8.90000e-01, 3.18084e-02, 1.59042e+00
9.00000e-01, 9.20000e-01, 9.10000e-01, 3.42243e-02, 1.71122e+00
9.20000e-01, 9.40000e-01, 9.30000e-01, 3.61098e-02, 1.80549e+00
9.40000e-01, 9.60000e-01, 9.50000e-01, 3.75015e-02, 1.87507e+00
9.60000e-01, 9.80000e-01, 9.70000e-01, 3.84721e-02, 1.92361e+00
9.80000e-01, 1.00000e+00, 9.90000e-01, 3.91111e-02, 1.95555e+00
1.00000e+00, 1.02000e+00, 1.01000e+00, 3.95066e-02, 1.97533e+00
1.02000e+00, 1.04000e+00, 1.03000e+00, 3.97338e-02, 1.98669e+00
1.04000e+00, 1.06000e+00, 1.05000e+00, 3.98479e-02, 1.99240e+00
1.06000e+00, 1.08000e+00, 1.07000e+00, 3.98823e-02, 1.99411e+00
1.08000e+00, 1.10000e+00, 1.09000e+00, 3.98479e-02, 1.99240e+00
1.10000e+00, 1.12000e+00, 1.11000e+00, 3.97338e-02, 1.98669e+00
1.12000e+00, 1.14000e+00, 1.13000e+00, 3.95066e-02, 1.97533e+00
1.14000e+00, 1.16000e+00, 1.15000e+00, 3.91111e-02, 1.95555e+00
1.16000e+00, 1.18000e+00, 1.17000e+00, 3.84721e-02, 1.92361e+00
1.18000e+00, 1.20000e+00, 1.19000e+00, 3.75015e-02, 1.87507e+00
1.20000e+00, 1.22000e+00, 1.21000e+00, 3.61098e-02, 1.80549e+00
1.22000e+00, 1.24000e+00, 1.23000e+00, 3.42243e-02, 1.71122e+00
1.24000e+00, 1.26000e+00, 1.25000e+00, 3.18084e-02, 1.59042e+00
1.26000e+00, 1.28000e+00, 1.27000e+00, 2.88800e-02, 1.44400e+00
1.28000e+00, 1.30000e+00, 1.29000e+00, 2.55210e-02, 1.27605e+00
1.30000e+00, 1.32000e+00, 1.31000e+00, 2.18741e-02, 1.09371e+00
1.32000e+00, 1.34000e+00, 1.33000e+00, 1.81259e-02, 9.06294e-01
1.34000e+00, 1.36000e+00, 1.35000e+00, 1.44790e-02, 7.23948e-01
1.36000e+00, 1.38000e+00, 1.37000e+00, 1.11200e-02, 5.55998e-01
1.38000e+00, 1.40000e+00, 1.39000e+00, 8.19159e-03, 4.09579e-01
1.40000e+00, 1.42000e+00, 1.41000e+00, 5.77569e-03, 2.88784e-01
1.42000e+00, 1.44000e+00, 1.43000e+00, 3.89010e-03, 1.94505e-01
1.44000e+00, 1.46000e+00, 1.45000e+00, 2.49836e-03, 1.24918e-01
1.46000e+00, 1.48000e+00, 1.47000e+00, 1.52738e-03, 7.63692e-02
1.48000e+00, 1.50000e+00, 1.49000e+00, 8.87418e-04, 4.43709e-02
1.50000e+00, 1.52000e+00, 1.51000e+00, 4.89218e-04, 2.44609e-02
1.52000e+00, 1.54000e+00, 1.53000e+00, 2.55492e-04, 1.27746e-02
1.54000e+00, 1.56000e+00, 1.55000e+00, 1.26197e-04, 6.30983e-03
1.56000e+00, 1.58000e+00, 1.57000e+00, 5.88552e-05, 2.94276e-03
1.58000e+00, 1.60000e+00, 1.59000e+00, 2.58717e-05, 1.29358e-03
1.60000e+00, 1.62000e+00, 1.61000e+00, 1.06993e-05, 5.34964e-04
1.62000e+00, 1.64000e+00, 1.63000e+00, 4.15432e-06, 2.07716e-04
1.64000e+00, 1.66000e+00, 1.65000e+00, 1.51116e-06, 7.55581e-05
1.66000e+00, 1.68000e+00, 1.67000e+00, 5.13744e-07, 2.56872e-05
1.68000e+00, 1.70000e+00, 1.69000e+00, 1.62801e-07, 8.14003e-06
1.70000e+00, 1.72000e+00, 1.71000e+00, 4.79464e-08, 2.39732e-06
1.72000e+00, 1.74000e+00, 1.73000e+00, 1.30799e-08, 6.53997e-07
1.74000e+00, 1.76000e+00, 1.75000e+00, 3.29286e-09, 1.64643e-07
1.76000e+00, 1.78000e+00, 1.77000e+00, 7.61720e-10, 3.80860e-08
1.78000e+00, 1.80000e+00, 1.79000e+00, 1.61110e-10, 8.05550e-09
1.80000e+00, 1.82000e+00, 1.81000e+00, 3.09779e-11, 1.54889e-09
1.82000e+00, 1.84000e+00, 1.83000e+00, 5.37814e-12, 2.68907e-10
1.84000e+00, 1.86000e+00, 1.85000e+00, 8.36246e-13, 4.18123e-11
1.86000e+00, 1.88000e+00, 1.87000e+00, 1.15310e-13, 5.76552e-12
1.88000e+00, 1.90000e+00, 1.89000e+00, 1.39289e-14, 6.96444e-13
1.90000e+00, 1.92000e+00, 1.91000e+00, 1.45115e-15, 7.25575e-14
1.92000e+00, 1.94000e+00, 1.93000e+00, 1.27755e-16, 6.38773e-15
1.94000e+00, 1.96000e+00, 1.95000e+00, 9.24163e-18, 4.62081e-16
1.96000e+00, 1.98000e+00, 1.97000e+00, 5.27439e-19, 2.63719e-17
1.98000e+00, 2.00000e+00, 1.99000e+00, 2.16586e-20, 1.08293e-18
