# time = 9.300000000000000e-01# start, end, pivot, particles, density
0.00000e+00, 2.00000e-02, 1.00000e-02, 0.00000e+00, 0.00000e+00
2.00000e-02, 4.00000e-02, 3.00000e-02, 0.00000e+00, 0.00000e+00
4.00000e-02, 6.00000e-02, 5.00000e-02, 0.00000e+00, 0.00000e+00
6.00000e-02, 8.00000e-02, 7.00000e-02, 0.00000e+00, 0.00000e+00
8.00000e-02, 1.00000e-01, 9.00000e-02, 0.00000e+00, 0.00000e+00
1.00000e-01, 1.20000e-01, 1.10000e-01, 0.00000e+00, 0.00000e+00
1.20000e-01, 1.40000e-01, 1.30000e-01, 0.00000e+00, 0.00000e+00
1.40000e-01, 1.60000e-01, 1.50000e-01, 0.00000e+00, 0.00000e+00
1.60000e-01, 1.80000e-01, 1.70000e-01, 0.00000e+00, 0.00000e+00
1.80000e-01, 2.00000e-01, 1.90000e-01, 0.00000e+00, 0.00000e+00
2.00000e-01, 2.20000e-01, 2.10000e-01, 0.00000e+00, 0.00000e+00
2.20000e-01, 2.40000e-01, 2.30000e-01, 0.00000e+00, 0.00000e+00
2.40000e-01, 2.60000e-01, 2.50000e-01, 0.00000e+00, 0.00000e+00
2.60000e-01, 2.80000e-01, 2.70000e-01, 0.00000e+00, 0.00000e+00
2.80000e-01, 3.00000e-01, 2.90000e-01, 0.00000e+00, 0.00000e+00
3.00000e-01, 3.20000e-01, 3.10000e-01, 0.00000e+00, 0.00000e+00
3.20000e-01, 3.40000e-01, 3.30000e-01, 0.00000e+00, 0.00000e+00
3.40000e-01, 3.60000e-01, 3.50000e-01, 0.00000e+00, 0.00000e+00
3.60000e-01, 3.80000e-01, 3.70000e-01, 0.00000e+00, 0.00000e+00
3.80000e-01, 4.00000e-01, 3.90000e-01, 0.00000e+00, 0.00000e+00
4.00000e-01, 4.20000e-01, 4.10000e-01, 0.00000e+00, 0.00000e+00
4.20000e-01, 4.40000e-01, 4.30000e-01, 0.00000e+00, 0.00000e+00
4.40000e-01, 4.60000e-01, 4.50000e-01, 0.00000e+00, 0.00000e+00
4.60000e-01, 4.80000e-01, 4.70000e-01, 0.00000e+00, 0.00000e+00
4.80000e-01, 5.00000e-01, 4.90000e-01, 0.00000e+00, 0.00000e+00
5.00000e-01, 5.20000e-01, 5.10000e-01, 0.00000e+00, 0.00000e+00
5.20000e-01, 5.40000e-01, 5.30000e-01, 0.00000e+00, 0.00000e+00
5.40000e-01, 5.60000e-01, 5.50000e-01, 0.00000e+00, 0.00000e+00
5.60000e-01, 5.80000e-01, 5.70000e-01, 0.00000e+00, 0.00000e+00
5.80000e-01, 6.00000e-01, 5.90000e-01, 0.00000e+00, 0.00000e+00
6.00000e-01, 6.20000e-01, 6.10000e-01, 1.59525e-01, 7.97624e+00
6.20000e-01, 6.40000e-01, 6.30000e-01, 2.34534e-01, 1.17267e+01
6.40000e-01, 6.60000e-01, 6.50000e-01, 7.60253e-02, 3.80127e+00
6.60000e-01, 6.80000e-01, 6.70000e-01, 0.00000e+00, 0.00000e+00
6.80000e-01, 7.00000e-01, 6.90000e-01, 2.47230e-01, 1.23615e+01
7.00000e-01, 7.20000e-01, 7.10000e-01, 7.15768e-01, 3.57884e+01
7.20000e-01, 7.40000e-01, 7.30000e-01, 4.64621e-01, 2.32310e+01
7.40000e-01, 7.60000e-01, 7.50000e-01, 3.26255e-02, 1.63127e+00
7.60000e-01, 7.80000e-01, 7.70000e-01, 0.00000e+00, 0.00000e+00
7.80000e-01, 8.00000e-01, 7.90000e-01, 7.26002e-01, 3.63001e+01
8.00000e-01, 8.20000e-01, 8.10000e-01, 1.02576e+00, 5.12879e+01
8.20000e-01, 8.40000e-01, 8.30000e-01, 4.77278e-01, 2.38639e+01
8.40000e-01, 8.60000e-01, 8.50000e-01, 0.00000e+00, 0.00000e+00
8.60000e-01, 8.80000e-01, 8.70000e-01, 9.22966e-03, 4.61483e-01
8.80000e-01, 9.00000e-01, 8.90000e-01, 8.56450e-01, 4.28225e+01
9.00000e-01, 9.20000e-01, 9.10000e-01, 1.17560e+00, 5.87800e+01
9.20000e-01, 9.40000e-01, 9.30000e-01, 6.62069e-01, 3.31034e+01
9.40000e-01, 9.60000e-01, 9.50000e-01, 1.01968e-01, 5.09841e+00
9.60000e-01, 9.80000e-01, 9.70000e-01, 0.00000e+00, 0.00000e+00
9.80000e-01, 1.00000e+00, 9.90000e-01, 4.43547e-01, 2.21774e+01
1.00000e+00, 1.02000e+00, 1.01000e+00, 1.13333e+00, 5.66667e+01
1.02000e+00, 1.04000e+00, 1.03000e+00, 1.05869e+00, 5.29346e+01
1.04000e+00, 1.06000e+00, 1.05000e+00, 5.16858e-01, 2.58429e+01
1.06000e+00, 1.08000e+00, 1.07000e+00, 9.33260e-02, 4.66630e+00
1.08000e+00, 1.10000e+00, 1.09000e+00, 0.00000e+00, 0.00000e+00
1.10000e+00, 1.12000e+00, 1.11000e+00, 2.15267e-01, 1.07633e+01
1.12000e+00, 1.14000e+00, 1.13000e+00, 7.64701e-01, 3.82351e+01
1.14000e+00, 1.16000e+00, 1.15000e+00, 9.29104e-01, 4.64552e+01
1.16000e+00, 1.18000e+00, 1.17000e+00, 6.78291e-01, 3.39146e+01
1.18000e+00, 1.20000e+00, 1.19000e+00, 3.24181e-01, 1.62090e+01
1.20000e+00, 1.22000e+00, 1.21000e+00, 8.66159e-02, 4.33080e+00
1.22000e+00, 1.24000e+00, 1.23000e+00, 0.00000e+00, 0.00000e+00
1.24000e+00, 1.26000e+00, 1.25000e+00, 0.00000e+00, 0.00000e+00
1.26000e+00, 1.28000e+00, 1.27000e+00, 1.63671e-01, 8.18356e+00
1.28000e+00, 1.30000e+00, 1.29000e+00, 3.24621e-01, 1.62310e+01
1.30000e+00, 1.32000e+00, 1.31000e+00, 3.64451e-01, 1.82225e+01
1.32000e+00, 1.34000e+00, 1.33000e+00, 3.07579e-01, 1.53789e+01
1.34000e+00, 1.36000e+00, 1.35000e+00, 2.15099e-01, 1.07550e+01
1.36000e+00, 1.38000e+00, 1.37000e+00, 1.30544e-01, 6.52720e+00
1.38000e+00, 1.40000e+00, 1.39000e+00, 7.05746e-02, 3.52873e+00
1.40000e+00, 1.42000e+00, 1.41000e+00, 3.45508e-02, 1.72754e+00
1.42000e+00, 1.44000e+00, 1.43000e+00, 1.54894e-02, 7.74472e-01
1.44000e+00, 1.46000e+00, 1.45000e+00, 6.40997e-03, 3.20499e-01
1.46000e+00, 1.48000e+00, 1.47000e+00, 2.46326e-03, 1.23163e-01
1.48000e+00, 1.50000e+00, 1.49000e+00, 8.83057e-04, 4.41528e-02
1.50000e+00, 1.52000e+00, 1.51000e+00, 2.96384e-04, 1.48192e-02
1.52000e+00, 1.54000e+00, 1.53000e+00, 9.34029e-05, 4.67014e-03
1.54000e+00, 1.56000e+00, 1.55000e+00, 2.77023e-05, 1.38512e-03
1.56000e+00, 1.58000e+00, 1.57000e+00, 7.74726e-06, 3.87363e-04
1.58000e+00, 1.60000e+00, 1.59000e+00, 2.04613e-06, 1.02307e-04
1.60000e+00, 1.62000e+00, 1.61000e+00, 5.11008e-07, 2.55504e-05
1.62000e+00, 1.64000e+00, 1.63000e+00, 1.20805e-07, 6.04023e-06
1.64000e+00, 1.66000e+00, 1.65000e+00, 2.70562e-08, 1.35281e-06
1.66000e+00, 1.68000e+00, 1.67000e+00, 5.74473e-09, 2.87236e-07
1.68000e+00, 1.70000e+00, 1.69000e+00, 1.15696e-09, 5.78478e-08
1.70000e+00, 1.72000e+00, 1.71000e+00, 2.21093e-10, 1.10546e-08
1.72000e+00, 1.74000e+00, 1.73000e+00, 4.01009e-11, 2.00504e-09
1.74000e+00, 1.76000e+00, 1.75000e+00, 6.90425e-12, 3.45212e-10
1.76000e+00, 1.78000e+00, 1.77000e+00, 1.12843e-12, 5.64213e-11
1.78000e+00, 1.80000e+00, 1.79000e+00, 1.75057e-13, 8.75283e-12
1.80000e+00, 1.82000e+00, 1.81000e+00, 2.57716e-14, 1.28858e-12
1.82000e+00, 1.84000e+00, 1.83000e+00, 3.59934e-15, 1.79967e-13
1.84000e+00, 1.86000e+00, 1.85000e+00, 4.74065e-16, 2.37033e-14
1.86000e+00, 1.88000e+00, 1.87000e+00, 5.66214e-17, 2.83107e-15
1.88000e+00, 1.90000e+00, 1.89000e+00, 5.55112e-18, 2.77556e-16
1.90000e+00, 1.92000e+00, 1.91000e+00, 0.00000e+00, 0.00000e+00
1.92000e+00, 1.94000e+00, 1.93000e+00, 0.00000e+00, 0.00000e+00
1.94000e+00, 1.96000e+00, 1.95000e+00, 0.00000e+00, 0.00000e+00
1.96000e+00, 1.98000e+00, 1.97000e+00, 0.00000e+00, 0.00000e+00
1.98000e+00, 2.00000e+00, 1.99000e+00, 0.00000e+00, 0.00000e+00
