# time = 9.400000000000001e-01# start, end, pivot, particles, density
0.00000e+00, 2.00000e-02, 1.00000e-02, 0.00000e+00, 0.00000e+00
2.00000e-02, 4.00000e-02, 3.00000e-02, 0.00000e+00, 0.00000e+00
4.00000e-02, 6.00000e-02, 5.00000e-02, 0.00000e+00, 0.00000e+00
6.00000e-02, 8.00000e-02, 7.00000e-02, 0.00000e+00, 0.00000e+00
8.00000e-02, 1.00000e-01, 9.00000e-02, 0.00000e+00, 0.00000e+00
1.00000e-01, 1.20000e-01, 1.10000e-01, 2.01948e-30, 1.00974e-28
1.20000e-01, 1.40000e-01, 1.30000e-01, 1.91851e-28, 9.59255e-27
1.40000e-01, 1.60000e-01, 1.50000e-01, 9.01902e-27, 4.50951e-25
1.60000e-01, 1.80000e-01, 1.70000e-01, 2.79719e-25, 1.39859e-23
1.80000e-01, 2.00000e-01, 1.90000e-01, 6.43814e-24, 3.21907e-22
2.00000e-01, 2.20000e-01, 2.10000e-01, 1.17290e-22, 5.86448e-21
2.20000e-01, 2.40000e-01, 2.30000e-01, 1.76159e-21, 8.80794e-20
2.40000e-01, 2.60000e-01, 2.50000e-01, 2.24328e-20, 1.12164e-18
2.60000e-01, 2.80000e-01, 2.70000e-01, 2.47232e-19, 1.23616e-17
2.80000e-01, 3.00000e-01, 2.90000e-01, 2.39531e-18, 1.19766e-16
3.00000e-01, 3.20000e-01, 3.10000e-01, 2.06540e-17, 1.03270e-15
3.20000e-01, 3.40000e-01, 3.30000e-01, 1.60084e-16, 8.00419e-15
3.40000e-01, 3.60000e-01, 3.50000e-01, 1.12447e-15, 5.62237e-14
3.60000e-01, 3.80000e-01, 3.70000e-01, 7.20755e-15, 3.60377e-13
3.80000e-01, 4.00000e-01, 3.90000e-01, 4.24025e-14, 2.12012e-12
4.00000e-01, 4.20000e-01, 4.10000e-01, 2.30109e-13, 1.15054e-11
4.20000e-01, 4.40000e-01, 4.30000e-01, 1.15691e-12, 5.78454e-11
4.40000e-01, 4.60000e-01, 4.50000e-01, 5.40928e-12, 2.70464e-10
4.60000e-01, 4.80000e-01, 4.70000e-01, 2.36000e-11, 1.18000e-09
4.80000e-01, 5.00000e-01, 4.90000e-01, 9.63629e-11, 4.81814e-09
5.00000e-01, 5.20000e-01, 5.10000e-01, 3.69224e-10, 1.84612e-08
5.20000e-01, 5.40000e-01, 5.30000e-01, 1.33073e-09, 6.65367e-08
5.40000e-01, 5.60000e-01, 5.50000e-01, 4.52120e-09, 2.26060e-07
5.60000e-01, 5.80000e-01, 5.70000e-01, 1.45087e-08, 7.25437e-07
5.80000e-01, 6.00000e-01, 5.90000e-01, 4.40552e-08, 2.20276e-06
6.00000e-01, 6.20000e-01, 6.10000e-01, 1.26785e-07, 6.33926e-06
6.20000e-01, 6.40000e-01, 6.30000e-01, 3.46338e-07, 1.73169e-05
6.40000e-01, 6.60000e-01, 6.50000e-01, 8.99286e-07, 4.49643e-05
6.60000e-01, 6.80000e-01, 6.70000e-01, 2.22241e-06, 1.11121e-04
6.80000e-01, 7.00000e-01, 6.90000e-01, 5.23366e-06, 2.61683e-04
7.00000e-01, 7.20000e-01, 7.10000e-01, 1.17580e-05, 5.87902e-04
7.20000e-01, 7.40000e-01, 7.30000e-01, 2.52277e-05, 1.26139e-03
7.40000e-01, 7.60000e-01, 7.50000e-01, 5.17462e-05, 2.58731e-03
7.60000e-01, 7.80000e-01, 7.70000e-01, 1.01569e-04, 5.07844e-03
7.80000e-01, 8.00000e-01, 7.90000e-01, 1.90956e-04, 9.54781e-03
8.00000e-01, 8.20000e-01, 8.10000e-01, 3.44192e-04, 1.72096e-02
8.20000e-01, 8.40000e-01, 8.30000e-01, 5.95328e-04, 2.97664e-02
8.40000e-01, 8.60000e-01, 8.50000e-01, 9.89001e-04, 4.94501e-02
8.60000e-01, 8.80000e-01, 8.70000e-01, 1.57951e-03, 7.89755e-02
8.80000e-01, 9.00000e-01, 8.90000e-01, 2.42742e-03, 1.21371e-01
9.00000e-01, 9.20000e-01, 9.10000e-01, 3.59330e-03, 1.79665e-01
9.20000e-01, 9.40000e-01, 9.30000e-01, 5.12885e-03, 2.56442e-01
9.40000e-01, 9.60000e-01, 9.50000e-01, 7.06656e-03, 3.53328e-01
9.60000e-01, 9.80000e-01, 9.70000e-01, 9.40984e-03, 4.70492e-01
9.80000e-01, 1.00000e+00, 9.90000e-01, 1.21259e-02, 6.06296e-01
1.00000e+00, 1.02000e+00, 1.01000e+00, 1.51438e-02, 7.57189e-01
1.02000e+00, 1.04000e+00, 1.03000e+00, 1.83585e-02, 9.17923e-01
1.04000e+00, 1.06000e+00, 1.05000e+00, 2.16415e-02, 1.08208e+00
1.06000e+00, 1.08000e+00, 1.07000e+00, 2.48562e-02, 1.24281e+00
1.08000e+00, 1.10000e+00, 1.09000e+00, 2.78740e-02, 1.39370e+00
1.10000e+00, 1.12000e+00, 1.11000e+00, 3.05900e-02, 1.52950e+00
1.12000e+00, 1.14000e+00, 1.13000e+00, 3.29331e-02, 1.64665e+00
1.14000e+00, 1.16000e+00, 1.15000e+00, 3.48703e-02, 1.74351e+00
1.16000e+00, 1.18000e+00, 1.17000e+00, 3.64045e-02, 1.82022e+00
1.18000e+00, 1.20000e+00, 1.19000e+00, 3.75673e-02, 1.87837e+00
1.20000e+00, 1.22000e+00, 1.21000e+00, 3.84087e-02, 1.92044e+00
1.22000e+00, 1.24000e+00, 1.23000e+00, 3.89858e-02, 1.94929e+00
1.24000e+00, 1.26000e+00, 1.25000e+00, 3.93529e-02, 1.96765e+00
1.26000e+00, 1.28000e+00, 1.27000e+00, 3.95542e-02, 1.97771e+00
1.28000e+00, 1.30000e+00, 1.29000e+00, 3.96181e-02, 1.98090e+00
1.30000e+00, 1.32000e+00, 1.31000e+00, 3.95542e-02, 1.97771e+00
1.32000e+00, 1.34000e+00, 1.33000e+00, 3.93529e-02, 1.96765e+00
1.34000e+00, 1.36000e+00, 1.35000e+00, 3.89858e-02, 1.94929e+00
1.36000e+00, 1.38000e+00, 1.37000e+00, 3.84087e-02, 1.92044e+00
1.38000e+00, 1.40000e+00, 1.39000e+00, 3.75673e-02, 1.87837e+00
1.40000e+00, 1.42000e+00, 1.41000e+00, 3.64045e-02, 1.82022e+00
1.42000e+00, 1.44000e+00, 1.43000e+00, 3.48703e-02, 1.74351e+00
1.44000e+00, 1.46000e+00, 1.45000e+00, 3.29331e-02, 1.64665e+00
1.46000e+00, 1.48000e+00, 1.47000e+00, 3.05900e-02, 1.52950e+00
1.48000e+00, 1.50000e+00, 1.49000e+00, 2.78740e-02, 1.39370e+00
1.50000e+00, 1.52000e+00, 1.51000e+00, 2.48562e-02, 1.24281e+00
1.52000e+00, 1.54000e+00, 1.53000e+00, 2.16415e-02, 1.08208e+00
1.54000e+00, 1.56000e+00, 1.55000e+00, 1.83585e-02, 9.17923e-01
1.56000e+00, 1.58000e+00, 1.57000e+00, 1.51438e-02, 7.57189e-01
1.58000e+00, 1.60000e+00, 1.59000e+00, 1.21259e-02, 6.06296e-01
1.60000e+00, 1.62000e+00, 1.61000e+00, 9.40984e-03, 4.70492e-01
1.62000e+00, 1.64000e+00, 1.63000e+00, 7.06656e-03, 3.53328e-01
1.64000e+00, 1.66000e+00, 1.65000e+00, 5.12885e-03, 2.56442e-01
1.66000e+00, 1.68000e+00, 1.67000e+00, 3.59330e-03, 1.79665e-01
1.68000e+00, 1.70000e+00, 1.69000e+00, 2.42742e-03, 1.21371e-01
1.70000e+00, 1.72000e+00, 1.71000e+00, 1.57951e-03, 7.89755e-02
1.72000e+00, 1.74000e+00, 1.73000e+00, 9.89001e-04, 4.94501e-02
1.74000e+00, 1.76000e+00, 1.75000e+00, 5.95328e-04, 2.97664e-02
1.76000e+00, 1.78000e+00, 1.77000e+00, 3.44192e-04, 1.72096e-02
1.78000e+00, 1.80000e+00, 1.79000e+00, 1.90956e-04, 9.54781e-03
1.80000e+00, 1.82000e+00, 1.81000e+00, 1.01569e-04, 5.07844e-03
1.82000e+00, 1.84000e+00, 1.83000e+00, 5.17462e-05, 2.58731e-03
1.84000e+00, 1.86000e+00, 1.85000e+00, 2.52277e-05, 1.26139e-03
1.86000e+00, 1.88000e+00, 1.87000e+00, 1.17580e-05, 5.87902e-04
1.88000e+00, 1.90000e+00, 1.89000e+00, 5.23366e-06, 2.61683e-04
1.90000e+00, 1.92000e+00, 1.91000e+00, 2.22241e-06, 1.11121e-04
1.92000e+00, 1.94000e+00, 1.93000e+00, 8.99286e-07, 4.49643e-05
1.94000e+00, 1.96000e+00, 1.95000e+00, 3.46338e-07, 1.73169e-05
1.96000e+00, 1.98000e+00, 1.97000e+00, 1.26785e-07, 6.33926e-06
1.98000e+00, 2.00000e+00, 1.99000e+00, 3.30289e-08, 1.65145e-06
