# time = 9.700000000000000e-01# start, end, pivot, particles, density
0.00000e+00, 2.00000e-02, 1.00000e-02, 0.00000e+00, 0.00000e+00
2.00000e-02, 4.00000e-02, 3.00000e-02, 0.00000e+00, 0.00000e+00
4.00000e-02, 6.00000e-02, 5.00000e-02, 0.00000e+00, 0.00000e+00
6.00000e-02, 8.00000e-02, 7.00000e-02, 0.00000e+00, 0.00000e+00
8.00000e-02, 1.00000e-01, 9.00000e-02, 0.00000e+00, 0.00000e+00
1.00000e-01, 1.20000e-01, 1.10000e-01, 2.52435e-31, 1.26218e-29
1.20000e-01, 1.40000e-01, 1.30000e-01, 2.47387e-29, 1.23693e-27
1.40000e-01, 1.60000e-01, 1.50000e-01, 1.20008e-27, 6.00039e-26
1.60000e-01, 1.80000e-01, 1.70000e-01, 3.84192e-26, 1.92096e-24
1.80000e-01, 2.00000e-01, 1.90000e-01, 9.13068e-25, 4.56534e-23
2.00000e-01, 2.20000e-01, 2.10000e-01, 1.71815e-23, 8.59077e-22
2.20000e-01, 2.40000e-01, 2.30000e-01, 2.66631e-22, 1.33316e-20
2.40000e-01, 2.60000e-01, 2.50000e-01, 3.50948e-21, 1.75474e-19
2.60000e-01, 2.80000e-01, 2.70000e-01, 3.99915e-20, 1.99958e-18
2.80000e-01, 3.00000e-01, 2.90000e-01, 4.00758e-19, 2.00379e-17
3.00000e-01, 3.20000e-01, 3.10000e-01, 3.57551e-18, 1.78775e-16
3.20000e-01, 3.40000e-01, 3.30000e-01, 2.86849e-17, 1.43424e-15
3.40000e-01, 3.60000e-01, 3.50000e-01, 2.08635e-16, 1.04318e-14
3.60000e-01, 3.80000e-01, 3.70000e-01, 1.38523e-15, 6.92617e-14
3.80000e-01, 4.00000e-01, 3.90000e-01, 8.44483e-15, 4.22241e-13
4.00000e-01, 4.20000e-01, 4.10000e-01, 4.75079e-14, 2.37540e-12
4.20000e-01, 4.40000e-01, 4.30000e-01, 2.47706e-13, 1.23853e-11
4.40000e-01, 4.60000e-01, 4.50000e-01, 1.20159e-12, 6.00796e-11
4.60000e-01, 4.80000e-01, 4.70000e-01, 5.44109e-12, 2.72054e-10
4.80000e-01, 5.00000e-01, 4.90000e-01, 2.30685e-11, 1.15342e-09
5.00000e-01, 5.20000e-01, 5.10000e-01, 9.18152e-11, 4.59076e-09
5.20000e-01, 5.40000e-01, 5.30000e-01, 3.43887e-10, 1.71943e-08
5.40000e-01, 5.60000e-01, 5.50000e-01, 1.21468e-09, 6.07339e-08
5.60000e-01, 5.80000e-01, 5.70000e-01, 4.05422e-09, 2.02711e-07
5.80000e-01, 6.00000e-01, 5.90000e-01, 1.28095e-08, 6.40473e-07
6.00000e-01, 6.20000e-01, 6.10000e-01, 3.83748e-08, 1.91874e-06
6.20000e-01, 6.40000e-01, 6.30000e-01, 1.09171e-07, 5.45855e-06
6.40000e-01, 6.60000e-01, 6.50000e-01, 2.95339e-07, 1.47670e-05
6.60000e-01, 6.80000e-01, 6.70000e-01, 7.60759e-07, 3.80379e-05
6.80000e-01, 7.00000e-01, 6.90000e-01, 1.86814e-06, 9.34069e-05
7.00000e-01, 7.20000e-01, 7.10000e-01, 4.37820e-06, 2.18910e-04
7.20000e-01, 7.40000e-01, 7.30000e-01, 9.80316e-06, 4.90158e-04
7.40000e-01, 7.60000e-01, 7.50000e-01, 2.09921e-05, 1.04961e-03
7.60000e-01, 7.80000e-01, 7.70000e-01, 4.30311e-05, 2.15155e-03
7.80000e-01, 8.00000e-01, 7.90000e-01, 8.45161e-05, 4.22580e-03
8.00000e-01, 8.20000e-01, 8.10000e-01, 1.59189e-04, 7.95946e-03
8.20000e-01, 8.40000e-01, 8.30000e-01, 2.87793e-04, 1.43896e-02
8.40000e-01, 8.60000e-01, 8.50000e-01, 4.99815e-04, 2.49907e-02
8.60000e-01, 8.80000e-01, 8.70000e-01, 8.34586e-04, 4.17293e-02
8.80000e-01, 9.00000e-01, 8.90000e-01, 1.34104e-03, 6.70518e-02
9.00000e-01, 9.20000e-01, 9.10000e-01, 2.07539e-03, 1.03769e-01
9.20000e-01, 9.40000e-01, 9.30000e-01, 3.09632e-03, 1.54816e-01
9.40000e-01, 9.60000e-01, 9.50000e-01, 4.45755e-03, 2.22878e-01
9.60000e-01, 9.80000e-01, 9.70000e-01, 6.19867e-03, 3.09934e-01
9.80000e-01, 1.00000e+00, 9.90000e-01, 8.33550e-03, 4.16775e-01
1.00000e+00, 1.02000e+00, 1.01000e+00, 1.08522e-02, 5.42610e-01
1.02000e+00, 1.04000e+00, 1.03000e+00, 1.36972e-02, 6.84859e-01
1.04000e+00, 1.06000e+00, 1.05000e+00, 1.67843e-02, 8.39214e-01
1.06000e+00, 1.08000e+00, 1.07000e+00, 2.00000e-02, 1.00000e+00
1.08000e+00, 1.10000e+00, 1.09000e+00, 2.32157e-02, 1.16079e+00
1.10000e+00, 1.12000e+00, 1.11000e+00, 2.63028e-02, 1.31514e+00
1.12000e+00, 1.14000e+00, 1.13000e+00, 2.91477e-02, 1.45738e+00
1.14000e+00, 1.16000e+00, 1.15000e+00, 3.16642e-02, 1.58321e+00
1.16000e+00, 1.18000e+00, 1.17000e+00, 3.38006e-02, 1.69003e+00
1.18000e+00, 1.20000e+00, 1.19000e+00, 3.55406e-02, 1.77703e+00
1.20000e+00, 1.22000e+00, 1.21000e+00, 3.68993e-02, 1.84497e+00
1.22000e+00, 1.24000e+00, 1.23000e+00, 3.79148e-02, 1.89574e+00
1.24000e+00, 1.26000e+00, 1.25000e+00, 3.86380e-02, 1.93190e+00
1.26000e+00, 1.28000e+00, 1.27000e+00, 3.91224e-02, 1.95612e+00
1.28000e+00, 1.30000e+00, 1.29000e+00, 3.94157e-02, 1.97078e+00
1.30000e+00, 1.32000e+00, 1.31000e+00, 3.95530e-02, 1.97765e+00
1.32000e+00, 1.34000e+00, 1.33000e+00, 3.95530e-02, 1.97765e+00
1.34000e+00, 1.36000e+00, 1.35000e+00, 3.94157e-02, 1.97078e+00
1.36000e+00, 1.38000e+00, 1.37000e+00, 3.91224e-02, 1.95612e+00
1.38000e+00, 1.40000e+00, 1.39000e+00, 3.86380e-02, 1.93190e+00
1.40000e+00, 1.42000e+00, 1.41000e+00, 3.79148e-02, 1.89574e+00
1.42000e+00, 1.44000e+00, 1.43000e+00, 3.68993e-02, 1.84497e+00
1.44000e+00, 1.46000e+00, 1.45000e+00, 3.55406e-02, 1.77703e+00
1.46000e+00, 1.48000e+00, 1.47000e+00, 3.38006e-02, 1.69003e+00
1.48000e+00, 1.50000e+00, 1.49000e+00, 3.16642e-02, 1.58321e+00
1.50000e+00, 1.52000e+00, 1.51000e+00, 2.91477e-02, 1.45738e+00
1.52000e+00, 1.54000e+00, 1.53000e+00, 2.63028e-02, 1.31514e+00
1.54000e+00, 1.56000e+00, 1.55000e+00, 2.32157e-02, 1.16079e+00
1.56000e+00, 1.58000e+00, 1.57000e+00, 2.00000e-02, 1.00000e+00
1.58000e+00, 1.60000e+00, 1.59000e+00, 1.67843e-02, 8.39214e-01
1.60000e+00, 1.62000e+00, 1.61000e+00, 1.36972e-02, 6.84859e-01
1.62000e+00, 1.64000e+00, 1.63000e+00, 1.08522e-02, 5.42610e-01
1.64000e+00, 1.66000e+00, 1.65000e+00, 8.33550e-03, 4.16775e-01
1.66000e+00, 1.68000e+00, 1.67000e+00, 6.19867e-03, 3.09934e-01
1.68000e+00, 1.70000e+00, 1.69000e+00, 4.45755e-03, 2.22878e-01
1.70000e+00, 1.72000e+00, 1.71000e+00, 3.09632e-03, 1.54816e-01
1.72000e+00, 1.74000e+00, 1.73000e+00, 2.07539e-03, 1.03769e-01
1.74000e+00, 1.76000e+00, 1.75000e+00, 1.34104e-03, 6.70518e-02
1.76000e+00, 1.78000e+00, 1.77000e+00, 8.34586e-04, 4.17293e-02
1.78000e+00, 1.80000e+00, 1.79000e+00, 4.99815e-04, 2.49907e-02
1.80000e+00, 1.82000e+00, 1.81000e+00, 2.87793e-04, 1.43896e-02
1.82000e+00, 1.84000e+00, 1.83000e+00, 1.59189e-04, 7.95946e-03
1.84000e+00, 1.86000e+00, 1.85000e+00, 8.45161e-05, 4.22580e-03
1.86000e+00, 1.88000e+00, 1.87000e+00, 4.30311e-05, 2.15155e-03
1.88000e+00, 1.90000e+00, 1.89000e+00, 2.09921e-05, 1.04961e-03
1.90000e+00, 1.92000e+00, 1.91000e+00, 9.80316e-06, 4.90158e-04
1.92000e+00, 1.94000e+00, 1.93000e+00, 4.37820e-06, 2.18910e-04
1.94000e+00, 1.96000e+00, 1.95000e+00, 1.86814e-06, 9.34069e-05
1.96000e+00, 1.98000e+00, 1.97000e+00, 7.60759e-07, 3.80379e-05
1.98000e+00, 2.00000e+00, 1.99000e+00, 2.14844e-07, 1.07422e-05
