# time = 5.800000000000000e-01# start, end, pivot, particles, density
0.00000e+00, 2.00000e-02, 1.00000e-02, 0.00000e+00, 0.00000e+00
2.00000e-02, 4.00000e-02, 3.00000e-02, 0.00000e+00, 0.00000e+00
4.00000e-02, 6.00000e-02, 5.00000e-02, 0.00000e+00, 0.00000e+00
6.00000e-02, 8.00000e-02, 7.00000e-02, 0.00000e+00, 0.00000e+00
8.00000e-02, 1.00000e-01, 9.00000e-02, 0.00000e+00, 0.00000e+00
1.00000e-01, 1.20000e-01, 1.10000e-01, 0.00000e+00, 0.00000e+00
1.20000e-01, 1.40000e-01, 1.30000e-01, 0.00000e+00, 0.00000e+00
1.40000e-01, 1.60000e-01, 1.50000e-01, 0.00000e+00, 0.00000e+00
1.60000e-01, 1.80000e-01, 1.70000e-01, 0.00000e+00, 0.00000e+00
1.80000e-01, 2.00000e-01, 1.90000e-01, 0.00000e+00, 0.00000e+00
2.00000e-01, 2.20000e-01, 2.10000e-01, 0.00000e+00, 0.00000e+00
2.20000e-01, 2.40000e-01, 2.30000e-01, 0.00000e+00, 0.00000e+00
2.40000e-01, 2.60000e-01, 2.50000e-01, 0.00000e+00, 0.00000e+00
2.60000e-01, 2.80000e-01, 2.70000e-01, 0.00000e+00, 0.00000e+00
2.80000e-01, 3.00000e-01, 2.90000e-01, 0.00000e+00, 0.00000e+00
3.00000e-01, 3.20000e-01, 3.10000e-01, 0.00000e+00, 0.00000e+00
3.20000e-01, 3.40000e-01, 3.30000e-01, 0.00000e+00, 0.00000e+00
3.40000e-01, 3.60000e-01, 3.50000e-01, 0.00000e+00, 0.00000e+00
3.60000e-01, 3.80000e-01, 3.70000e-01, 0.00000e+00, 0.00000e+00
3.80000e-01, 4.00000e-01, 3.90000e-01, 0.00000e+00, 0.00000e+00
4.00000e-01, 4.20000e-01, 4.10000e-01, 0.00000e+00, 0.00000e+00
4.20000e-01, 4.40000e-01, 4.30000e-01, 4.85506e-02, 2.42753e+00
4.40000e-01, 4.60000e-01, 4.50000e-01, 4.04951e-02, 2.02476e+00
4.60000e-01, 4.80000e-01, 4.70000e-01, 0.00000e+00, 0.00000e+00
4.80000e-01, 5.00000e-01, 4.90000e-01, 4.44074e-02, 2.22037e+00
5.00000e-01, 5.20000e-01, 5.10000e-01, 1.72074e-01, 8.60368e+00
5.20000e-01, 5.40000e-01, 5.30000e-01, 7.53541e-02, 3.76770e+00
5.40000e-01, 5.60000e-01, 5.50000e-01, 0.00000e+00, 0.00000e+00
5.60000e-01, 5.80000e-01, 5.70000e-01, 1.21407e-01, 6.07033e+00
5.80000e-01, 6.00000e-01, 5.90000e-01, 2.52848e-01, 1.26424e+01
6.00000e-01, 6.20000e-01, 6.10000e-01, 9.78466e-02, 4.89233e+00
6.20000e-01, 6.40000e-01, 6.30000e-01, 0.00000e+00, 0.00000e+00
6.40000e-01, 6.60000e-01, 6.50000e-01, 1.21508e-01, 6.07542e+00
6.60000e-01, 6.80000e-01, 6.70000e-01, 3.11132e-01, 1.55566e+01
6.80000e-01, 7.00000e-01, 6.90000e-01, 1.90982e-01, 9.54911e+00
7.00000e-01, 7.20000e-01, 7.10000e-01, 1.16622e-02, 5.83108e-01
7.20000e-01, 7.40000e-01, 7.30000e-01, 0.00000e+00, 0.00000e+00
7.40000e-01, 7.60000e-01, 7.50000e-01, 2.56423e-01, 1.28212e+01
7.60000e-01, 7.80000e-01, 7.70000e-01, 3.52199e-01, 1.76099e+01
7.80000e-01, 8.00000e-01, 7.90000e-01, 1.86208e-01, 9.31041e+00
8.00000e-01, 8.20000e-01, 8.10000e-01, 2.32016e-02, 1.16008e+00
8.20000e-01, 8.40000e-01, 8.30000e-01, 0.00000e+00, 0.00000e+00
8.40000e-01, 8.60000e-01, 8.50000e-01, 1.61975e-01, 8.09875e+00
8.60000e-01, 8.80000e-01, 8.70000e-01, 3.41262e-01, 1.70631e+01
8.80000e-01, 9.00000e-01, 8.90000e-01, 3.02627e-01, 1.51314e+01
9.00000e-01, 9.20000e-01, 9.10000e-01, 1.46565e-01, 7.32824e+00
9.20000e-01, 9.40000e-01, 9.30000e-01, 3.15843e-02, 1.57922e+00
9.40000e-01, 9.60000e-01, 9.50000e-01, 0.00000e+00, 0.00000e+00
9.60000e-01, 9.80000e-01, 9.70000e-01, 2.59886e-02, 1.29943e+00
9.80000e-01, 1.00000e+00, 9.90000e-01, 1.36516e-01, 6.82579e+00
1.00000e+00, 1.02000e+00, 1.01000e+00, 1.98321e-01, 9.91603e+00
1.02000e+00, 1.04000e+00, 1.03000e+00, 1.84263e-01, 9.21317e+00
1.04000e+00, 1.06000e+00, 1.05000e+00, 1.31521e-01, 6.57606e+00
1.06000e+00, 1.08000e+00, 1.07000e+00, 7.75951e-02, 3.87976e+00
1.08000e+00, 1.10000e+00, 1.09000e+00, 3.92928e-02, 1.96464e+00
1.10000e+00, 1.12000e+00, 1.11000e+00, 1.74630e-02, 8.73151e-01
1.12000e+00, 1.14000e+00, 1.13000e+00, 6.91077e-03, 3.45539e-01
1.14000e+00, 1.16000e+00, 1.15000e+00, 2.45951e-03, 1.22975e-01
1.16000e+00, 1.18000e+00, 1.17000e+00, 7.92812e-04, 3.96406e-02
1.18000e+00, 1.20000e+00, 1.19000e+00, 2.32678e-04, 1.16339e-02
1.20000e+00, 1.22000e+00, 1.21000e+00, 6.24146e-05, 3.12073e-03
1.22000e+00, 1.24000e+00, 1.23000e+00, 1.53466e-05, 7.67330e-04
1.24000e+00, 1.26000e+00, 1.25000e+00, 3.46613e-06, 1.73307e-04
1.26000e+00, 1.28000e+00, 1.27000e+00, 7.20158e-07, 3.60079e-05
1.28000e+00, 1.30000e+00, 1.29000e+00, 1.37776e-07, 6.88881e-06
1.30000e+00, 1.32000e+00, 1.31000e+00, 2.42827e-08, 1.21414e-06
1.32000e+00, 1.34000e+00, 1.33000e+00, 3.94303e-09, 1.97152e-07
1.34000e+00, 1.36000e+00, 1.35000e+00, 5.89707e-10, 2.94853e-08
1.36000e+00, 1.38000e+00, 1.37000e+00, 8.11730e-11, 4.05865e-09
1.38000e+00, 1.40000e+00, 1.39000e+00, 1.02727e-11, 5.13637e-10
1.40000e+00, 1.42000e+00, 1.41000e+00, 1.19349e-12, 5.96743e-11
1.42000e+00, 1.44000e+00, 1.43000e+00, 1.27048e-13, 6.35242e-12
1.44000e+00, 1.46000e+00, 1.45000e+00, 1.23601e-14, 6.18006e-13
1.46000e+00, 1.48000e+00, 1.47000e+00, 1.09468e-15, 5.47340e-14
1.48000e+00, 1.50000e+00, 1.49000e+00, 8.65974e-17, 4.32987e-15
1.50000e+00, 1.52000e+00, 1.51000e+00, 5.55112e-18, 2.77556e-16
1.52000e+00, 1.54000e+00, 1.53000e+00, 0.00000e+00, 0.00000e+00
1.54000e+00, 1.56000e+00, 1.55000e+00, 0.00000e+00, 0.00000e+00
1.56000e+00, 1.58000e+00, 1.57000e+00, 0.00000e+00, 0.00000e+00
1.58000e+00, 1.60000e+00, 1.59000e+00, 0.00000e+00, 0.00000e+00
1.60000e+00, 1.62000e+00, 1.61000e+00, 0.00000e+00, 0.00000e+00
1.62000e+00, 1.64000e+00, 1.63000e+00, 0.00000e+00, 0.00000e+00
1.64000e+00, 1.66000e+00, 1.65000e+00, 0.00000e+00, 0.00000e+00
1.66000e+00, 1.68000e+00, 1.67000e+00, 0.00000e+00, 0.00000e+00
1.68000e+00, 1.70000e+00, 1.69000e+00, 0.00000e+00, 0.00000e+00
1.70000e+00, 1.72000e+00, 1.71000e+00, 0.00000e+00, 0.00000e+00
1.72000e+00, 1.74000e+00, 1.73000e+00, 0.00000e+00, 0.00000e+00
1.74000e+00, 1.76000e+00, 1.75000e+00, 0.00000e+00, 0.00000e+00
1.76000e+00, 1.78000e+00, 1.77000e+00, 0.00000e+00, 0.00000e+00
1.78000e+00, 1.80000e+00, 1.79000e+00, 0.00000e+00, 0.00000e+00
1.80000e+00, 1.82000e+00, 1.81000e+00, 0.00000e+00, 0.00000e+00
1.82000e+00, 1.84000e+00, 1.83000e+00, 0.00000e+00, 0.00000e+00
1.84000e+00, 1.86000e+00, 1.85000e+00, 0.00000e+00, 0.00000e+00
1.86000e+00, 1.88000e+00, 1.87000e+00, 0.00000e+00, 0.00000e+00
1.88000e+00, 1.90000e+00, 1.89000e+00, 0.00000e+00, 0.00000e+00
1.90000e+00, 1.92000e+00, 1.91000e+00, 0.00000e+00, 0.00000e+00
1.92000e+00, 1.94000e+00, 1.93000e+00, 0.00000e+00, 0.00000e+00
1.94000e+00, 1.96000e+00, 1.95000e+00, 0.00000e+00, 0.00000e+00
1.96000e+00, 1.98000e+00, 1.97000e+00, 0.00000e+00, 0.00000e+00
1.98000e+00, 2.00000e+00, 1.99000e+00, 0.00000e+00, 0.00000e+00
