# time = 9.800000000000000e-01# start, end, pivot, particles, density
0.00000e+00, 2.00000e-02, 1.00000e-02, 0.00000e+00, 0.00000e+00
2.00000e-02, 4.00000e-02, 3.00000e-02, 0.00000e+00, 0.00000e+00
4.00000e-02, 6.00000e-02, 5.00000e-02, 0.00000e+00, 0.00000e+00
6.00000e-02, 8.00000e-02, 7.00000e-02, 0.00000e+00, 0.00000e+00
8.00000e-02, 1.00000e-01, 9.00000e-02, 0.00000e+00, 0.00000e+00
1.00000e-01, 1.20000e-01, 1.10000e-01, 0.00000e+00, 0.00000e+00
1.20000e-01, 1.40000e-01, 1.30000e-01, 0.00000e+00, 0.00000e+00
1.40000e-01, 1.60000e-01, 1.50000e-01, 0.00000e+00, 0.00000e+00
1.60000e-01, 1.80000e-01, 1.70000e-01, 0.00000e+00, 0.00000e+00
1.80000e-01, 2.00000e-01, 1.90000e-01, 0.00000e+00, 0.00000e+00
2.00000e-01, 2.20000e-01, 2.10000e-01, 0.00000e+00, 0.00000e+00
2.20000e-01, 2.40000e-01, 2.30000e-01, 0.00000e+00, 0.00000e+00
2.40000e-01, 2.60000e-01, 2.50000e-01, 0.00000e+00, 0.00000e+00
2.60000e-01, 2.80000e-01, 2.70000e-01, 0.00000e+00, 0.00000e+00
2.80000e-01, 3.00000e-01, 2.90000e-01, 0.00000e+00, 0.00000e+00
3.00000e-01, 3.20000e-01, 3.10000e-01, 0.00000e+00, 0.00000e+00
3.20000e-01, 3.40000e-01, 3.30000e-01, 0.00000e+00, 0.00000e+00
3.40000e-01, 3.60000e-01, 3.50000e-01, 0.00000e+00, 0.00000e+00
3.60000e-01, 3.80000e-01, 3.70000e-01, 0.00000e+00, 0.00000e+00
3.80000e-01, 4.00000e-01, 3.90000e-01, 0.00000e+00, 0.00000e+00
4.00000e-01, 4.20000e-01, 4.10000e-01, 0.00000e+00, 0.00000e+00
4.20000e-01, 4.40000e-01, 4.30000e-01, 0.00000e+00, 0.00000e+00
4.40000e-01, 4.60000e-01, 4.50000e-01, 0.00000e+00, 0.00000e+00
4.60000e-01, 4.80000e-01, 4.70000e-01, 0.00000e+00, 0.00000e+00
4.80000e-01, 5.00000e-01, 4.90000e-01, 0.00000e+00, 0.00000e+00
5.00000e-01, 5.20000e-01, 5.10000e-01, 0.00000e+00, 0.00000e+00
5.20000e-01, 5.40000e-01, 5.30000e-01, 0.00000e+00, 0.00000e+00
5.40000e-01, 5.60000e-01, 5.50000e-01, 0.00000e+00, 0.00000e+00
5.60000e-01, 5.80000e-01, 5.70000e-01, 0.00000e+00, 0.00000e+00
5.80000e-01, 6.00000e-01, 5.90000e-01, 0.00000e+00, 0.00000e+00
6.00000e-01, 6.20000e-01, 6.10000e-01, 0.00000e+00, 0.00000e+00
6.20000e-01, 6.40000e-01, 6.30000e-01, 6.97731e-02, 3.48865e+00
6.40000e-01, 6.60000e-01, 6.50000e-01, 2.94281e-01, 1.47140e+01
6.60000e-01, 6.80000e-01, 6.70000e-01, 2.03046e-01, 1.01523e+01
6.80000e-01, 7.00000e-01, 6.90000e-01, 1.40991e-03, 7.04953e-02
7.00000e-01, 7.20000e-01, 7.10000e-01, 0.00000e+00, 0.00000e+00
7.20000e-01, 7.40000e-01, 7.30000e-01, 6.31329e-01, 3.15665e+01
7.40000e-01, 7.60000e-01, 7.50000e-01, 8.51282e-01, 4.25641e+01
7.60000e-01, 7.80000e-01, 7.70000e-01, 3.26091e-01, 1.63046e+01
7.80000e-01, 8.00000e-01, 7.90000e-01, 0.00000e+00, 0.00000e+00
8.00000e-01, 8.20000e-01, 8.10000e-01, 2.31111e-01, 1.15556e+01
8.20000e-01, 8.40000e-01, 8.30000e-01, 1.15418e+00, 5.77089e+01
8.40000e-01, 8.60000e-01, 8.50000e-01, 1.10139e+00, 5.50693e+01
8.60000e-01, 8.80000e-01, 8.70000e-01, 3.54336e-01, 1.77168e+01
8.80000e-01, 9.00000e-01, 8.90000e-01, 0.00000e+00, 0.00000e+00
9.00000e-01, 9.20000e-01, 9.10000e-01, 2.33712e-01, 1.16856e+01
9.20000e-01, 9.40000e-01, 9.30000e-01, 1.23097e+00, 6.15486e+01
9.40000e-01, 9.60000e-01, 9.50000e-01, 1.33215e+00, 6.66073e+01
9.60000e-01, 9.80000e-01, 9.70000e-01, 6.18250e-01, 3.09125e+01
9.80000e-01, 1.00000e+00, 9.90000e-01, 6.19716e-02, 3.09858e+00
1.00000e+00, 1.02000e+00, 1.01000e+00, 0.00000e+00, 0.00000e+00
1.02000e+00, 1.04000e+00, 1.03000e+00, 6.76817e-01, 3.38408e+01
1.04000e+00, 1.06000e+00, 1.05000e+00, 1.37415e+00, 6.87073e+01
1.06000e+00, 1.08000e+00, 1.07000e+00, 1.17805e+00, 5.89024e+01
1.08000e+00, 1.10000e+00, 1.09000e+00, 5.43613e-01, 2.71807e+01
1.10000e+00, 1.12000e+00, 1.11000e+00, 8.39837e-02, 4.19919e+00
1.12000e+00, 1.14000e+00, 1.13000e+00, 0.00000e+00, 0.00000e+00
1.14000e+00, 1.16000e+00, 1.15000e+00, 2.72114e-01, 1.36057e+01
1.16000e+00, 1.18000e+00, 1.17000e+00, 8.88690e-01, 4.44345e+01
1.18000e+00, 1.20000e+00, 1.19000e+00, 1.05311e+00, 5.26556e+01
1.20000e+00, 1.22000e+00, 1.21000e+00, 7.70418e-01, 3.85209e+01
1.22000e+00, 1.24000e+00, 1.23000e+00, 3.72910e-01, 1.86455e+01
1.24000e+00, 1.26000e+00, 1.25000e+00, 1.04943e-01, 5.24717e+00
1.26000e+00, 1.28000e+00, 1.27000e+00, 1.10697e-03, 5.53485e-02
1.28000e+00, 1.30000e+00, 1.29000e+00, 0.00000e+00, 0.00000e+00
1.30000e+00, 1.32000e+00, 1.31000e+00, 1.58982e-01, 7.94908e+00
1.32000e+00, 1.34000e+00, 1.33000e+00, 3.41118e-01, 1.70559e+01
1.34000e+00, 1.36000e+00, 1.35000e+00, 3.96774e-01, 1.98387e+01
1.36000e+00, 1.38000e+00, 1.37000e+00, 3.43530e-01, 1.71765e+01
1.38000e+00, 1.40000e+00, 1.39000e+00, 2.45732e-01, 1.22866e+01
1.40000e+00, 1.42000e+00, 1.41000e+00, 1.52448e-01, 7.62238e+00
1.42000e+00, 1.44000e+00, 1.43000e+00, 8.42789e-02, 4.21394e+00
1.44000e+00, 1.46000e+00, 1.45000e+00, 4.22298e-02, 2.11149e+00
1.46000e+00, 1.48000e+00, 1.47000e+00, 1.93997e-02, 9.69987e-01
1.48000e+00, 1.50000e+00, 1.49000e+00, 8.23757e-03, 4.11879e-01
1.50000e+00, 1.52000e+00, 1.51000e+00, 3.25291e-03, 1.62645e-01
1.52000e+00, 1.54000e+00, 1.53000e+00, 1.20016e-03, 6.00082e-02
1.54000e+00, 1.56000e+00, 1.55000e+00, 4.15241e-04, 2.07620e-02
1.56000e+00, 1.58000e+00, 1.57000e+00, 1.35122e-04, 6.75612e-03
1.58000e+00, 1.60000e+00, 1.59000e+00, 4.14533e-05, 2.07266e-03
1.60000e+00, 1.62000e+00, 1.61000e+00, 1.20128e-05, 6.00638e-04
1.62000e+00, 1.64000e+00, 1.63000e+00, 3.29368e-06, 1.64684e-04
1.64000e+00, 1.66000e+00, 1.65000e+00, 8.55563e-07, 4.27781e-05
1.66000e+00, 1.68000e+00, 1.67000e+00, 2.10783e-07, 1.05391e-05
1.68000e+00, 1.70000e+00, 1.69000e+00, 4.92976e-08, 2.46488e-06
1.70000e+00, 1.72000e+00, 1.71000e+00, 1.09533e-08, 5.47663e-07
1.72000e+00, 1.74000e+00, 1.73000e+00, 2.31338e-09, 1.15669e-07
1.74000e+00, 1.76000e+00, 1.75000e+00, 4.64662e-10, 2.32331e-08
1.76000e+00, 1.78000e+00, 1.77000e+00, 8.87898e-11, 4.43949e-09
1.78000e+00, 1.80000e+00, 1.79000e+00, 1.61446e-11, 8.07232e-10
1.80000e+00, 1.82000e+00, 1.81000e+00, 2.79377e-12, 1.39689e-10
1.82000e+00, 1.84000e+00, 1.83000e+00, 4.60114e-13, 2.30057e-11
1.84000e+00, 1.86000e+00, 1.85000e+00, 7.21134e-14, 3.60567e-12
1.86000e+00, 1.88000e+00, 1.87000e+00, 1.07514e-14, 5.37570e-13
1.88000e+00, 1.90000e+00, 1.89000e+00, 1.52434e-15, 7.62168e-14
1.90000e+00, 1.92000e+00, 1.91000e+00, 2.04281e-16, 1.02141e-14
1.92000e+00, 1.94000e+00, 1.93000e+00, 2.33147e-17, 1.16573e-15
1.94000e+00, 1.96000e+00, 1.95000e+00, 1.11022e-18, 5.55112e-17
1.96000e+00, 1.98000e+00, 1.97000e+00, 0.00000e+00, 0.00000e+00
1.98000e+00, 2.00000e+00, 1.99000e+00, 0.00000e+00, 0.00000e+00
