# time = 4.300000000000000e-01# start, end, pivot, particles, density
0.00000e+00, 2.00000e-02, 1.00000e-02, 0.00000e+00, 0.00000e+00
2.00000e-02, 4.00000e-02, 3.00000e-02, 0.00000e+00, 0.00000e+00
4.00000e-02, 6.00000e-02, 5.00000e-02, 0.00000e+00, 0.00000e+00
6.00000e-02, 8.00000e-02, 7.00000e-02, 0.00000e+00, 0.00000e+00
8.00000e-02, 1.00000e-01, 9.00000e-02, 0.00000e+00, 0.00000e+00
1.00000e-01, 1.20000e-01, 1.10000e-01, 0.00000e+00, 0.00000e+00
1.20000e-01, 1.40000e-01, 1.30000e-01, 0.00000e+00, 0.00000e+00
1.40000e-01, 1.60000e-01, 1.50000e-01, 0.00000e+00, 0.00000e+00
1.60000e-01, 1.80000e-01, 1.70000e-01, 0.00000e+00, 0.00000e+00
1.80000e-01, 2.00000e-01, 1.90000e-01, 0.00000e+00, 0.00000e+00
2.00000e-01, 2.20000e-01, 2.10000e-01, 0.00000e+00, 0.00000e+00
2.20000e-01, 2.40000e-01, 2.30000e-01, 0.00000e+00, 0.00000e+00
2.40000e-01, 2.60000e-01, 2.50000e-01, 0.00000e+00, 0.00000e+00
2.60000e-01, 2.80000e-01, 2.70000e-01, 0.00000e+00, 0.00000e+00
2.80000e-01, 3.00000e-01, 2.90000e-01, 0.00000e+00, 0.00000e+00
3.00000e-01, 3.20000e-01, 3.10000e-01, 0.00000e+00, 0.00000e+00
3.20000e-01, 3.40000e-01, 3.30000e-01, 0.00000e+00, 0.00000e+00
3.40000e-01, 3.60000e-01, 3.50000e-01, 0.00000e+00, 0.00000e+00
3.60000e-01, 3.80000e-01, 3.70000e-01, 2.97488e-02, 1.48744e+00
3.80000e-01, 4.00000e-01, 3.90000e-01, 1.97139e-02, 9.85697e-01
4.00000e-01, 4.20000e-01, 4.10000e-01, 0.00000e+00, 0.00000e+00
4.20000e-01, 4.40000e-01, 4.30000e-01, 6.98736e-02, 3.49368e+00
4.40000e-01, 4.60000e-01, 4.50000e-01, 7.80551e-02, 3.90276e+00
4.60000e-01, 4.80000e-01, 4.70000e-01, 0.00000e+00, 0.00000e+00
4.80000e-01, 5.00000e-01, 4.90000e-01, 5.29614e-02, 2.64807e+00
5.00000e-01, 5.20000e-01, 5.10000e-01, 1.38953e-01, 6.94763e+00
5.20000e-01, 5.40000e-01, 5.30000e-01, 3.93817e-02, 1.96909e+00
5.40000e-01, 5.60000e-01, 5.50000e-01, 0.00000e+00, 0.00000e+00
5.60000e-01, 5.80000e-01, 5.70000e-01, 1.24033e-01, 6.20163e+00
5.80000e-01, 6.00000e-01, 5.90000e-01, 1.55101e-01, 7.75505e+00
6.00000e-01, 6.20000e-01, 6.10000e-01, 3.01503e-02, 1.50752e+00
6.20000e-01, 6.40000e-01, 6.30000e-01, 0.00000e+00, 0.00000e+00
6.40000e-01, 6.60000e-01, 6.50000e-01, 1.31789e-01, 6.58945e+00
6.60000e-01, 6.80000e-01, 6.70000e-01, 2.00624e-01, 1.00312e+01
6.80000e-01, 7.00000e-01, 6.90000e-01, 8.91101e-02, 4.45550e+00
7.00000e-01, 7.20000e-01, 7.10000e-01, 0.00000e+00, 0.00000e+00
7.20000e-01, 7.40000e-01, 7.30000e-01, 1.68412e-02, 8.42059e-01
7.40000e-01, 7.60000e-01, 7.50000e-01, 1.69871e-01, 8.49353e+00
7.60000e-01, 7.80000e-01, 7.70000e-01, 2.15294e-01, 1.07647e+01
7.80000e-01, 8.00000e-01, 7.90000e-01, 1.25506e-01, 6.27528e+00
8.00000e-01, 8.20000e-01, 8.10000e-01, 3.02996e-02, 1.51498e+00
8.20000e-01, 8.40000e-01, 8.30000e-01, 0.00000e+00, 0.00000e+00
8.40000e-01, 8.60000e-01, 8.50000e-01, 2.09304e-02, 1.04652e+00
8.60000e-01, 8.80000e-01, 8.70000e-01, 1.07983e-01, 5.39915e+00
8.80000e-01, 9.00000e-01, 8.90000e-01, 1.51420e-01, 7.57102e+00
9.00000e-01, 9.20000e-01, 9.10000e-01, 1.33192e-01, 6.65961e+00
9.20000e-01, 9.40000e-01, 9.30000e-01, 8.83170e-02, 4.41585e+00
9.40000e-01, 9.60000e-01, 9.50000e-01, 4.75178e-02, 2.37589e+00
9.60000e-01, 9.80000e-01, 9.70000e-01, 2.15456e-02, 1.07728e+00
9.80000e-01, 1.00000e+00, 9.90000e-01, 8.41840e-03, 4.20920e-01
1.00000e+00, 1.02000e+00, 1.01000e+00, 2.87512e-03, 1.43756e-01
1.02000e+00, 1.04000e+00, 1.03000e+00, 8.66525e-04, 4.33263e-02
1.04000e+00, 1.06000e+00, 1.05000e+00, 2.31977e-04, 1.15989e-02
1.06000e+00, 1.08000e+00, 1.07000e+00, 5.54096e-05, 2.77048e-03
1.08000e+00, 1.10000e+00, 1.09000e+00, 1.18431e-05, 5.92157e-04
1.10000e+00, 1.12000e+00, 1.11000e+00, 2.26898e-06, 1.13449e-04
1.12000e+00, 1.14000e+00, 1.13000e+00, 3.89913e-07, 1.94957e-05
1.14000e+00, 1.16000e+00, 1.15000e+00, 6.00859e-08, 3.00429e-06
1.16000e+00, 1.18000e+00, 1.17000e+00, 8.29386e-09, 4.14693e-07
1.18000e+00, 1.20000e+00, 1.19000e+00, 1.02341e-09, 5.11704e-08
1.20000e+00, 1.22000e+00, 1.21000e+00, 1.12556e-10, 5.62779e-09
1.22000e+00, 1.24000e+00, 1.23000e+00, 1.09894e-11, 5.49472e-10
1.24000e+00, 1.26000e+00, 1.25000e+00, 9.47546e-13, 4.73773e-11
1.26000e+00, 1.28000e+00, 1.27000e+00, 7.16671e-14, 3.58336e-12
1.28000e+00, 1.30000e+00, 1.29000e+00, 4.71290e-15, 2.35645e-13
1.30000e+00, 1.32000e+00, 1.31000e+00, 2.66454e-16, 1.33227e-14
1.32000e+00, 1.34000e+00, 1.33000e+00, 1.22125e-17, 6.10623e-16
1.34000e+00, 1.36000e+00, 1.35000e+00, 0.00000e+00, 0.00000e+00
1.36000e+00, 1.38000e+00, 1.37000e+00, 0.00000e+00, 0.00000e+00
1.38000e+00, 1.40000e+00, 1.39000e+00, 0.00000e+00, 0.00000e+00
1.40000e+00, 1.42000e+00, 1.41000e+00, 0.00000e+00, 0.00000e+00
1.42000e+00, 1.44000e+00, 1.43000e+00, 0.00000e+00, 0.00000e+00
1.44000e+00, 1.46000e+00, 1.45000e+00, 0.00000e+00, 0.00000e+00
1.46000e+00, 1.48000e+00, 1.47000e+00, 0.00000e+00, 0.00000e+00
1.48000e+00, 1.50000e+00, 1.49000e+00, 0.00000e+00, 0.00000e+00
1.50000e+00, 1.52000e+00, 1.51000e+00, 0.00000e+00, 0.00000e+00
1.52000e+00, 1.54000e+00, 1.53000e+00, 0.00000e+00, 0.00000e+00
1.54000e+00, 1.56000e+00, 1.55000e+00, 0.00000e+00, 0.00000e+00
1.56000e+00, 1.58000e+00, 1.57000e+00, 0.00000e+00, 0.00000e+00
1.58000e+00, 1.60000e+00, 1.59000e+00, 0.00000e+00, 0.00000e+00
1.60000e+00, 1.62000e+00, 1.61000e+00, 0.00000e+00, 0.00000e+00
1.62000e+00, 1.64000e+00, 1.63000e+00, 0.00000e+00, 0.00000e+00
1.64000e+00, 1.66000e+00, 1.65000e+00, 0.00000e+00, 0.00000e+00
1.66000e+00, 1.68000e+00, 1.67000e+00, 0.00000e+00, 0.00000e+00
1.68000e+00, 1.70000e+00, 1.69000e+00, 0.00000e+00, 0.00000e+00
1.70000e+00, 1.72000e+00, 1.71000e+00, 0.00000e+00, 0.00000e+00
1.72000e+00, 1.74000e+00, 1.73000e+00, 0.00000e+00, 0.00000e+00
1.74000e+00, 1.76000e+00, 1.75000e+00, 0.00000e+00, 0.00000e+00
1.76000e+00, 1.78000e+00, 1.77000e+00, 0.00000e+00, 0.00000e+00
1.78000e+00, 1.80000e+00, 1.79000e+00, 0.00000e+00, 0.00000e+00
1.80000e+00, 1.82000e+00, 1.81000e+00, 0.00000e+00, 0.00000e+00
1.82000e+00, 1.84000e+00, 1.83000e+00, 0.00000e+00, 0.00000e+00
1.84000e+00, 1.86000e+00, 1.85000e+00, 0.00000e+00, 0.00000e+00
1.86000e+00, 1.88000e+00, 1.87000e+00, 0.00000e+00, 0.00000e+00
1.88000e+00, 1.90000e+00, 1.89000e+00, 0.00000e+00, 0.00000e+00
1.90000e+00, 1.92000e+00, 1.91000e+00, 0.00000e+00, 0.00000e+00
1.92000e+00, 1.94000e+00, 1.93000e+00, 0.00000e+00, 0.00000e+00
1.94000e+00, 1.96000e+00, 1.95000e+00, 0.00000e+00, 0.00000e+00
1.96000e+00, 1.98000e+00, 1.97000e+00, 0.00000e+00, 0.00000e+00
1.98000e+00, 2.00000e+00, 1.99000e+00, 0.00000e+00, 0.00000e+00
