# time = 8.000000000000000e-01# start, end, pivot, particles, density
0.00000e+00, 2.00000e-02, 1.00000e-02, 0.00000e+00, 0.00000e+00
2.00000e-02, 4.00000e-02, 3.00000e-02, 0.00000e+00, 0.00000e+00
4.00000e-02, 6.00000e-02, 5.00000e-02, 0.00000e+00, 0.00000e+00
6.00000e-02, 8.00000e-02, 7.00000e-02, 0.00000e+00, 0.00000e+00
8.00000e-02, 1.00000e-01, 9.00000e-02, 0.00000e+00, 0.00000e+00
1.00000e-01, 1.20000e-01, 1.10000e-01, 0.00000e+00, 0.00000e+00
1.20000e-01, 1.40000e-01, 1.30000e-01, 0.00000e+00, 0.00000e+00
1.40000e-01, 1.60000e-01, 1.50000e-01, 0.00000e+00, 0.00000e+00
1.60000e-01, 1.80000e-01, 1.70000e-01, 0.00000e+00, 0.00000e+00
1.80000e-01, 2.00000e-01, 1.90000e-01, 0.00000e+00, 0.00000e+00
2.00000e-01, 2.20000e-01, 2.10000e-01, 0.00000e+00, 0.00000e+00
2.20000e-01, 2.40000e-01, 2.30000e-01, 0.00000e+00, 0.00000e+00
2.40000e-01, 2.60000e-01, 2.50000e-01, 0.00000e+00, 0.00000e+00
2.60000e-01, 2.80000e-01, 2.70000e-01, 0.00000e+00, 0.00000e+00
2.80000e-01, 3.00000e-01, 2.90000e-01, 0.00000e+00, 0.00000e+00
3.00000e-01, 3.20000e-01, 3.10000e-01, 0.00000e+00, 0.00000e+00
3.20000e-01, 3.40000e-01, 3.30000e-01, 0.00000e+00, 0.00000e+00
3.40000e-01, 3.60000e-01, 3.50000e-01, 0.00000e+00, 0.00000e+00
3.60000e-01, 3.80000e-01, 3.70000e-01, 0.00000e+00, 0.00000e+00
3.80000e-01, 4.00000e-01, 3.90000e-01, 0.00000e+00, 0.00000e+00
4.00000e-01, 4.20000e-01, 4.10000e-01, 0.00000e+00, 0.00000e+00
4.20000e-01, 4.40000e-01, 4.30000e-01, 0.00000e+00, 0.00000e+00
4.40000e-01, 4.60000e-01, 4.50000e-01, 0.00000e+00, 0.00000e+00
4.60000e-01, 4.80000e-01, 4.70000e-01, 0.00000e+00, 0.00000e+00
4.80000e-01, 5.00000e-01, 4.90000e-01, 0.00000e+00, 0.00000e+00
5.00000e-01, 5.20000e-01, 5.10000e-01, 0.00000e+00, 0.00000e+00
5.20000e-01, 5.40000e-01, 5.30000e-01, 4.81817e-02, 2.40908e+00
5.40000e-01, 5.60000e-01, 5.50000e-01, 1.43877e-01, 7.19384e+00
5.60000e-01, 5.80000e-01, 5.70000e-01, 6.40075e-02, 3.20038e+00
5.80000e-01, 6.00000e-01, 5.90000e-01, 0.00000e+00, 0.00000e+00
6.00000e-01, 6.20000e-01, 6.10000e-01, 1.11828e-01, 5.59138e+00
6.20000e-01, 6.40000e-01, 6.30000e-01, 4.12328e-01, 2.06164e+01
6.40000e-01, 6.60000e-01, 6.50000e-01, 2.69088e-01, 1.34544e+01
6.60000e-01, 6.80000e-01, 6.70000e-01, 1.89398e-03, 9.46991e-02
6.80000e-01, 7.00000e-01, 6.90000e-01, 1.59907e-02, 7.99535e-01
7.00000e-01, 7.20000e-01, 7.10000e-01, 5.13712e-01, 2.56856e+01
7.20000e-01, 7.40000e-01, 7.30000e-01, 5.58618e-01, 2.79309e+01
7.40000e-01, 7.60000e-01, 7.50000e-01, 1.68524e-01, 8.42618e+00
7.60000e-01, 7.80000e-01, 7.70000e-01, 0.00000e+00, 0.00000e+00
7.80000e-01, 8.00000e-01, 7.90000e-01, 2.19201e-01, 1.09600e+01
8.00000e-01, 8.20000e-01, 8.10000e-01, 7.01421e-01, 3.50711e+01
8.20000e-01, 8.40000e-01, 8.30000e-01, 5.93096e-01, 2.96548e+01
8.40000e-01, 8.60000e-01, 8.50000e-01, 1.72664e-01, 8.63320e+00
8.60000e-01, 8.80000e-01, 8.70000e-01, 0.00000e+00, 0.00000e+00
8.80000e-01, 9.00000e-01, 8.90000e-01, 1.48973e-01, 7.44865e+00
9.00000e-01, 9.20000e-01, 9.10000e-01, 6.65635e-01, 3.32817e+01
9.20000e-01, 9.40000e-01, 9.30000e-01, 7.35799e-01, 3.67899e+01
9.40000e-01, 9.60000e-01, 9.50000e-01, 3.88621e-01, 1.94310e+01
9.60000e-01, 9.80000e-01, 9.70000e-01, 7.29076e-02, 3.64538e+00
9.80000e-01, 1.00000e+00, 9.90000e-01, 0.00000e+00, 0.00000e+00
1.00000e+00, 1.02000e+00, 1.01000e+00, 1.67566e-01, 8.37831e+00
1.02000e+00, 1.04000e+00, 1.03000e+00, 5.60795e-01, 2.80397e+01
1.04000e+00, 1.06000e+00, 1.05000e+00, 6.46707e-01, 3.23353e+01
1.06000e+00, 1.08000e+00, 1.07000e+00, 4.41291e-01, 2.20646e+01
1.08000e+00, 1.10000e+00, 1.09000e+00, 1.85109e-01, 9.25546e+00
1.10000e+00, 1.12000e+00, 1.11000e+00, 3.57580e-02, 1.78790e+00
1.12000e+00, 1.14000e+00, 1.13000e+00, 0.00000e+00, 0.00000e+00
1.14000e+00, 1.16000e+00, 1.15000e+00, 3.78589e-02, 1.89295e+00
1.16000e+00, 1.18000e+00, 1.17000e+00, 1.93701e-01, 9.68507e+00
1.18000e+00, 1.20000e+00, 1.19000e+00, 2.87695e-01, 1.43848e+01
1.20000e+00, 1.22000e+00, 1.21000e+00, 2.79317e-01, 1.39658e+01
1.22000e+00, 1.24000e+00, 1.23000e+00, 2.12198e-01, 1.06099e+01
1.24000e+00, 1.26000e+00, 1.25000e+00, 1.35535e-01, 6.77673e+00
1.26000e+00, 1.28000e+00, 1.27000e+00, 7.55162e-02, 3.77581e+00
1.28000e+00, 1.30000e+00, 1.29000e+00, 3.75154e-02, 1.87577e+00
1.30000e+00, 1.32000e+00, 1.31000e+00, 1.68552e-02, 8.42758e-01
1.32000e+00, 1.34000e+00, 1.33000e+00, 6.91667e-03, 3.45834e-01
1.34000e+00, 1.36000e+00, 1.35000e+00, 2.61105e-03, 1.30553e-01
1.36000e+00, 1.38000e+00, 1.37000e+00, 9.11648e-04, 4.55824e-02
1.38000e+00, 1.40000e+00, 1.39000e+00, 2.95621e-04, 1.47810e-02
1.40000e+00, 1.42000e+00, 1.41000e+00, 8.93207e-05, 4.46603e-03
1.42000e+00, 1.44000e+00, 1.43000e+00, 2.52115e-05, 1.26057e-03
1.44000e+00, 1.46000e+00, 1.45000e+00, 6.66144e-06, 3.33072e-04
1.46000e+00, 1.48000e+00, 1.47000e+00, 1.65033e-06, 8.25167e-05
1.48000e+00, 1.50000e+00, 1.49000e+00, 3.83862e-07, 1.91931e-05
1.50000e+00, 1.52000e+00, 1.51000e+00, 8.39107e-08, 4.19554e-06
1.52000e+00, 1.54000e+00, 1.53000e+00, 1.72517e-08, 8.62584e-07
1.54000e+00, 1.56000e+00, 1.55000e+00, 3.33777e-09, 1.66889e-07
1.56000e+00, 1.58000e+00, 1.57000e+00, 6.07923e-10, 3.03961e-08
1.58000e+00, 1.60000e+00, 1.59000e+00, 1.04252e-10, 5.21260e-09
1.60000e+00, 1.62000e+00, 1.61000e+00, 1.68334e-11, 8.41670e-10
1.62000e+00, 1.64000e+00, 1.63000e+00, 2.55886e-12, 1.27943e-10
1.64000e+00, 1.66000e+00, 1.65000e+00, 3.66078e-13, 1.83039e-11
1.66000e+00, 1.68000e+00, 1.67000e+00, 4.92628e-14, 2.46314e-12
1.68000e+00, 1.70000e+00, 1.69000e+00, 6.22946e-15, 3.11473e-13
1.70000e+00, 1.72000e+00, 1.71000e+00, 7.38298e-16, 3.69149e-14
1.72000e+00, 1.74000e+00, 1.73000e+00, 7.99361e-17, 3.99680e-15
1.74000e+00, 1.76000e+00, 1.75000e+00, 6.66134e-18, 3.33067e-16
1.76000e+00, 1.78000e+00, 1.77000e+00, 0.00000e+00, 0.00000e+00
1.78000e+00, 1.80000e+00, 1.79000e+00, 0.00000e+00, 0.00000e+00
1.80000e+00, 1.82000e+00, 1.81000e+00, 0.00000e+00, 0.00000e+00
1.82000e+00, 1.84000e+00, 1.83000e+00, 0.00000e+00, 0.00000e+00
1.84000e+00, 1.86000e+00, 1.85000e+00, 0.00000e+00, 0.00000e+00
1.86000e+00, 1.88000e+00, 1.87000e+00, 0.00000e+00, 0.00000e+00
1.88000e+00, 1.90000e+00, 1.89000e+00, 0.00000e+00, 0.00000e+00
1.90000e+00, 1.92000e+00, 1.91000e+00, 0.00000e+00, 0.00000e+00
1.92000e+00, 1.94000e+00, 1.93000e+00, 0.00000e+00, 0.00000e+00
1.94000e+00, 1.96000e+00, 1.95000e+00, 0.00000e+00, 0.00000e+00
1.96000e+00, 1.98000e+00, 1.97000e+00, 0.00000e+00, 0.00000e+00
1.98000e+00, 2.00000e+00, 1.99000e+00, 0.00000e+00, 0.00000e+00
