# time = 7.300000000000000e-01# start, end, pivot, particles, density
0.00000e+00, 2.00000e-02, 1.00000e-02, 0.00000e+00, 0.00000e+00
2.00000e-02, 4.00000e-02, 3.00000e-02, 0.00000e+00, 0.00000e+00
4.00000e-02, 6.00000e-02, 5.00000e-02, 0.00000e+00, 0.00000e+00
6.00000e-02, 8.00000e-02, 7.00000e-02, 0.00000e+00, 0.00000e+00
8.00000e-02, 1.00000e-01, 9.00000e-02, 0.00000e+00, 0.00000e+00
1.00000e-01, 1.20000e-01, 1.10000e-01, 0.00000e+00, 0.00000e+00
1.20000e-01, 1.40000e-01, 1.30000e-01, 0.00000e+00, 0.00000e+00
1.40000e-01, 1.60000e-01, 1.50000e-01, 0.00000e+00, 0.00000e+00
1.60000e-01, 1.80000e-01, 1.70000e-01, 0.00000e+00, 0.00000e+00
1.80000e-01, 2.00000e-01, 1.90000e-01, 0.00000e+00, 0.00000e+00
2.00000e-01, 2.20000e-01, 2.10000e-01, 0.00000e+00, 0.00000e+00
2.20000e-01, 2.40000e-01, 2.30000e-01, 0.00000e+00, 0.00000e+00
2.40000e-01, 2.60000e-01, 2.50000e-01, 0.00000e+00, 0.00000e+00
2.60000e-01, 2.80000e-01, 2.70000e-01, 0.00000e+00, 0.00000e+00
2.80000e-01, 3.00000e-01, 2.90000e-01, 0.00000e+00, 0.00000e+00
3.00000e-01, 3.20000e-01, 3.10000e-01, 0.00000e+00, 0.00000e+00
3.20000e-01, 3.40000e-01, 3.30000e-01, 0.00000e+00, 0.00000e+00
3.40000e-01, 3.60000e-01, 3.50000e-01, 0.00000e+00, 0.00000e+00
3.60000e-01, 3.80000e-01, 3.70000e-01, 0.00000e+00, 0.00000e+00
3.80000e-01, 4.00000e-01, 3.90000e-01, 0.00000e+00, 0.00000e+00
4.00000e-01, 4.20000e-01, 4.10000e-01, 0.00000e+00, 0.00000e+00
4.20000e-01, 4.40000e-01, 4.30000e-01, 0.00000e+00, 0.00000e+00
4.40000e-01, 4.60000e-01, 4.50000e-01, 0.00000e+00, 0.00000e+00
4.60000e-01, 4.80000e-01, 4.70000e-01, 0.00000e+00, 0.00000e+00
4.80000e-01, 5.00000e-01, 4.90000e-01, 2.25484e-02, 1.12742e+00
5.00000e-01, 5.20000e-01, 5.10000e-01, 1.05421e-01, 5.27103e+00
5.20000e-01, 5.40000e-01, 5.30000e-01, 5.45327e-02, 2.72664e+00
5.40000e-01, 5.60000e-01, 5.50000e-01, 0.00000e+00, 0.00000e+00
5.60000e-01, 5.80000e-01, 5.70000e-01, 8.28169e-02, 4.14084e+00
5.80000e-01, 6.00000e-01, 5.90000e-01, 3.14975e-01, 1.57487e+01
6.00000e-01, 6.20000e-01, 6.10000e-01, 1.79919e-01, 8.99595e+00
6.20000e-01, 6.40000e-01, 6.30000e-01, 0.00000e+00, 0.00000e+00
6.40000e-01, 6.60000e-01, 6.50000e-01, 6.65023e-02, 3.32512e+00
6.60000e-01, 6.80000e-01, 6.70000e-01, 4.28589e-01, 2.14294e+01
6.80000e-01, 7.00000e-01, 6.90000e-01, 3.69118e-01, 1.84559e+01
7.00000e-01, 7.20000e-01, 7.10000e-01, 6.07761e-02, 3.03881e+00
7.20000e-01, 7.40000e-01, 7.30000e-01, 0.00000e+00, 0.00000e+00
7.40000e-01, 7.60000e-01, 7.50000e-01, 3.12859e-01, 1.56429e+01
7.60000e-01, 7.80000e-01, 7.70000e-01, 5.63356e-01, 2.81678e+01
7.80000e-01, 8.00000e-01, 7.90000e-01, 3.25582e-01, 1.62791e+01
8.00000e-01, 8.20000e-01, 8.10000e-01, 3.56778e-02, 1.78389e+00
8.20000e-01, 8.40000e-01, 8.30000e-01, 0.00000e+00, 0.00000e+00
8.40000e-01, 8.60000e-01, 8.50000e-01, 3.37930e-01, 1.68965e+01
8.60000e-01, 8.80000e-01, 8.70000e-01, 6.11277e-01, 3.05638e+01
8.80000e-01, 9.00000e-01, 8.90000e-01, 4.43609e-01, 2.21805e+01
9.00000e-01, 9.20000e-01, 9.10000e-01, 1.35467e-01, 6.77336e+00
9.20000e-01, 9.40000e-01, 9.30000e-01, 0.00000e+00, 0.00000e+00
9.40000e-01, 9.60000e-01, 9.50000e-01, 3.46574e-02, 1.73287e+00
9.60000e-01, 9.80000e-01, 9.70000e-01, 3.77054e-01, 1.88527e+01
9.80000e-01, 1.00000e+00, 9.90000e-01, 5.44708e-01, 2.72354e+01
1.00000e+00, 1.02000e+00, 1.01000e+00, 4.19941e-01, 2.09970e+01
1.02000e+00, 1.04000e+00, 1.03000e+00, 1.94848e-01, 9.74240e+00
1.04000e+00, 1.06000e+00, 1.05000e+00, 4.45613e-02, 2.22807e+00
1.06000e+00, 1.08000e+00, 1.07000e+00, 0.00000e+00, 0.00000e+00
1.08000e+00, 1.10000e+00, 1.09000e+00, 1.90696e-02, 9.53480e-01
1.10000e+00, 1.12000e+00, 1.11000e+00, 1.57720e-01, 7.88599e+00
1.12000e+00, 1.14000e+00, 1.13000e+00, 2.51701e-01, 1.25851e+01
1.14000e+00, 1.16000e+00, 1.15000e+00, 2.50877e-01, 1.25438e+01
1.16000e+00, 1.18000e+00, 1.17000e+00, 1.92188e-01, 9.60942e+00
1.18000e+00, 1.20000e+00, 1.19000e+00, 1.22478e-01, 6.12391e+00
1.20000e+00, 1.22000e+00, 1.21000e+00, 6.75687e-02, 3.37843e+00
1.22000e+00, 1.24000e+00, 1.23000e+00, 3.30293e-02, 1.65147e+00
1.24000e+00, 1.26000e+00, 1.25000e+00, 1.45223e-02, 7.26115e-01
1.26000e+00, 1.28000e+00, 1.27000e+00, 5.80279e-03, 2.90139e-01
1.28000e+00, 1.30000e+00, 1.29000e+00, 2.12294e-03, 1.06147e-01
1.30000e+00, 1.32000e+00, 1.31000e+00, 7.15076e-04, 3.57538e-02
1.32000e+00, 1.34000e+00, 1.33000e+00, 2.22700e-04, 1.11350e-02
1.34000e+00, 1.36000e+00, 1.35000e+00, 6.43388e-05, 3.21694e-03
1.36000e+00, 1.38000e+00, 1.37000e+00, 1.72873e-05, 8.64364e-04
1.38000e+00, 1.40000e+00, 1.39000e+00, 4.32869e-06, 2.16435e-04
1.40000e+00, 1.42000e+00, 1.41000e+00, 1.01168e-06, 5.05842e-05
1.42000e+00, 1.44000e+00, 1.43000e+00, 2.20958e-07, 1.10479e-05
1.44000e+00, 1.46000e+00, 1.45000e+00, 4.51375e-08, 2.25688e-06
1.46000e+00, 1.48000e+00, 1.47000e+00, 8.62962e-09, 4.31481e-07
1.48000e+00, 1.50000e+00, 1.49000e+00, 1.54465e-09, 7.72326e-08
1.50000e+00, 1.52000e+00, 1.51000e+00, 2.58890e-10, 1.29445e-08
1.52000e+00, 1.54000e+00, 1.53000e+00, 4.06272e-11, 2.03136e-09
1.54000e+00, 1.56000e+00, 1.55000e+00, 5.96783e-12, 2.98391e-10
1.56000e+00, 1.58000e+00, 1.57000e+00, 8.20178e-13, 4.10089e-11
1.58000e+00, 1.60000e+00, 1.59000e+00, 1.05389e-13, 5.26945e-12
1.60000e+00, 1.62000e+00, 1.61000e+00, 1.26454e-14, 6.32272e-13
1.62000e+00, 1.64000e+00, 1.63000e+00, 1.41220e-15, 7.06102e-14
1.64000e+00, 1.66000e+00, 1.65000e+00, 1.45439e-16, 7.27196e-15
1.66000e+00, 1.68000e+00, 1.67000e+00, 1.22125e-17, 6.10623e-16
1.68000e+00, 1.70000e+00, 1.69000e+00, 0.00000e+00, 0.00000e+00
1.70000e+00, 1.72000e+00, 1.71000e+00, 0.00000e+00, 0.00000e+00
1.72000e+00, 1.74000e+00, 1.73000e+00, 0.00000e+00, 0.00000e+00
1.74000e+00, 1.76000e+00, 1.75000e+00, 0.00000e+00, 0.00000e+00
1.76000e+00, 1.78000e+00, 1.77000e+00, 0.00000e+00, 0.00000e+00
1.78000e+00, 1.80000e+00, 1.79000e+00, 0.00000e+00, 0.00000e+00
1.80000e+00, 1.82000e+00, 1.81000e+00, 0.00000e+00, 0.00000e+00
1.82000e+00, 1.84000e+00, 1.83000e+00, 0.00000e+00, 0.00000e+00
1.84000e+00, 1.86000e+00, 1.85000e+00, 0.00000e+00, 0.00000e+00
1.86000e+00, 1.88000e+00, 1.87000e+00, 0.00000e+00, 0.00000e+00
1.88000e+00, 1.90000e+00, 1.89000e+00, 0.00000e+00, 0.00000e+00
1.90000e+00, 1.92000e+00, 1.91000e+00, 0.00000e+00, 0.00000e+00
1.92000e+00, 1.94000e+00, 1.93000e+00, 0.00000e+00, 0.00000e+00
1.94000e+00, 1.96000e+00, 1.95000e+00, 0.00000e+00, 0.00000e+00
1.96000e+00, 1.98000e+00, 1.97000e+00, 0.00000e+00, 0.00000e+00
1.98000e+00, 2.00000e+00, 1.99000e+00, 0.00000e+00, 0.00000e+00
