# time = 7.400000000000000e-01# start, end, pivot, particles, density
0.00000e+00, 2.00000e-02, 1.00000e-02, 0.00000e+00, 0.00000e+00
2.00000e-02, 4.00000e-02, 3.00000e-02, 0.00000e+00, 0.00000e+00
4.00000e-02, 6.00000e-02, 5.00000e-02, 0.00000e+00, 0.00000e+00
6.00000e-02, 8.00000e-02, 7.00000e-02, 0.00000e+00, 0.00000e+00
8.00000e-02, 1.00000e-01, 9.00000e-02, 0.00000e+00, 0.00000e+00
1.00000e-01, 1.20000e-01, 1.10000e-01, 0.00000e+00, 0.00000e+00
1.20000e-01, 1.40000e-01, 1.30000e-01, 0.00000e+00, 0.00000e+00
1.40000e-01, 1.60000e-01, 1.50000e-01, 0.00000e+00, 0.00000e+00
1.60000e-01, 1.80000e-01, 1.70000e-01, 0.00000e+00, 0.00000e+00
1.80000e-01, 2.00000e-01, 1.90000e-01, 0.00000e+00, 0.00000e+00
2.00000e-01, 2.20000e-01, 2.10000e-01, 0.00000e+00, 0.00000e+00
2.20000e-01, 2.40000e-01, 2.30000e-01, 0.00000e+00, 0.00000e+00
2.40000e-01, 2.60000e-01, 2.50000e-01, 0.00000e+00, 0.00000e+00
2.60000e-01, 2.80000e-01, 2.70000e-01, 0.00000e+00, 0.00000e+00
2.80000e-01, 3.00000e-01, 2.90000e-01, 0.00000e+00, 0.00000e+00
3.00000e-01, 3.20000e-01, 3.10000e-01, 0.00000e+00, 0.00000e+00
3.20000e-01, 3.40000e-01, 3.30000e-01, 0.00000e+00, 0.00000e+00
3.40000e-01, 3.60000e-01, 3.50000e-01, 0.00000e+00, 0.00000e+00
3.60000e-01, 3.80000e-01, 3.70000e-01, 0.00000e+00, 0.00000e+00
3.80000e-01, 4.00000e-01, 3.90000e-01, 0.00000e+00, 0.00000e+00
4.00000e-01, 4.20000e-01, 4.10000e-01, 0.00000e+00, 0.00000e+00
4.20000e-01, 4.40000e-01, 4.30000e-01, 0.00000e+00, 0.00000e+00
4.40000e-01, 4.60000e-01, 4.50000e-01, 0.00000e+00, 0.00000e+00
4.60000e-01, 4.80000e-01, 4.70000e-01, 0.00000e+00, 0.00000e+00
4.80000e-01, 5.00000e-01, 4.90000e-01, 0.00000e+00, 0.00000e+00
5.00000e-01, 5.20000e-01, 5.10000e-01, 9.74245e-02, 4.87123e+00
5.20000e-01, 5.40000e-01, 5.30000e-01, 8.08879e-02, 4.04439e+00
5.40000e-01, 5.60000e-01, 5.50000e-01, 0.00000e+00, 0.00000e+00
5.60000e-01, 5.80000e-01, 5.70000e-01, 4.07313e-03, 2.03657e-01
5.80000e-01, 6.00000e-01, 5.90000e-01, 2.90699e-01, 1.45350e+01
6.00000e-01, 6.20000e-01, 6.10000e-01, 2.58663e-01, 1.29331e+01
6.20000e-01, 6.40000e-01, 6.30000e-01, 2.83542e-02, 1.41771e+00
6.40000e-01, 6.60000e-01, 6.50000e-01, 0.00000e+00, 0.00000e+00
6.60000e-01, 6.80000e-01, 6.70000e-01, 3.52935e-01, 1.76467e+01
6.80000e-01, 7.00000e-01, 6.90000e-01, 4.61071e-01, 2.30536e+01
7.00000e-01, 7.20000e-01, 7.10000e-01, 1.53056e-01, 7.65278e+00
7.20000e-01, 7.40000e-01, 7.30000e-01, 0.00000e+00, 0.00000e+00
7.40000e-01, 7.60000e-01, 7.50000e-01, 1.72019e-01, 8.60097e+00
7.60000e-01, 7.80000e-01, 7.70000e-01, 5.60175e-01, 2.80088e+01
7.80000e-01, 8.00000e-01, 7.90000e-01, 4.57501e-01, 2.28751e+01
8.00000e-01, 8.20000e-01, 8.10000e-01, 1.17073e-01, 5.85366e+00
8.20000e-01, 8.40000e-01, 8.30000e-01, 0.00000e+00, 0.00000e+00
8.40000e-01, 8.60000e-01, 8.50000e-01, 1.85111e-01, 9.25553e+00
8.60000e-01, 8.80000e-01, 8.70000e-01, 5.84857e-01, 2.92429e+01
8.80000e-01, 9.00000e-01, 8.90000e-01, 5.62562e-01, 2.81281e+01
9.00000e-01, 9.20000e-01, 9.10000e-01, 2.46370e-01, 1.23185e+01
9.20000e-01, 9.40000e-01, 9.30000e-01, 2.52025e-02, 1.26012e+00
9.40000e-01, 9.60000e-01, 9.50000e-01, 0.00000e+00, 0.00000e+00
9.60000e-01, 9.80000e-01, 9.70000e-01, 2.49541e-01, 1.24771e+01
9.80000e-01, 1.00000e+00, 9.90000e-01, 5.33986e-01, 2.66993e+01
1.00000e+00, 1.02000e+00, 1.01000e+00, 5.07406e-01, 2.53703e+01
1.02000e+00, 1.04000e+00, 1.03000e+00, 2.88693e-01, 1.44346e+01
1.04000e+00, 1.06000e+00, 1.05000e+00, 9.32733e-02, 4.66367e+00
1.06000e+00, 1.08000e+00, 1.07000e+00, 6.37293e-03, 3.18646e-01
1.08000e+00, 1.10000e+00, 1.09000e+00, 0.00000e+00, 0.00000e+00
1.10000e+00, 1.12000e+00, 1.11000e+00, 9.95618e-02, 4.97809e+00
1.12000e+00, 1.14000e+00, 1.13000e+00, 2.28412e-01, 1.14206e+01
1.14000e+00, 1.16000e+00, 1.15000e+00, 2.65755e-01, 1.32878e+01
1.16000e+00, 1.18000e+00, 1.17000e+00, 2.24288e-01, 1.12144e+01
1.18000e+00, 1.20000e+00, 1.19000e+00, 1.53633e-01, 7.68166e+00
1.20000e+00, 1.22000e+00, 1.21000e+00, 8.99309e-02, 4.49655e+00
1.22000e+00, 1.24000e+00, 1.23000e+00, 4.62909e-02, 2.31455e+00
1.24000e+00, 1.26000e+00, 1.25000e+00, 2.13289e-02, 1.06645e+00
1.26000e+00, 1.28000e+00, 1.27000e+00, 8.90262e-03, 4.45131e-01
1.28000e+00, 1.30000e+00, 1.29000e+00, 3.39487e-03, 1.69744e-01
1.30000e+00, 1.32000e+00, 1.31000e+00, 1.19014e-03, 5.95068e-02
1.32000e+00, 1.34000e+00, 1.33000e+00, 3.85385e-04, 1.92692e-02
1.34000e+00, 1.36000e+00, 1.35000e+00, 1.15692e-04, 5.78460e-03
1.36000e+00, 1.38000e+00, 1.37000e+00, 3.22898e-05, 1.61449e-03
1.38000e+00, 1.40000e+00, 1.39000e+00, 8.39759e-06, 4.19880e-04
1.40000e+00, 1.42000e+00, 1.41000e+00, 2.03862e-06, 1.01931e-04
1.42000e+00, 1.44000e+00, 1.43000e+00, 4.62595e-07, 2.31297e-05
1.44000e+00, 1.46000e+00, 1.45000e+00, 9.82197e-08, 4.91099e-06
1.46000e+00, 1.48000e+00, 1.47000e+00, 1.95278e-08, 9.76392e-07
1.48000e+00, 1.50000e+00, 1.49000e+00, 3.63733e-09, 1.81867e-07
1.50000e+00, 1.52000e+00, 1.51000e+00, 6.34897e-10, 3.17448e-08
1.52000e+00, 1.54000e+00, 1.53000e+00, 1.03858e-10, 5.19289e-09
1.54000e+00, 1.56000e+00, 1.55000e+00, 1.59196e-11, 7.95980e-10
1.56000e+00, 1.58000e+00, 1.57000e+00, 2.28579e-12, 1.14289e-10
1.58000e+00, 1.60000e+00, 1.59000e+00, 3.07273e-13, 1.53637e-11
1.60000e+00, 1.62000e+00, 1.61000e+00, 3.86391e-14, 1.93195e-12
1.62000e+00, 1.64000e+00, 1.63000e+00, 4.53637e-15, 2.26819e-13
1.64000e+00, 1.66000e+00, 1.65000e+00, 4.95159e-16, 2.47580e-14
1.66000e+00, 1.68000e+00, 1.67000e+00, 4.88498e-17, 2.44249e-15
1.68000e+00, 1.70000e+00, 1.69000e+00, 3.33067e-18, 1.66533e-16
1.70000e+00, 1.72000e+00, 1.71000e+00, 0.00000e+00, 0.00000e+00
1.72000e+00, 1.74000e+00, 1.73000e+00, 0.00000e+00, 0.00000e+00
1.74000e+00, 1.76000e+00, 1.75000e+00, 0.00000e+00, 0.00000e+00
1.76000e+00, 1.78000e+00, 1.77000e+00, 0.00000e+00, 0.00000e+00
1.78000e+00, 1.80000e+00, 1.79000e+00, 0.00000e+00, 0.00000e+00
1.80000e+00, 1.82000e+00, 1.81000e+00, 0.00000e+00, 0.00000e+00
1.82000e+00, 1.84000e+00, 1.83000e+00, 0.00000e+00, 0.00000e+00
1.84000e+00, 1.86000e+00, 1.85000e+00, 0.00000e+00, 0.00000e+00
1.86000e+00, 1.88000e+00, 1.87000e+00, 0.00000e+00, 0.00000e+00
1.88000e+00, 1.90000e+00, 1.89000e+00, 0.00000e+00, 0.00000e+00
1.90000e+00, 1.92000e+00, 1.91000e+00, 0.00000e+00, 0.00000e+00
1.92000e+00, 1.94000e+00, 1.93000e+00, 0.00000e+00, 0.00000e+00
1.94000e+00, 1.96000e+00, 1.95000e+00, 0.00000e+00, 0.00000e+00
1.96000e+00, 1.98000e+00, 1.97000e+00, 0.00000e+00, 0.00000e+00
1.98000e+00, 2.00000e+00, 1.99000e+00, 0.00000e+00, 0.00000e+00
