# time = 2.000000000000000e-01# start, end, pivot, particles, density
0.00000e+00, 2.00000e-02, 1.00000e-02, 0.00000e+00, 0.00000e+00
2.00000e-02, 4.00000e-02, 3.00000e-02, 0.00000e+00, 0.00000e+00
4.00000e-02, 6.00000e-02, 5.00000e-02, 0.00000e+00, 0.00000e+00
6.00000e-02, 8.00000e-02, 7.00000e-02, 0.00000e+00, 0.00000e+00
8.00000e-02, 1.00000e-01, 9.00000e-02, 0.00000e+00, 0.00000e+00
1.00000e-01, 1.20000e-01, 1.10000e-01, 0.00000e+00, 0.00000e+00
1.20000e-01, 1.40000e-01, 1.30000e-01, 0.00000e+00, 0.00000e+00
1.40000e-01, 1.60000e-01, 1.50000e-01, 0.00000e+00, 0.00000e+00
1.60000e-01, 1.80000e-01, 1.70000e-01, 0.00000e+00, 0.00000e+00
1.80000e-01, 2.00000e-01, 1.90000e-01, 0.00000e+00, 0.00000e+00
2.00000e-01, 2.20000e-01, 2.10000e-01, 0.00000e+00, 0.00000e+00
2.20000e-01, 2.40000e-01, 2.30000e-01, 0.00000e+00, 0.00000e+00
2.40000e-01, 2.60000e-01, 2.50000e-01, 1.22321e-02, 6.11606e-01
2.60000e-01, 2.80000e-01, 2.70000e-01, 2.74168e-02, 1.37084e+00
2.80000e-01, 3.00000e-01, 2.90000e-01, 3.57519e-02, 1.78760e+00
3.00000e-01, 3.20000e-01, 3.10000e-01, 3.88833e-02, 1.94417e+00
3.20000e-01, 3.40000e-01, 3.30000e-01, 3.97623e-02, 1.98812e+00
3.40000e-01, 3.60000e-01, 3.50000e-01, 3.99945e-02, 1.99972e+00
3.60000e-01, 3.80000e-01, 3.70000e-01, 3.98034e-02, 1.99017e+00
3.80000e-01, 4.00000e-01, 3.90000e-01, 4.08680e-02, 2.04340e+00
4.00000e-01, 4.20000e-01, 4.10000e-01, 3.69239e-02, 1.84620e+00
4.20000e-01, 4.40000e-01, 4.30000e-01, 4.82805e-02, 2.41402e+00
4.40000e-01, 4.60000e-01, 4.50000e-01, 2.40723e-02, 1.20362e+00
4.60000e-01, 4.80000e-01, 4.70000e-01, 5.83279e-02, 2.91639e+00
4.80000e-01, 5.00000e-01, 4.90000e-01, 3.82345e-02, 1.91173e+00
5.00000e-01, 5.20000e-01, 5.10000e-01, 8.70650e-03, 4.35325e-01
5.20000e-01, 5.40000e-01, 5.30000e-01, 7.83784e-02, 3.91892e+00
5.40000e-01, 5.60000e-01, 5.50000e-01, 5.26144e-02, 2.63072e+00
5.60000e-01, 5.80000e-01, 5.70000e-01, 0.00000e+00, 0.00000e+00
5.80000e-01, 6.00000e-01, 5.90000e-01, 4.52526e-02, 2.26263e+00
6.00000e-01, 6.20000e-01, 6.10000e-01, 1.01129e-01, 5.05643e+00
6.20000e-01, 6.40000e-01, 6.30000e-01, 5.03356e-02, 2.51678e+00
6.40000e-01, 6.60000e-01, 6.50000e-01, 9.88456e-05, 4.94228e-03
6.60000e-01, 6.80000e-01, 6.70000e-01, 6.53818e-03, 3.26909e-01
6.80000e-01, 7.00000e-01, 6.90000e-01, 6.69893e-02, 3.34946e+00
7.00000e-01, 7.20000e-01, 7.10000e-01, 9.52664e-02, 4.76332e+00
7.20000e-01, 7.40000e-01, 7.30000e-01, 7.50956e-02, 3.75478e+00
7.40000e-01, 7.60000e-01, 7.50000e-01, 4.08375e-02, 2.04188e+00
7.60000e-01, 7.80000e-01, 7.70000e-01, 1.66293e-02, 8.31465e-01
7.80000e-01, 8.00000e-01, 7.90000e-01, 5.27283e-03, 2.63641e-01
8.00000e-01, 8.20000e-01, 8.10000e-01, 1.32832e-03, 6.64161e-02
8.20000e-01, 8.40000e-01, 8.30000e-01, 2.68350e-04, 1.34175e-02
8.40000e-01, 8.60000e-01, 8.50000e-01, 4.35495e-05, 2.17748e-03
8.60000e-01, 8.80000e-01, 8.70000e-01, 5.64940e-06, 2.82470e-04
8.80000e-01, 9.00000e-01, 8.90000e-01, 5.78795e-07, 2.89397e-05
9.00000e-01, 9.20000e-01, 9.10000e-01, 4.58506e-08, 2.29253e-06
9.20000e-01, 9.40000e-01, 9.30000e-01, 2.71179e-09, 1.35589e-07
9.40000e-01, 9.60000e-01, 9.50000e-01, 1.12814e-10, 5.64069e-09
9.60000e-01, 9.80000e-01, 9.70000e-01, 2.94676e-12, 1.47338e-10
9.80000e-01, 1.00000e+00, 9.90000e-01, 3.63798e-14, 1.81899e-12
1.00000e+00, 1.02000e+00, 1.01000e+00, 0.00000e+00, 0.00000e+00
1.02000e+00, 1.04000e+00, 1.03000e+00, 0.00000e+00, 0.00000e+00
1.04000e+00, 1.06000e+00, 1.05000e+00, 0.00000e+00, 0.00000e+00
1.06000e+00, 1.08000e+00, 1.07000e+00, 0.00000e+00, 0.00000e+00
1.08000e+00, 1.10000e+00, 1.09000e+00, 0.00000e+00, 0.00000e+00
1.10000e+00, 1.12000e+00, 1.11000e+00, 0.00000e+00, 0.00000e+00
1.12000e+00, 1.14000e+00, 1.13000e+00, 0.00000e+00, 0.00000e+00
1.14000e+00, 1.16000e+00, 1.15000e+00, 0.00000e+00, 0.00000e+00
1.16000e+00, 1.18000e+00, 1.17000e+00, 0.00000e+00, 0.00000e+00
1.18000e+00, 1.20000e+00, 1.19000e+00, 0.00000e+00, 0.00000e+00
1.20000e+00, 1.22000e+00, 1.21000e+00, 0.00000e+00, 0.00000e+00
1.22000e+00, 1.24000e+00, 1.23000e+00, 0.00000e+00, 0.00000e+00
1.24000e+00, 1.26000e+00, 1.25000e+00, 0.00000e+00, 0.00000e+00
1.26000e+00, 1.28000e+00, 1.27000e+00, 0.00000e+00, 0.00000e+00
1.28000e+00, 1.30000e+00, 1.29000e+00, 0.00000e+00, 0.00000e+00
1.30000e+00, 1.32000e+00, 1.31000e+00, 0.00000e+00, 0.00000e+00
1.32000e+00, 1.34000e+00, 1.33000e+00, 0.00000e+00, 0.00000e+00
1.34000e+00, 1.36000e+00, 1.35000e+00, 0.00000e+00, 0.00000e+00
1.36000e+00, 1.38000e+00, 1.37000e+00, 0.00000e+00, 0.00000e+00
1.38000e+00, 1.40000e+00, 1.39000e+00, 0.00000e+00, 0.00000e+00
1.40000e+00, 1.42000e+00, 1.41000e+00, 0.00000e+00, 0.00000e+00
1.42000e+00, 1.44000e+00, 1.43000e+00, 0.00000e+00, 0.00000e+00
1.44000e+00, 1.46000e+00, 1.45000e+00, 0.00000e+00, 0.00000e+00
1.46000e+00, 1.48000e+00, 1.47000e+00, 0.00000e+00, 0.00000e+00
1.48000e+00, 1.50000e+00, 1.49000e+00, 0.00000e+00, 0.00000e+00
1.50000e+00, 1.52000e+00, 1.51000e+00, 0.00000e+00, 0.00000e+00
1.52000e+00, 1.54000e+00, 1.53000e+00, 0.00000e+00, 0.00000e+00
1.54000e+00, 1.56000e+00, 1.55000e+00, 0.00000e+00, 0.00000e+00
1.56000e+00, 1.58000e+00, 1.57000e+00, 0.00000e+00, 0.00000e+00
1.58000e+00, 1.60000e+00, 1.59000e+00, 0.00000e+00, 0.00000e+00
1.60000e+00, 1.62000e+00, 1.61000e+00, 0.00000e+00, 0.00000e+00
1.62000e+00, 1.64000e+00, 1.63000e+00, 0.00000e+00, 0.00000e+00
1.64000e+00, 1.66000e+00, 1.65000e+00, 0.00000e+00, 0.00000e+00
1.66000e+00, 1.68000e+00, 1.67000e+00, 0.00000e+00, 0.00000e+00
1.68000e+00, 1.70000e+00, 1.69000e+00, 0.00000e+00, 0.00000e+00
1.70000e+00, 1.72000e+00, 1.71000e+00, 0.00000e+00, 0.00000e+00
1.72000e+00, 1.74000e+00, 1.73000e+00, 0.00000e+00, 0.00000e+00
1.74000e+00, 1.76000e+00, 1.75000e+00, 0.00000e+00, 0.00000e+00
1.76000e+00, 1.78000e+00, 1.77000e+00, 0.00000e+00, 0.00000e+00
1.78000e+00, 1.80000e+00, 1.79000e+00, 0.00000e+00, 0.00000e+00
1.80000e+00, 1.82000e+00, 1.81000e+00, 0.00000e+00, 0.00000e+00
1.82000e+00, 1.84000e+00, 1.83000e+00, 0.00000e+00, 0.00000e+00
1.84000e+00, 1.86000e+00, 1.85000e+00, 0.00000e+00, 0.00000e+00
1.86000e+00, 1.88000e+00, 1.87000e+00, 0.00000e+00, 0.00000e+00
1.88000e+00, 1.90000e+00, 1.89000e+00, 0.00000e+00, 0.00000e+00
1.90000e+00, 1.92000e+00, 1.91000e+00, 0.00000e+00, 0.00000e+00
1.92000e+00, 1.94000e+00, 1.93000e+00, 0.00000e+00, 0.00000e+00
1.94000e+00, 1.96000e+00, 1.95000e+00, 0.00000e+00, 0.00000e+00
1.96000e+00, 1.98000e+00, 1.97000e+00, 0.00000e+00, 0.00000e+00
1.98000e+00, 2.00000e+00, 1.99000e+00, 0.00000e+00, 0.00000e+00
