# time = 7.999999999999999e-01# start, end, pivot, particles, density
0.00000e+00, 2.00000e-02, 1.00000e-02, 0.00000e+00, 0.00000e+00
2.00000e-02, 4.00000e-02, 3.00000e-02, 0.00000e+00, 0.00000e+00
4.00000e-02, 6.00000e-02, 5.00000e-02, 0.00000e+00, 0.00000e+00
6.00000e-02, 8.00000e-02, 7.00000e-02, 0.00000e+00, 0.00000e+00
8.00000e-02, 1.00000e-01, 9.00000e-02, 0.00000e+00, 0.00000e+00
1.00000e-01, 1.20000e-01, 1.10000e-01, 6.03645e-48, 3.01823e-46
1.20000e-01, 1.40000e-01, 1.30000e-01, 2.66208e-45, 1.33104e-43
1.40000e-01, 1.60000e-01, 1.50000e-01, 5.73711e-43, 2.86855e-41
1.60000e-01, 1.80000e-01, 1.70000e-01, 8.05205e-41, 4.02602e-39
1.80000e-01, 2.00000e-01, 1.90000e-01, 8.27507e-39, 4.13753e-37
2.00000e-01, 2.20000e-01, 2.10000e-01, 6.63839e-37, 3.31919e-35
2.20000e-01, 2.40000e-01, 2.30000e-01, 4.32755e-35, 2.16377e-33
2.40000e-01, 2.60000e-01, 2.50000e-01, 2.35648e-33, 1.17824e-31
2.60000e-01, 2.80000e-01, 2.70000e-01, 1.09342e-31, 5.46711e-30
2.80000e-01, 3.00000e-01, 2.90000e-01, 4.38877e-30, 2.19438e-28
3.00000e-01, 3.20000e-01, 3.10000e-01, 1.54169e-28, 7.70843e-27
3.20000e-01, 3.40000e-01, 3.30000e-01, 4.78373e-27, 2.39186e-25
3.40000e-01, 3.60000e-01, 3.50000e-01, 1.32097e-25, 6.60483e-24
3.60000e-01, 3.80000e-01, 3.70000e-01, 3.26595e-24, 1.63298e-22
3.80000e-01, 4.00000e-01, 3.90000e-01, 7.26585e-23, 3.63292e-21
4.00000e-01, 4.20000e-01, 4.10000e-01, 1.46051e-21, 7.30255e-20
4.20000e-01, 4.40000e-01, 4.30000e-01, 2.66153e-20, 1.33077e-18
4.40000e-01, 4.60000e-01, 4.50000e-01, 4.40930e-19, 2.20465e-17
4.60000e-01, 4.80000e-01, 4.70000e-01, 6.65564e-18, 3.32782e-16
4.80000e-01, 5.00000e-01, 4.90000e-01, 9.16991e-17, 4.58495e-15
5.00000e-01, 5.20000e-01, 5.10000e-01, 1.15474e-15, 5.77371e-14
5.20000e-01, 5.40000e-01, 5.30000e-01, 1.33038e-14, 6.65190e-13
5.40000e-01, 5.60000e-01, 5.50000e-01, 1.40317e-13, 7.01584e-12
5.60000e-01, 5.80000e-01, 5.70000e-01, 1.35522e-12, 6.77612e-11
5.80000e-01, 6.00000e-01, 5.90000e-01, 1.19857e-11, 5.99283e-10
6.00000e-01, 6.20000e-01, 6.10000e-01, 9.70291e-11, 4.85146e-09
6.20000e-01, 6.40000e-01, 6.30000e-01, 7.18501e-10, 3.59250e-08
6.40000e-01, 6.60000e-01, 6.50000e-01, 4.86164e-09, 2.43082e-07
6.60000e-01, 6.80000e-01, 6.70000e-01, 3.00164e-08, 1.50082e-06
6.80000e-01, 7.00000e-01, 6.90000e-01, 1.68802e-07, 8.44008e-06
7.00000e-01, 7.20000e-01, 7.10000e-01, 8.62727e-07, 4.31363e-05
7.20000e-01, 7.40000e-01, 7.30000e-01, 3.99658e-06, 1.99829e-04
7.40000e-01, 7.60000e-01, 7.50000e-01, 1.67279e-05, 8.36394e-04
7.60000e-01, 7.80000e-01, 7.70000e-01, 6.30235e-05, 3.15117e-03
7.80000e-01, 8.00000e-01, 7.90000e-01, 2.12803e-04, 1.06402e-02
8.00000e-01, 8.20000e-01, 8.10000e-01, 6.40746e-04, 3.20373e-02
8.20000e-01, 8.40000e-01, 8.30000e-01, 1.71060e-03, 8.55301e-02
8.40000e-01, 8.60000e-01, 8.50000e-01, 4.02381e-03, 2.01190e-01
8.60000e-01, 8.80000e-01, 8.70000e-01, 8.28497e-03, 4.14248e-01
8.80000e-01, 9.00000e-01, 8.90000e-01, 1.48406e-02, 7.42030e-01
9.00000e-01, 9.20000e-01, 9.10000e-01, 2.30352e-02, 1.15176e+00
9.20000e-01, 9.40000e-01, 9.30000e-01, 3.10298e-02, 1.55149e+00
9.40000e-01, 9.60000e-01, 9.50000e-01, 3.67403e-02, 1.83702e+00
9.60000e-01, 9.80000e-01, 9.70000e-01, 3.93964e-02, 1.96982e+00
9.80000e-01, 1.00000e+00, 9.90000e-01, 4.00000e-02, 2.00000e+00
1.00000e+00, 1.02000e+00, 1.01000e+00, 4.00000e-02, 2.00000e+00
1.02000e+00, 1.04000e+00, 1.03000e+00, 4.00000e-02, 2.00000e+00
1.04000e+00, 1.06000e+00, 1.05000e+00, 4.00000e-02, 2.00000e+00
1.06000e+00, 1.08000e+00, 1.07000e+00, 4.00000e-02, 2.00000e+00
1.08000e+00, 1.10000e+00, 1.09000e+00, 4.00000e-02, 2.00000e+00
1.10000e+00, 1.12000e+00, 1.11000e+00, 4.00000e-02, 2.00000e+00
1.12000e+00, 1.14000e+00, 1.13000e+00, 4.00000e-02, 2.00000e+00
1.14000e+00, 1.16000e+00, 1.15000e+00, 4.00000e-02, 2.00000e+00
1.16000e+00, 1.18000e+00, 1.17000e+00, 4.00000e-02, 2.00000e+00
1.18000e+00, 1.20000e+00, 1.19000e+00, 3.99998e-02, 1.99999e+00
1.20000e+00, 1.22000e+00, 1.21000e+00, 3.99991e-02, 1.99996e+00
1.22000e+00, 1.24000e+00, 1.23000e+00, 3.99960e-02, 1.99980e+00
1.24000e+00, 1.26000e+00, 1.25000e+00, 3.99833e-02, 1.99916e+00
1.26000e+00, 1.28000e+00, 1.27000e+00, 3.99370e-02, 1.99685e+00
1.28000e+00, 1.30000e+00, 1.29000e+00, 3.97872e-02, 1.98936e+00
1.30000e+00, 1.32000e+00, 1.31000e+00, 3.93593e-02, 1.96796e+00
1.32000e+00, 1.34000e+00, 1.33000e+00, 3.82894e-02, 1.91447e+00
1.34000e+00, 1.36000e+00, 1.35000e+00, 3.59762e-02, 1.79881e+00
1.36000e+00, 1.38000e+00, 1.37000e+00, 3.17150e-02, 1.58575e+00
1.38000e+00, 1.40000e+00, 1.39000e+00, 2.51594e-02, 1.25797e+00
1.40000e+00, 1.42000e+00, 1.41000e+00, 1.69648e-02, 8.48242e-01
1.42000e+00, 1.44000e+00, 1.43000e+00, 8.97017e-03, 4.48508e-01
1.44000e+00, 1.46000e+00, 1.45000e+00, 3.25968e-03, 1.62984e-01
1.46000e+00, 1.48000e+00, 1.47000e+00, 6.03645e-04, 3.01823e-02
1.48000e+00, 1.50000e+00, 1.49000e+00, 0.00000e+00, 0.00000e+00
1.50000e+00, 1.52000e+00, 1.51000e+00, 0.00000e+00, 0.00000e+00
1.52000e+00, 1.54000e+00, 1.53000e+00, 0.00000e+00, 0.00000e+00
1.54000e+00, 1.56000e+00, 1.55000e+00, 0.00000e+00, 0.00000e+00
1.56000e+00, 1.58000e+00, 1.57000e+00, 0.00000e+00, 0.00000e+00
1.58000e+00, 1.60000e+00, 1.59000e+00, 0.00000e+00, 0.00000e+00
1.60000e+00, 1.62000e+00, 1.61000e+00, 0.00000e+00, 0.00000e+00
1.62000e+00, 1.64000e+00, 1.63000e+00, 0.00000e+00, 0.00000e+00
1.64000e+00, 1.66000e+00, 1.65000e+00, 0.00000e+00, 0.00000e+00
1.66000e+00, 1.68000e+00, 1.67000e+00, 0.00000e+00, 0.00000e+00
1.68000e+00, 1.70000e+00, 1.69000e+00, 0.00000e+00, 0.00000e+00
1.70000e+00, 1.72000e+00, 1.71000e+00, 0.00000e+00, 0.00000e+00
1.72000e+00, 1.74000e+00, 1.73000e+00, 0.00000e+00, 0.00000e+00
1.74000e+00, 1.76000e+00, 1.75000e+00, 0.00000e+00, 0.00000e+00
1.76000e+00, 1.78000e+00, 1.77000e+00, 0.00000e+00, 0.00000e+00
1.78000e+00, 1.80000e+00, 1.79000e+00, 0.00000e+00, 0.00000e+00
1.80000e+00, 1.82000e+00, 1.81000e+00, 0.00000e+00, 0.00000e+00
1.82000e+00, 1.84000e+00, 1.83000e+00, 0.00000e+00, 0.00000e+00
1.84000e+00, 1.86000e+00, 1.85000e+00, 0.00000e+00, 0.00000e+00
1.86000e+00, 1.88000e+00, 1.87000e+00, 0.00000e+00, 0.00000e+00
1.88000e+00, 1.90000e+00, 1.89000e+00, 0.00000e+00, 0.00000e+00
1.90000e+00, 1.92000e+00, 1.91000e+00, 0.00000e+00, 0.00000e+00
1.92000e+00, 1.94000e+00, 1.93000e+00, 0.00000e+00, 0.00000e+00
1.94000e+00, 1.96000e+00, 1.95000e+00, 0.00000e+00, 0.00000e+00
1.96000e+00, 1.98000e+00, 1.97000e+00, 0.00000e+00, 0.00000e+00
1.98000e+00, 2.00000e+00, 1.99000e+00, 0.00000e+00, 0.00000e+00
