# time = 9.272727272727272e-01# start, end, pivot, particles, density
0.00000e+00, 2.00000e-02, 1.00000e-02, 0.00000e+00, 0.00000e+00
2.00000e-02, 4.00000e-02, 3.00000e-02, 0.00000e+00, 0.00000e+00
4.00000e-02, 6.00000e-02, 5.00000e-02, 0.00000e+00, 0.00000e+00
6.00000e-02, 8.00000e-02, 7.00000e-02, 0.00000e+00, 0.00000e+00
8.00000e-02, 1.00000e-01, 9.00000e-02, 0.00000e+00, 0.00000e+00
1.00000e-01, 1.20000e-01, 1.10000e-01, 0.00000e+00, 0.00000e+00
1.20000e-01, 1.40000e-01, 1.30000e-01, 0.00000e+00, 0.00000e+00
1.40000e-01, 1.60000e-01, 1.50000e-01, 0.00000e+00, 0.00000e+00
1.60000e-01, 1.80000e-01, 1.70000e-01, 0.00000e+00, 0.00000e+00
1.80000e-01, 2.00000e-01, 1.90000e-01, 0.00000e+00, 0.00000e+00
2.00000e-01, 2.20000e-01, 2.10000e-01, 0.00000e+00, 0.00000e+00
2.20000e-01, 2.40000e-01, 2.30000e-01, 0.00000e+00, 0.00000e+00
2.40000e-01, 2.60000e-01, 2.50000e-01, 0.00000e+00, 0.00000e+00
2.60000e-01, 2.80000e-01, 2.70000e-01, 0.00000e+00, 0.00000e+00
2.80000e-01, 3.00000e-01, 2.90000e-01, 0.00000e+00, 0.00000e+00
3.00000e-01, 3.20000e-01, 3.10000e-01, 0.00000e+00, 0.00000e+00
3.20000e-01, 3.40000e-01, 3.30000e-01, 0.00000e+00, 0.00000e+00
3.40000e-01, 3.60000e-01, 3.50000e-01, 0.00000e+00, 0.00000e+00
3.60000e-01, 3.80000e-01, 3.70000e-01, 0.00000e+00, 0.00000e+00
3.80000e-01, 4.00000e-01, 3.90000e-01, 0.00000e+00, 0.00000e+00
4.00000e-01, 4.20000e-01, 4.10000e-01, 0.00000e+00, 0.00000e+00
4.20000e-01, 4.40000e-01, 4.30000e-01, 0.00000e+00, 0.00000e+00
4.40000e-01, 4.60000e-01, 4.50000e-01, 0.00000e+00, 0.00000e+00
4.60000e-01, 4.80000e-01, 4.70000e-01, 0.00000e+00, 0.00000e+00
4.80000e-01, 5.00000e-01, 4.90000e-01, 0.00000e+00, 0.00000e+00
5.00000e-01, 5.20000e-01, 5.10000e-01, 0.00000e+00, 0.00000e+00
5.20000e-01, 5.40000e-01, 5.30000e-01, 0.00000e+00, 0.00000e+00
5.40000e-01, 5.60000e-01, 5.50000e-01, 9.09771e-01, 4.54886e+01
5.60000e-01, 5.80000e-01, 5.70000e-01, 6.88739e-01, 3.44369e+01
5.80000e-01, 6.00000e-01, 5.90000e-01, 0.00000e+00, 0.00000e+00
6.00000e-01, 6.20000e-01, 6.10000e-01, 0.00000e+00, 0.00000e+00
6.20000e-01, 6.40000e-01, 6.30000e-01, 2.83280e+00, 1.41640e+02
6.40000e-01, 6.60000e-01, 6.50000e-01, 3.42893e+00, 1.71447e+02
6.60000e-01, 6.80000e-01, 6.70000e-01, 8.73098e-01, 4.36549e+01
6.80000e-01, 7.00000e-01, 6.90000e-01, 0.00000e+00, 0.00000e+00
7.00000e-01, 7.20000e-01, 7.10000e-01, 2.27818e+00, 1.13909e+02
7.20000e-01, 7.40000e-01, 7.30000e-01, 6.39549e+00, 3.19775e+02
7.40000e-01, 7.60000e-01, 7.50000e-01, 3.43400e+00, 1.71700e+02
7.60000e-01, 7.80000e-01, 7.70000e-01, 0.00000e+00, 0.00000e+00
7.80000e-01, 8.00000e-01, 7.90000e-01, 0.00000e+00, 0.00000e+00
8.00000e-01, 8.20000e-01, 8.10000e-01, 8.06406e+00, 4.03203e+02
8.20000e-01, 8.40000e-01, 8.30000e-01, 8.48800e+00, 4.24400e+02
8.40000e-01, 8.60000e-01, 8.50000e-01, 2.83131e+00, 1.41566e+02
8.60000e-01, 8.80000e-01, 8.70000e-01, 0.00000e+00, 0.00000e+00
8.80000e-01, 9.00000e-01, 8.90000e-01, 0.00000e+00, 0.00000e+00
9.00000e-01, 9.20000e-01, 9.10000e-01, 9.27005e+00, 4.63502e+02
9.20000e-01, 9.40000e-01, 9.30000e-01, 1.13409e+01, 5.67045e+02
9.40000e-01, 9.60000e-01, 9.50000e-01, 5.53888e+00, 2.76944e+02
9.60000e-01, 9.80000e-01, 9.70000e-01, 9.84517e-01, 4.92259e+01
9.80000e-01, 1.00000e+00, 9.90000e-01, 0.00000e+00, 0.00000e+00
1.00000e+00, 1.02000e+00, 1.01000e+00, 1.97537e+00, 9.87684e+01
1.02000e+00, 1.04000e+00, 1.03000e+00, 1.05649e+01, 5.28244e+02
1.04000e+00, 1.06000e+00, 1.05000e+00, 1.07679e+01, 5.38396e+02
1.06000e+00, 1.08000e+00, 1.07000e+00, 5.67318e+00, 2.83659e+02
1.08000e+00, 1.10000e+00, 1.09000e+00, 1.60945e+00, 8.04724e+01
1.10000e+00, 1.12000e+00, 1.11000e+00, 1.01405e-01, 5.07024e+00
1.12000e+00, 1.14000e+00, 1.13000e+00, 0.00000e+00, 0.00000e+00
1.14000e+00, 1.16000e+00, 1.15000e+00, 1.45934e+00, 7.29669e+01
1.16000e+00, 1.18000e+00, 1.17000e+00, 4.62756e+00, 2.31378e+02
1.18000e+00, 1.20000e+00, 1.19000e+00, 4.73592e+00, 2.36796e+02
1.20000e+00, 1.22000e+00, 1.21000e+00, 3.14726e+00, 1.57363e+02
1.22000e+00, 1.24000e+00, 1.23000e+00, 1.59965e+00, 7.99824e+01
1.24000e+00, 1.26000e+00, 1.25000e+00, 6.64350e-01, 3.32175e+01
1.26000e+00, 1.28000e+00, 1.27000e+00, 2.33071e-01, 1.16536e+01
1.28000e+00, 1.30000e+00, 1.29000e+00, 7.03733e-02, 3.51867e+00
1.30000e+00, 1.32000e+00, 1.31000e+00, 1.84893e-02, 9.24463e-01
1.32000e+00, 1.34000e+00, 1.33000e+00, 4.25371e-03, 2.12685e-01
1.34000e+00, 1.36000e+00, 1.35000e+00, 8.59666e-04, 4.29833e-02
1.36000e+00, 1.38000e+00, 1.37000e+00, 1.52738e-04, 7.63690e-03
1.38000e+00, 1.40000e+00, 1.39000e+00, 2.38280e-05, 1.19140e-03
1.40000e+00, 1.42000e+00, 1.41000e+00, 3.25385e-06, 1.62693e-04
1.42000e+00, 1.44000e+00, 1.43000e+00, 3.86961e-07, 1.93480e-05
1.44000e+00, 1.46000e+00, 1.45000e+00, 3.97843e-08, 1.98921e-06
1.46000e+00, 1.48000e+00, 1.47000e+00, 3.50070e-09, 1.75035e-07
1.48000e+00, 1.50000e+00, 1.49000e+00, 2.60041e-10, 1.30021e-08
1.50000e+00, 1.52000e+00, 1.51000e+00, 1.60029e-11, 8.00144e-10
1.52000e+00, 1.54000e+00, 1.53000e+00, 7.94472e-13, 3.97236e-11
1.54000e+00, 1.56000e+00, 1.55000e+00, 3.05937e-14, 1.52969e-12
1.56000e+00, 1.58000e+00, 1.57000e+00, 8.57900e-16, 4.28950e-14
1.58000e+00, 1.60000e+00, 1.59000e+00, 1.41301e-17, 7.06506e-16
1.60000e+00, 1.62000e+00, 1.61000e+00, 0.00000e+00, 0.00000e+00
1.62000e+00, 1.64000e+00, 1.63000e+00, 0.00000e+00, 0.00000e+00
1.64000e+00, 1.66000e+00, 1.65000e+00, 0.00000e+00, 0.00000e+00
1.66000e+00, 1.68000e+00, 1.67000e+00, 0.00000e+00, 0.00000e+00
1.68000e+00, 1.70000e+00, 1.69000e+00, 0.00000e+00, 0.00000e+00
1.70000e+00, 1.72000e+00, 1.71000e+00, 0.00000e+00, 0.00000e+00
1.72000e+00, 1.74000e+00, 1.73000e+00, 0.00000e+00, 0.00000e+00
1.74000e+00, 1.76000e+00, 1.75000e+00, 0.00000e+00, 0.00000e+00
1.76000e+00, 1.78000e+00, 1.77000e+00, 0.00000e+00, 0.00000e+00
1.78000e+00, 1.80000e+00, 1.79000e+00, 0.00000e+00, 0.00000e+00
1.80000e+00, 1.82000e+00, 1.81000e+00, 0.00000e+00, 0.00000e+00
1.82000e+00, 1.84000e+00, 1.83000e+00, 0.00000e+00, 0.00000e+00
1.84000e+00, 1.86000e+00, 1.85000e+00, 0.00000e+00, 0.00000e+00
1.86000e+00, 1.88000e+00, 1.87000e+00, 0.00000e+00, 0.00000e+00
1.88000e+00, 1.90000e+00, 1.89000e+00, 0.00000e+00, 0.00000e+00
1.90000e+00, 1.92000e+00, 1.91000e+00, 0.00000e+00, 0.00000e+00
1.92000e+00, 1.94000e+00, 1.93000e+00, 0.00000e+00, 0.00000e+00
1.94000e+00, 1.96000e+00, 1.95000e+00, 0.00000e+00, 0.00000e+00
1.96000e+00, 1.98000e+00, 1.97000e+00, 0.00000e+00, 0.00000e+00
1.98000e+00, 2.00000e+00, 1.99000e+00, 0.00000e+00, 0.00000e+00
