# time = 9.454545454545454e-01# start, end, pivot, particles, density
0.00000e+00, 2.00000e-02, 1.00000e-02, 0.00000e+00, 0.00000e+00
2.00000e-02, 4.00000e-02, 3.00000e-02, 0.00000e+00, 0.00000e+00
4.00000e-02, 6.00000e-02, 5.00000e-02, 0.00000e+00, 0.00000e+00
6.00000e-02, 8.00000e-02, 7.00000e-02, 0.00000e+00, 0.00000e+00
8.00000e-02, 1.00000e-01, 9.00000e-02, 0.00000e+00, 0.00000e+00
1.00000e-01, 1.20000e-01, 1.10000e-01, 0.00000e+00, 0.00000e+00
1.20000e-01, 1.40000e-01, 1.30000e-01, 0.00000e+00, 0.00000e+00
1.40000e-01, 1.60000e-01, 1.50000e-01, 0.00000e+00, 0.00000e+00
1.60000e-01, 1.80000e-01, 1.70000e-01, 0.00000e+00, 0.00000e+00
1.80000e-01, 2.00000e-01, 1.90000e-01, 0.00000e+00, 0.00000e+00
2.00000e-01, 2.20000e-01, 2.10000e-01, 0.00000e+00, 0.00000e+00
2.20000e-01, 2.40000e-01, 2.30000e-01, 0.00000e+00, 0.00000e+00
2.40000e-01, 2.60000e-01, 2.50000e-01, 0.00000e+00, 0.00000e+00
2.60000e-01, 2.80000e-01, 2.70000e-01, 0.00000e+00, 0.00000e+00
2.80000e-01, 3.00000e-01, 2.90000e-01, 0.00000e+00, 0.00000e+00
3.00000e-01, 3.20000e-01, 3.10000e-01, 0.00000e+00, 0.00000e+00
3.20000e-01, 3.40000e-01, 3.30000e-01, 0.00000e+00, 0.00000e+00
3.40000e-01, 3.60000e-01, 3.50000e-01, 0.00000e+00, 0.00000e+00
3.60000e-01, 3.80000e-01, 3.70000e-01, 0.00000e+00, 0.00000e+00
3.80000e-01, 4.00000e-01, 3.90000e-01, 0.00000e+00, 0.00000e+00
4.00000e-01, 4.20000e-01, 4.10000e-01, 0.00000e+00, 0.00000e+00
4.20000e-01, 4.40000e-01, 4.30000e-01, 0.00000e+00, 0.00000e+00
4.40000e-01, 4.60000e-01, 4.50000e-01, 0.00000e+00, 0.00000e+00
4.60000e-01, 4.80000e-01, 4.70000e-01, 0.00000e+00, 0.00000e+00
4.80000e-01, 5.00000e-01, 4.90000e-01, 0.00000e+00, 0.00000e+00
5.00000e-01, 5.20000e-01, 5.10000e-01, 0.00000e+00, 0.00000e+00
5.20000e-01, 5.40000e-01, 5.30000e-01, 0.00000e+00, 0.00000e+00
5.40000e-01, 5.60000e-01, 5.50000e-01, 5.96708e-01, 2.98354e+01
5.60000e-01, 5.80000e-01, 5.70000e-01, 1.10227e+00, 5.51136e+01
5.80000e-01, 6.00000e-01, 5.90000e-01, 3.13063e-01, 1.56532e+01
6.00000e-01, 6.20000e-01, 6.10000e-01, 0.00000e+00, 0.00000e+00
6.20000e-01, 6.40000e-01, 6.30000e-01, 1.27419e+00, 6.37097e+01
6.40000e-01, 6.60000e-01, 6.50000e-01, 4.31971e+00, 2.15985e+02
6.60000e-01, 6.80000e-01, 6.70000e-01, 2.43170e+00, 1.21585e+02
6.80000e-01, 7.00000e-01, 6.90000e-01, 0.00000e+00, 0.00000e+00
7.00000e-01, 7.20000e-01, 7.10000e-01, 0.00000e+00, 0.00000e+00
7.20000e-01, 7.40000e-01, 7.30000e-01, 5.87012e+00, 2.93506e+02
7.40000e-01, 7.60000e-01, 7.50000e-01, 6.34105e+00, 3.17052e+02
7.60000e-01, 7.80000e-01, 7.70000e-01, 1.56091e+00, 7.80455e+01
7.80000e-01, 8.00000e-01, 7.90000e-01, 0.00000e+00, 0.00000e+00
8.00000e-01, 8.20000e-01, 8.10000e-01, 4.20588e+00, 2.10294e+02
8.20000e-01, 8.40000e-01, 8.30000e-01, 1.08665e+01, 5.43326e+02
8.40000e-01, 8.60000e-01, 8.50000e-01, 6.68950e+00, 3.34475e+02
8.60000e-01, 8.80000e-01, 8.70000e-01, 1.28696e+00, 6.43480e+01
8.80000e-01, 9.00000e-01, 8.90000e-01, 0.00000e+00, 0.00000e+00
9.00000e-01, 9.20000e-01, 9.10000e-01, 4.11510e+00, 2.05755e+02
9.20000e-01, 9.40000e-01, 9.30000e-01, 1.30369e+01, 6.51844e+02
9.40000e-01, 9.60000e-01, 9.50000e-01, 1.02463e+01, 5.12316e+02
9.60000e-01, 9.80000e-01, 9.70000e-01, 3.50219e+00, 1.75110e+02
9.80000e-01, 1.00000e+00, 9.90000e-01, 0.00000e+00, 0.00000e+00
1.00000e+00, 1.02000e+00, 1.01000e+00, 0.00000e+00, 0.00000e+00
1.02000e+00, 1.04000e+00, 1.03000e+00, 6.56827e+00, 3.28414e+02
1.04000e+00, 1.06000e+00, 1.05000e+00, 1.29914e+01, 6.49571e+02
1.06000e+00, 1.08000e+00, 1.07000e+00, 9.83612e+00, 4.91806e+02
1.08000e+00, 1.10000e+00, 1.09000e+00, 4.14208e+00, 2.07104e+02
1.10000e+00, 1.12000e+00, 1.11000e+00, 8.32972e-01, 4.16486e+01
1.12000e+00, 1.14000e+00, 1.13000e+00, 0.00000e+00, 0.00000e+00
1.14000e+00, 1.16000e+00, 1.15000e+00, 0.00000e+00, 0.00000e+00
1.16000e+00, 1.18000e+00, 1.17000e+00, 3.13821e+00, 1.56910e+02
1.18000e+00, 1.20000e+00, 1.19000e+00, 5.40879e+00, 2.70439e+02
1.20000e+00, 1.22000e+00, 1.21000e+00, 4.57283e+00, 2.28642e+02
1.22000e+00, 1.24000e+00, 1.23000e+00, 2.72824e+00, 1.36412e+02
1.24000e+00, 1.26000e+00, 1.25000e+00, 1.28552e+00, 6.42761e+01
1.26000e+00, 1.28000e+00, 1.27000e+00, 5.03060e-01, 2.51530e+01
1.28000e+00, 1.30000e+00, 1.29000e+00, 1.67911e-01, 8.39553e+00
1.30000e+00, 1.32000e+00, 1.31000e+00, 4.85436e-02, 2.42718e+00
1.32000e+00, 1.34000e+00, 1.33000e+00, 1.22672e-02, 6.13358e-01
1.34000e+00, 1.36000e+00, 1.35000e+00, 2.72374e-03, 1.36187e-01
1.36000e+00, 1.38000e+00, 1.37000e+00, 5.32664e-04, 2.66332e-02
1.38000e+00, 1.40000e+00, 1.39000e+00, 9.17754e-05, 4.58877e-03
1.40000e+00, 1.42000e+00, 1.41000e+00, 1.39089e-05, 6.95445e-04
1.42000e+00, 1.44000e+00, 1.43000e+00, 1.84790e-06, 9.23951e-05
1.44000e+00, 1.46000e+00, 1.45000e+00, 2.14084e-07, 1.07042e-05
1.46000e+00, 1.48000e+00, 1.47000e+00, 2.14663e-08, 1.07331e-06
1.48000e+00, 1.50000e+00, 1.49000e+00, 1.84400e-09, 9.21998e-08
1.50000e+00, 1.52000e+00, 1.51000e+00, 1.33842e-10, 6.69212e-09
1.52000e+00, 1.54000e+00, 1.53000e+00, 8.05461e-12, 4.02730e-10
1.54000e+00, 1.56000e+00, 1.55000e+00, 3.91327e-13, 1.95664e-11
1.56000e+00, 1.58000e+00, 1.57000e+00, 1.47579e-14, 7.37895e-13
1.58000e+00, 1.60000e+00, 1.59000e+00, 4.03717e-16, 2.01859e-14
1.60000e+00, 1.62000e+00, 1.61000e+00, 6.05576e-18, 3.02788e-16
1.62000e+00, 1.64000e+00, 1.63000e+00, 0.00000e+00, 0.00000e+00
1.64000e+00, 1.66000e+00, 1.65000e+00, 0.00000e+00, 0.00000e+00
1.66000e+00, 1.68000e+00, 1.67000e+00, 0.00000e+00, 0.00000e+00
1.68000e+00, 1.70000e+00, 1.69000e+00, 0.00000e+00, 0.00000e+00
1.70000e+00, 1.72000e+00, 1.71000e+00, 0.00000e+00, 0.00000e+00
1.72000e+00, 1.74000e+00, 1.73000e+00, 0.00000e+00, 0.00000e+00
1.74000e+00, 1.76000e+00, 1.75000e+00, 0.00000e+00, 0.00000e+00
1.76000e+00, 1.78000e+00, 1.77000e+00, 0.00000e+00, 0.00000e+00
1.78000e+00, 1.80000e+00, 1.79000e+00, 0.00000e+00, 0.00000e+00
1.80000e+00, 1.82000e+00, 1.81000e+00, 0.00000e+00, 0.00000e+00
1.82000e+00, 1.84000e+00, 1.83000e+00, 0.00000e+00, 0.00000e+00
1.84000e+00, 1.86000e+00, 1.85000e+00, 0.00000e+00, 0.00000e+00
1.86000e+00, 1.88000e+00, 1.87000e+00, 0.00000e+00, 0.00000e+00
1.88000e+00, 1.90000e+00, 1.89000e+00, 0.00000e+00, 0.00000e+00
1.90000e+00, 1.92000e+00, 1.91000e+00, 0.00000e+00, 0.00000e+00
1.92000e+00, 1.94000e+00, 1.93000e+00, 0.00000e+00, 0.00000e+00
1.94000e+00, 1.96000e+00, 1.95000e+00, 0.00000e+00, 0.00000e+00
1.96000e+00, 1.98000e+00, 1.97000e+00, 0.00000e+00, 0.00000e+00
1.98000e+00, 2.00000e+00, 1.99000e+00, 0.00000e+00, 0.00000e+00
