# time = 6.545454545454545e-01# start, end, pivot, particles, density
0.00000e+00, 2.00000e-02, 1.00000e-02, 0.00000e+00, 0.00000e+00
2.00000e-02, 4.00000e-02, 3.00000e-02, 0.00000e+00, 0.00000e+00
4.00000e-02, 6.00000e-02, 5.00000e-02, 0.00000e+00, 0.00000e+00
6.00000e-02, 8.00000e-02, 7.00000e-02, 0.00000e+00, 0.00000e+00
8.00000e-02, 1.00000e-01, 9.00000e-02, 0.00000e+00, 0.00000e+00
1.00000e-01, 1.20000e-01, 1.10000e-01, 1.29397e-39, 6.46984e-38
1.20000e-01, 1.40000e-01, 1.30000e-01, 4.67122e-37, 2.33561e-35
1.40000e-01, 1.60000e-01, 1.50000e-01, 8.19871e-35, 4.09935e-33
1.60000e-01, 1.80000e-01, 1.70000e-01, 9.32091e-33, 4.66046e-31
1.80000e-01, 2.00000e-01, 1.90000e-01, 7.71532e-31, 3.85766e-29
2.00000e-01, 2.20000e-01, 2.10000e-01, 4.95531e-29, 2.47765e-27
2.20000e-01, 2.40000e-01, 2.30000e-01, 2.56993e-27, 1.28497e-25
2.40000e-01, 2.60000e-01, 2.50000e-01, 1.10586e-25, 5.52931e-24
2.60000e-01, 2.80000e-01, 2.70000e-01, 4.02618e-24, 2.01309e-22
2.80000e-01, 3.00000e-01, 2.90000e-01, 1.25845e-22, 6.29223e-21
3.00000e-01, 3.20000e-01, 3.10000e-01, 3.41494e-21, 1.70747e-19
3.20000e-01, 3.40000e-01, 3.30000e-01, 8.11572e-20, 4.05786e-18
3.40000e-01, 3.60000e-01, 3.50000e-01, 1.70079e-18, 8.50394e-17
3.60000e-01, 3.80000e-01, 3.70000e-01, 3.16017e-17, 1.58008e-15
3.80000e-01, 4.00000e-01, 3.90000e-01, 5.22830e-16, 2.61415e-14
4.00000e-01, 4.20000e-01, 4.10000e-01, 7.72751e-15, 3.86376e-13
4.20000e-01, 4.40000e-01, 4.30000e-01, 1.02289e-13, 5.11445e-12
4.40000e-01, 4.60000e-01, 4.50000e-01, 1.21478e-12, 6.07389e-11
4.60000e-01, 4.80000e-01, 4.70000e-01, 1.29577e-11, 6.47885e-10
4.80000e-01, 5.00000e-01, 4.90000e-01, 1.24207e-10, 6.21033e-09
5.00000e-01, 5.20000e-01, 5.10000e-01, 1.06982e-09, 5.34911e-08
5.20000e-01, 5.40000e-01, 5.30000e-01, 8.27451e-09, 4.13725e-07
5.40000e-01, 5.60000e-01, 5.50000e-01, 5.73974e-08, 2.86987e-06
5.60000e-01, 5.80000e-01, 5.70000e-01, 3.56406e-07, 1.78203e-05
5.80000e-01, 6.00000e-01, 5.90000e-01, 1.97604e-06, 9.88018e-05
6.00000e-01, 6.20000e-01, 6.10000e-01, 9.75026e-06, 4.87513e-04
6.20000e-01, 6.40000e-01, 6.30000e-01, 4.26412e-05, 2.13206e-03
6.40000e-01, 6.60000e-01, 6.50000e-01, 1.64460e-04, 8.22298e-03
6.60000e-01, 6.80000e-01, 6.70000e-01, 5.56018e-04, 2.78009e-02
6.80000e-01, 7.00000e-01, 6.90000e-01, 1.63618e-03, 8.18091e-02
7.00000e-01, 7.20000e-01, 7.10000e-01, 4.15656e-03, 2.07828e-01
7.20000e-01, 7.40000e-01, 7.30000e-01, 9.03471e-03, 4.51736e-01
7.40000e-01, 7.60000e-01, 7.50000e-01, 1.66568e-02, 8.32841e-01
7.60000e-01, 7.80000e-01, 7.70000e-01, 2.58958e-02, 1.29479e+00
7.80000e-01, 8.00000e-01, 7.90000e-01, 3.40478e-02, 1.70239e+00
8.00000e-01, 8.20000e-01, 8.10000e-01, 3.87060e-02, 1.93530e+00
8.20000e-01, 8.40000e-01, 8.30000e-01, 4.00000e-02, 2.00000e+00
8.40000e-01, 8.60000e-01, 8.50000e-01, 4.00000e-02, 2.00000e+00
8.60000e-01, 8.80000e-01, 8.70000e-01, 4.00000e-02, 2.00000e+00
8.80000e-01, 9.00000e-01, 8.90000e-01, 4.00000e-02, 2.00000e+00
9.00000e-01, 9.20000e-01, 9.10000e-01, 4.00000e-02, 2.00000e+00
9.20000e-01, 9.40000e-01, 9.30000e-01, 4.00000e-02, 2.00000e+00
9.40000e-01, 9.60000e-01, 9.50000e-01, 4.00000e-02, 2.00000e+00
9.60000e-01, 9.80000e-01, 9.70000e-01, 4.00000e-02, 2.00000e+00
9.80000e-01, 1.00000e+00, 9.90000e-01, 4.00000e-02, 2.00000e+00
1.00000e+00, 1.02000e+00, 1.01000e+00, 4.00000e-02, 2.00000e+00
1.02000e+00, 1.04000e+00, 1.03000e+00, 4.00000e-02, 2.00000e+00
1.04000e+00, 1.06000e+00, 1.05000e+00, 3.99999e-02, 2.00000e+00
1.06000e+00, 1.08000e+00, 1.07000e+00, 3.99996e-02, 1.99998e+00
1.08000e+00, 1.10000e+00, 1.09000e+00, 3.99980e-02, 1.99990e+00
1.10000e+00, 1.12000e+00, 1.11000e+00, 3.99902e-02, 1.99951e+00
1.12000e+00, 1.14000e+00, 1.13000e+00, 3.99574e-02, 1.99787e+00
1.14000e+00, 1.16000e+00, 1.15000e+00, 3.98355e-02, 1.99178e+00
1.16000e+00, 1.18000e+00, 1.17000e+00, 3.94440e-02, 1.97220e+00
1.18000e+00, 1.20000e+00, 1.19000e+00, 3.83638e-02, 1.91819e+00
1.20000e+00, 1.22000e+00, 1.21000e+00, 3.58434e-02, 1.79217e+00
1.22000e+00, 1.24000e+00, 1.23000e+00, 3.09653e-02, 1.54826e+00
1.24000e+00, 1.26000e+00, 1.25000e+00, 2.33432e-02, 1.16716e+00
1.26000e+00, 1.28000e+00, 1.27000e+00, 1.41042e-02, 7.05212e-01
1.28000e+00, 1.30000e+00, 1.29000e+00, 5.95225e-03, 2.97612e-01
1.30000e+00, 1.32000e+00, 1.31000e+00, 1.29397e-03, 6.46984e-02
1.32000e+00, 1.34000e+00, 1.33000e+00, 0.00000e+00, 0.00000e+00
1.34000e+00, 1.36000e+00, 1.35000e+00, 0.00000e+00, 0.00000e+00
1.36000e+00, 1.38000e+00, 1.37000e+00, 0.00000e+00, 0.00000e+00
1.38000e+00, 1.40000e+00, 1.39000e+00, 0.00000e+00, 0.00000e+00
1.40000e+00, 1.42000e+00, 1.41000e+00, 0.00000e+00, 0.00000e+00
1.42000e+00, 1.44000e+00, 1.43000e+00, 0.00000e+00, 0.00000e+00
1.44000e+00, 1.46000e+00, 1.45000e+00, 0.00000e+00, 0.00000e+00
1.46000e+00, 1.48000e+00, 1.47000e+00, 0.00000e+00, 0.00000e+00
1.48000e+00, 1.50000e+00, 1.49000e+00, 0.00000e+00, 0.00000e+00
1.50000e+00, 1.52000e+00, 1.51000e+00, 0.00000e+00, 0.00000e+00
1.52000e+00, 1.54000e+00, 1.53000e+00, 0.00000e+00, 0.00000e+00
1.54000e+00, 1.56000e+00, 1.55000e+00, 0.00000e+00, 0.00000e+00
1.56000e+00, 1.58000e+00, 1.57000e+00, 0.00000e+00, 0.00000e+00
1.58000e+00, 1.60000e+00, 1.59000e+00, 0.00000e+00, 0.00000e+00
1.60000e+00, 1.62000e+00, 1.61000e+00, 0.00000e+00, 0.00000e+00
1.62000e+00, 1.64000e+00, 1.63000e+00, 0.00000e+00, 0.00000e+00
1.64000e+00, 1.66000e+00, 1.65000e+00, 0.00000e+00, 0.00000e+00
1.66000e+00, 1.68000e+00, 1.67000e+00, 0.00000e+00, 0.00000e+00
1.68000e+00, 1.70000e+00, 1.69000e+00, 0.00000e+00, 0.00000e+00
1.70000e+00, 1.72000e+00, 1.71000e+00, 0.00000e+00, 0.00000e+00
1.72000e+00, 1.74000e+00, 1.73000e+00, 0.00000e+00, 0.00000e+00
1.74000e+00, 1.76000e+00, 1.75000e+00, 0.00000e+00, 0.00000e+00
1.76000e+00, 1.78000e+00, 1.77000e+00, 0.00000e+00, 0.00000e+00
1.78000e+00, 1.80000e+00, 1.79000e+00, 0.00000e+00, 0.00000e+00
1.80000e+00, 1.82000e+00, 1.81000e+00, 0.00000e+00, 0.00000e+00
1.82000e+00, 1.84000e+00, 1.83000e+00, 0.00000e+00, 0.00000e+00
1.84000e+00, 1.86000e+00, 1.85000e+00, 0.00000e+00, 0.00000e+00
1.86000e+00, 1.88000e+00, 1.87000e+00, 0.00000e+00, 0.00000e+00
1.88000e+00, 1.90000e+00, 1.89000e+00, 0.00000e+00, 0.00000e+00
1.90000e+00, 1.92000e+00, 1.91000e+00, 0.00000e+00, 0.00000e+00
1.92000e+00, 1.94000e+00, 1.93000e+00, 0.00000e+00, 0.00000e+00
1.94000e+00, 1.96000e+00, 1.95000e+00, 0.00000e+00, 0.00000e+00
1.96000e+00, 1.98000e+00, 1.97000e+00, 0.00000e+00, 0.00000e+00
1.98000e+00, 2.00000e+00, 1.99000e+00, 0.00000e+00, 0.00000e+00
