# time = 8.363636363636363e-01# start, end, pivot, particles, density
0.00000e+00, 2.00000e-02, 1.00000e-02, 0.00000e+00, 0.00000e+00
2.00000e-02, 4.00000e-02, 3.00000e-02, 0.00000e+00, 0.00000e+00
4.00000e-02, 6.00000e-02, 5.00000e-02, 0.00000e+00, 0.00000e+00
6.00000e-02, 8.00000e-02, 7.00000e-02, 0.00000e+00, 0.00000e+00
8.00000e-02, 1.00000e-01, 9.00000e-02, 0.00000e+00, 0.00000e+00
1.00000e-01, 1.20000e-01, 1.10000e-01, 4.98880e-50, 2.49440e-48
1.20000e-01, 1.40000e-01, 1.30000e-01, 2.29984e-47, 1.14992e-45
1.40000e-01, 1.60000e-01, 1.50000e-01, 5.18641e-45, 2.59321e-43
1.60000e-01, 1.80000e-01, 1.70000e-01, 7.62487e-43, 3.81243e-41
1.80000e-01, 2.00000e-01, 1.90000e-01, 8.21723e-41, 4.10861e-39
2.00000e-01, 2.20000e-01, 2.10000e-01, 6.92060e-39, 3.46030e-37
2.20000e-01, 2.40000e-01, 2.30000e-01, 4.74213e-37, 2.37106e-35
2.40000e-01, 2.60000e-01, 2.50000e-01, 2.71766e-35, 1.35883e-33
2.60000e-01, 2.80000e-01, 2.70000e-01, 1.32892e-33, 6.64460e-32
2.80000e-01, 3.00000e-01, 2.90000e-01, 5.62914e-32, 2.81457e-30
3.00000e-01, 3.20000e-01, 3.10000e-01, 2.08990e-30, 1.04495e-28
3.20000e-01, 3.40000e-01, 3.30000e-01, 6.86445e-29, 3.43222e-27
3.40000e-01, 3.60000e-01, 3.50000e-01, 2.00982e-27, 1.00491e-25
3.60000e-01, 3.80000e-01, 3.70000e-01, 5.27790e-26, 2.63895e-24
3.80000e-01, 4.00000e-01, 3.90000e-01, 1.24948e-24, 6.24741e-23
4.00000e-01, 4.20000e-01, 4.10000e-01, 2.67791e-23, 1.33896e-21
4.20000e-01, 4.40000e-01, 4.30000e-01, 5.21416e-22, 2.60708e-20
4.40000e-01, 4.60000e-01, 4.50000e-01, 9.25030e-21, 4.62515e-19
4.60000e-01, 4.80000e-01, 4.70000e-01, 1.49882e-19, 7.49412e-18
4.80000e-01, 5.00000e-01, 4.90000e-01, 2.22235e-18, 1.11118e-16
5.00000e-01, 5.20000e-01, 5.10000e-01, 3.02007e-17, 1.51004e-15
5.20000e-01, 5.40000e-01, 5.30000e-01, 3.76600e-16, 1.88300e-14
5.40000e-01, 5.60000e-01, 5.50000e-01, 4.31295e-15, 2.15648e-13
5.60000e-01, 5.80000e-01, 5.70000e-01, 4.53879e-14, 2.26940e-12
5.80000e-01, 6.00000e-01, 5.90000e-01, 4.39023e-13, 2.19512e-11
6.00000e-01, 6.20000e-01, 6.10000e-01, 3.90301e-12, 1.95151e-10
6.20000e-01, 6.40000e-01, 6.30000e-01, 3.18814e-11, 1.59407e-09
6.40000e-01, 6.60000e-01, 6.50000e-01, 2.39129e-10, 1.19564e-08
6.60000e-01, 6.80000e-01, 6.70000e-01, 1.64545e-09, 8.22725e-08
6.80000e-01, 7.00000e-01, 6.90000e-01, 1.03743e-08, 5.18717e-07
7.00000e-01, 7.20000e-01, 7.10000e-01, 5.98380e-08, 2.99190e-06
7.20000e-01, 7.40000e-01, 7.30000e-01, 3.15134e-07, 1.57567e-05
7.40000e-01, 7.60000e-01, 7.50000e-01, 1.51184e-06, 7.55918e-05
7.60000e-01, 7.80000e-01, 7.70000e-01, 6.58875e-06, 3.29438e-04
7.80000e-01, 8.00000e-01, 7.90000e-01, 2.60005e-05, 1.30003e-03
8.00000e-01, 8.20000e-01, 8.10000e-01, 9.25551e-05, 4.62775e-03
8.20000e-01, 8.40000e-01, 8.30000e-01, 2.95916e-04, 1.47958e-02
8.40000e-01, 8.60000e-01, 8.50000e-01, 8.45541e-04, 4.22770e-02
8.60000e-01, 8.80000e-01, 8.70000e-01, 2.14728e-03, 1.07364e-01
8.80000e-01, 9.00000e-01, 8.90000e-01, 4.81753e-03, 2.40876e-01
9.00000e-01, 9.20000e-01, 9.10000e-01, 9.49045e-03, 4.74522e-01
9.20000e-01, 9.40000e-01, 9.30000e-01, 1.63289e-02, 8.16444e-01
9.40000e-01, 9.60000e-01, 9.50000e-01, 2.44699e-02, 1.22349e+00
9.60000e-01, 9.80000e-01, 9.70000e-01, 3.20429e-02, 1.60214e+00
9.80000e-01, 1.00000e+00, 9.90000e-01, 3.72063e-02, 1.86031e+00
1.00000e+00, 1.02000e+00, 1.01000e+00, 3.95011e-02, 1.97506e+00
1.02000e+00, 1.04000e+00, 1.03000e+00, 4.00000e-02, 2.00000e+00
1.04000e+00, 1.06000e+00, 1.05000e+00, 4.00000e-02, 2.00000e+00
1.06000e+00, 1.08000e+00, 1.07000e+00, 4.00000e-02, 2.00000e+00
1.08000e+00, 1.10000e+00, 1.09000e+00, 4.00000e-02, 2.00000e+00
1.10000e+00, 1.12000e+00, 1.11000e+00, 4.00000e-02, 2.00000e+00
1.12000e+00, 1.14000e+00, 1.13000e+00, 4.00000e-02, 2.00000e+00
1.14000e+00, 1.16000e+00, 1.15000e+00, 4.00000e-02, 2.00000e+00
1.16000e+00, 1.18000e+00, 1.17000e+00, 4.00000e-02, 2.00000e+00
1.18000e+00, 1.20000e+00, 1.19000e+00, 4.00000e-02, 2.00000e+00
1.20000e+00, 1.22000e+00, 1.21000e+00, 3.99999e-02, 2.00000e+00
1.22000e+00, 1.24000e+00, 1.23000e+00, 3.99997e-02, 1.99998e+00
1.24000e+00, 1.26000e+00, 1.25000e+00, 3.99985e-02, 1.99992e+00
1.26000e+00, 1.28000e+00, 1.27000e+00, 3.99934e-02, 1.99967e+00
1.28000e+00, 1.30000e+00, 1.29000e+00, 3.99740e-02, 1.99870e+00
1.30000e+00, 1.32000e+00, 1.31000e+00, 3.99074e-02, 1.99537e+00
1.32000e+00, 1.34000e+00, 1.33000e+00, 3.97041e-02, 1.98520e+00
1.34000e+00, 1.36000e+00, 1.35000e+00, 3.91545e-02, 1.95772e+00
1.36000e+00, 1.38000e+00, 1.37000e+00, 3.78527e-02, 1.89264e+00
1.38000e+00, 1.40000e+00, 1.39000e+00, 3.51825e-02, 1.75912e+00
1.40000e+00, 1.42000e+00, 1.41000e+00, 3.05096e-02, 1.52548e+00
1.42000e+00, 1.44000e+00, 1.43000e+00, 2.36711e-02, 1.18356e+00
1.44000e+00, 1.46000e+00, 1.45000e+00, 1.55301e-02, 7.76507e-01
1.46000e+00, 1.48000e+00, 1.47000e+00, 7.95714e-03, 3.97857e-01
1.48000e+00, 1.50000e+00, 1.49000e+00, 2.79373e-03, 1.39687e-01
1.50000e+00, 1.52000e+00, 1.51000e+00, 4.98880e-04, 2.49440e-02
1.52000e+00, 1.54000e+00, 1.53000e+00, 0.00000e+00, 0.00000e+00
1.54000e+00, 1.56000e+00, 1.55000e+00, 0.00000e+00, 0.00000e+00
1.56000e+00, 1.58000e+00, 1.57000e+00, 0.00000e+00, 0.00000e+00
1.58000e+00, 1.60000e+00, 1.59000e+00, 0.00000e+00, 0.00000e+00
1.60000e+00, 1.62000e+00, 1.61000e+00, 0.00000e+00, 0.00000e+00
1.62000e+00, 1.64000e+00, 1.63000e+00, 0.00000e+00, 0.00000e+00
1.64000e+00, 1.66000e+00, 1.65000e+00, 0.00000e+00, 0.00000e+00
1.66000e+00, 1.68000e+00, 1.67000e+00, 0.00000e+00, 0.00000e+00
1.68000e+00, 1.70000e+00, 1.69000e+00, 0.00000e+00, 0.00000e+00
1.70000e+00, 1.72000e+00, 1.71000e+00, 0.00000e+00, 0.00000e+00
1.72000e+00, 1.74000e+00, 1.73000e+00, 0.00000e+00, 0.00000e+00
1.74000e+00, 1.76000e+00, 1.75000e+00, 0.00000e+00, 0.00000e+00
1.76000e+00, 1.78000e+00, 1.77000e+00, 0.00000e+00, 0.00000e+00
1.78000e+00, 1.80000e+00, 1.79000e+00, 0.00000e+00, 0.00000e+00
1.80000e+00, 1.82000e+00, 1.81000e+00, 0.00000e+00, 0.00000e+00
1.82000e+00, 1.84000e+00, 1.83000e+00, 0.00000e+00, 0.00000e+00
1.84000e+00, 1.86000e+00, 1.85000e+00, 0.00000e+00, 0.00000e+00
1.86000e+00, 1.88000e+00, 1.87000e+00, 0.00000e+00, 0.00000e+00
1.88000e+00, 1.90000e+00, 1.89000e+00, 0.00000e+00, 0.00000e+00
1.90000e+00, 1.92000e+00, 1.91000e+00, 0.00000e+00, 0.00000e+00
1.92000e+00, 1.94000e+00, 1.93000e+00, 0.00000e+00, 0.00000e+00
1.94000e+00, 1.96000e+00, 1.95000e+00, 0.00000e+00, 0.00000e+00
1.96000e+00, 1.98000e+00, 1.97000e+00, 0.00000e+00, 0.00000e+00
1.98000e+00, 2.00000e+00, 1.99000e+00, 0.00000e+00, 0.00000e+00
