# time = 6.181818181818182e-01# start, end, pivot, particles, density
0.00000e+00, 2.00000e-02, 1.00000e-02, 0.00000e+00, 0.00000e+00
2.00000e-02, 4.00000e-02, 3.00000e-02, 0.00000e+00, 0.00000e+00
4.00000e-02, 6.00000e-02, 5.00000e-02, 0.00000e+00, 0.00000e+00
6.00000e-02, 8.00000e-02, 7.00000e-02, 0.00000e+00, 0.00000e+00
8.00000e-02, 1.00000e-01, 9.00000e-02, 0.00000e+00, 0.00000e+00
1.00000e-01, 1.20000e-01, 1.10000e-01, 1.56570e-37, 7.82850e-36
1.20000e-01, 1.40000e-01, 1.30000e-01, 5.33904e-35, 2.66952e-33
1.40000e-01, 1.60000e-01, 1.50000e-01, 8.83697e-33, 4.41849e-31
1.60000e-01, 1.80000e-01, 1.70000e-01, 9.45752e-31, 4.72876e-29
1.80000e-01, 2.00000e-01, 1.90000e-01, 7.35567e-29, 3.67783e-27
2.00000e-01, 2.20000e-01, 2.10000e-01, 4.43021e-27, 2.21511e-25
2.20000e-01, 2.40000e-01, 2.30000e-01, 2.15002e-25, 1.07501e-23
2.40000e-01, 2.60000e-01, 2.50000e-01, 8.63787e-24, 4.31893e-22
2.60000e-01, 2.80000e-01, 2.70000e-01, 2.92910e-22, 1.46455e-20
2.80000e-01, 3.00000e-01, 2.90000e-01, 8.50521e-21, 4.25260e-19
3.00000e-01, 3.20000e-01, 3.10000e-01, 2.13813e-19, 1.06906e-17
3.20000e-01, 3.40000e-01, 3.30000e-01, 4.69325e-18, 2.34662e-16
3.40000e-01, 3.60000e-01, 3.50000e-01, 9.05491e-17, 4.52745e-15
3.60000e-01, 3.80000e-01, 3.70000e-01, 1.54349e-15, 7.71747e-14
3.80000e-01, 4.00000e-01, 3.90000e-01, 2.33377e-14, 1.16688e-12
4.00000e-01, 4.20000e-01, 4.10000e-01, 3.13927e-13, 1.56963e-11
4.20000e-01, 4.40000e-01, 4.30000e-01, 3.76467e-12, 1.88234e-10
4.40000e-01, 4.60000e-01, 4.50000e-01, 4.03020e-11, 2.01510e-09
4.60000e-01, 4.80000e-01, 4.70000e-01, 3.85376e-10, 1.92688e-08
4.80000e-01, 5.00000e-01, 4.90000e-01, 3.29127e-09, 1.64563e-07
5.00000e-01, 5.20000e-01, 5.10000e-01, 2.50854e-08, 1.25427e-06
5.20000e-01, 5.40000e-01, 5.30000e-01, 1.70380e-07, 8.51900e-06
5.40000e-01, 5.60000e-01, 5.50000e-01, 1.02894e-06, 5.14469e-05
5.60000e-01, 5.80000e-01, 5.70000e-01, 5.50837e-06, 2.75419e-04
5.80000e-01, 6.00000e-01, 5.90000e-01, 2.60391e-05, 1.30196e-03
6.00000e-01, 6.20000e-01, 6.10000e-01, 1.08162e-04, 5.40810e-03
6.20000e-01, 6.40000e-01, 6.30000e-01, 3.92434e-04, 1.96217e-02
6.40000e-01, 6.60000e-01, 6.50000e-01, 1.23472e-03, 6.17360e-02
6.60000e-01, 6.80000e-01, 6.70000e-01, 3.34044e-03, 1.67022e-01
6.80000e-01, 7.00000e-01, 6.90000e-01, 7.69709e-03, 3.84855e-01
7.00000e-01, 7.20000e-01, 7.10000e-01, 1.49582e-02, 7.47909e-01
7.20000e-01, 7.40000e-01, 7.30000e-01, 2.43273e-02, 1.21637e+00
7.40000e-01, 7.60000e-01, 7.50000e-01, 3.31109e-02, 1.65555e+00
7.60000e-01, 7.80000e-01, 7.70000e-01, 3.84343e-02, 1.92171e+00
7.80000e-01, 8.00000e-01, 7.90000e-01, 4.00000e-02, 2.00000e+00
8.00000e-01, 8.20000e-01, 8.10000e-01, 4.00000e-02, 2.00000e+00
8.20000e-01, 8.40000e-01, 8.30000e-01, 4.00000e-02, 2.00000e+00
8.40000e-01, 8.60000e-01, 8.50000e-01, 4.00000e-02, 2.00000e+00
8.60000e-01, 8.80000e-01, 8.70000e-01, 4.00000e-02, 2.00000e+00
8.80000e-01, 9.00000e-01, 8.90000e-01, 4.00000e-02, 2.00000e+00
9.00000e-01, 9.20000e-01, 9.10000e-01, 4.00000e-02, 2.00000e+00
9.20000e-01, 9.40000e-01, 9.30000e-01, 4.00000e-02, 2.00000e+00
9.40000e-01, 9.60000e-01, 9.50000e-01, 4.00000e-02, 2.00000e+00
9.60000e-01, 9.80000e-01, 9.70000e-01, 4.00000e-02, 2.00000e+00
9.80000e-01, 1.00000e+00, 9.90000e-01, 4.00000e-02, 2.00000e+00
1.00000e+00, 1.02000e+00, 1.01000e+00, 4.00000e-02, 2.00000e+00
1.02000e+00, 1.04000e+00, 1.03000e+00, 3.99998e-02, 1.99999e+00
1.04000e+00, 1.06000e+00, 1.05000e+00, 3.99990e-02, 1.99995e+00
1.06000e+00, 1.08000e+00, 1.07000e+00, 3.99945e-02, 1.99972e+00
1.08000e+00, 1.10000e+00, 1.09000e+00, 3.99740e-02, 1.99870e+00
1.10000e+00, 1.12000e+00, 1.11000e+00, 3.98918e-02, 1.99459e+00
1.12000e+00, 1.14000e+00, 1.13000e+00, 3.96076e-02, 1.98038e+00
1.14000e+00, 1.16000e+00, 1.15000e+00, 3.87653e-02, 1.93826e+00
1.16000e+00, 1.18000e+00, 1.17000e+00, 3.66596e-02, 1.83298e+00
1.18000e+00, 1.20000e+00, 1.19000e+00, 3.23029e-02, 1.61515e+00
1.20000e+00, 1.22000e+00, 1.21000e+00, 2.50418e-02, 1.25209e+00
1.22000e+00, 1.24000e+00, 1.23000e+00, 1.56727e-02, 7.83633e-01
1.24000e+00, 1.26000e+00, 1.25000e+00, 6.88908e-03, 3.44454e-01
1.26000e+00, 1.28000e+00, 1.27000e+00, 1.56570e-03, 7.82850e-02
1.28000e+00, 1.30000e+00, 1.29000e+00, 0.00000e+00, 0.00000e+00
1.30000e+00, 1.32000e+00, 1.31000e+00, 0.00000e+00, 0.00000e+00
1.32000e+00, 1.34000e+00, 1.33000e+00, 0.00000e+00, 0.00000e+00
1.34000e+00, 1.36000e+00, 1.35000e+00, 0.00000e+00, 0.00000e+00
1.36000e+00, 1.38000e+00, 1.37000e+00, 0.00000e+00, 0.00000e+00
1.38000e+00, 1.40000e+00, 1.39000e+00, 0.00000e+00, 0.00000e+00
1.40000e+00, 1.42000e+00, 1.41000e+00, 0.00000e+00, 0.00000e+00
1.42000e+00, 1.44000e+00, 1.43000e+00, 0.00000e+00, 0.00000e+00
1.44000e+00, 1.46000e+00, 1.45000e+00, 0.00000e+00, 0.00000e+00
1.46000e+00, 1.48000e+00, 1.47000e+00, 0.00000e+00, 0.00000e+00
1.48000e+00, 1.50000e+00, 1.49000e+00, 0.00000e+00, 0.00000e+00
1.50000e+00, 1.52000e+00, 1.51000e+00, 0.00000e+00, 0.00000e+00
1.52000e+00, 1.54000e+00, 1.53000e+00, 0.00000e+00, 0.00000e+00
1.54000e+00, 1.56000e+00, 1.55000e+00, 0.00000e+00, 0.00000e+00
1.56000e+00, 1.58000e+00, 1.57000e+00, 0.00000e+00, 0.00000e+00
1.58000e+00, 1.60000e+00, 1.59000e+00, 0.00000e+00, 0.00000e+00
1.60000e+00, 1.62000e+00, 1.61000e+00, 0.00000e+00, 0.00000e+00
1.62000e+00, 1.64000e+00, 1.63000e+00, 0.00000e+00, 0.00000e+00
1.64000e+00, 1.66000e+00, 1.65000e+00, 0.00000e+00, 0.00000e+00
1.66000e+00, 1.68000e+00, 1.67000e+00, 0.00000e+00, 0.00000e+00
1.68000e+00, 1.70000e+00, 1.69000e+00, 0.00000e+00, 0.00000e+00
1.70000e+00, 1.72000e+00, 1.71000e+00, 0.00000e+00, 0.00000e+00
1.72000e+00, 1.74000e+00, 1.73000e+00, 0.00000e+00, 0.00000e+00
1.74000e+00, 1.76000e+00, 1.75000e+00, 0.00000e+00, 0.00000e+00
1.76000e+00, 1.78000e+00, 1.77000e+00, 0.00000e+00, 0.00000e+00
1.78000e+00, 1.80000e+00, 1.79000e+00, 0.00000e+00, 0.00000e+00
1.80000e+00, 1.82000e+00, 1.81000e+00, 0.00000e+00, 0.00000e+00
1.82000e+00, 1.84000e+00, 1.83000e+00, 0.00000e+00, 0.00000e+00
1.84000e+00, 1.86000e+00, 1.85000e+00, 0.00000e+00, 0.00000e+00
1.86000e+00, 1.88000e+00, 1.87000e+00, 0.00000e+00, 0.00000e+00
1.88000e+00, 1.90000e+00, 1.89000e+00, 0.00000e+00, 0.00000e+00
1.90000e+00, 1.92000e+00, 1.91000e+00, 0.00000e+00, 0.00000e+00
1.92000e+00, 1.94000e+00, 1.93000e+00, 0.00000e+00, 0.00000e+00
1.94000e+00, 1.96000e+00, 1.95000e+00, 0.00000e+00, 0.00000e+00
1.96000e+00, 1.98000e+00, 1.97000e+00, 0.00000e+00, 0.00000e+00
1.98000e+00, 2.00000e+00, 1.99000e+00, 0.00000e+00, 0.00000e+00
