# time = 4.181818181818182e-01# start, end, pivot, particles, density
0.00000e+00, 2.00000e-02, 1.00000e-02, 0.00000e+00, 0.00000e+00
2.00000e-02, 4.00000e-02, 3.00000e-02, 0.00000e+00, 0.00000e+00
4.00000e-02, 6.00000e-02, 5.00000e-02, 0.00000e+00, 0.00000e+00
6.00000e-02, 8.00000e-02, 7.00000e-02, 0.00000e+00, 0.00000e+00
8.00000e-02, 1.00000e-01, 9.00000e-02, 0.00000e+00, 0.00000e+00
1.00000e-01, 1.20000e-01, 1.10000e-01, 4.46713e-26, 2.23356e-24
1.20000e-01, 1.40000e-01, 1.30000e-01, 1.03191e-23, 5.15953e-22
1.40000e-01, 1.60000e-01, 1.50000e-01, 1.14050e-21, 5.70251e-20
1.60000e-01, 1.80000e-01, 1.70000e-01, 8.02533e-20, 4.01267e-18
1.80000e-01, 2.00000e-01, 1.90000e-01, 4.03589e-18, 2.01795e-16
2.00000e-01, 2.20000e-01, 2.10000e-01, 1.54350e-16, 7.71751e-15
2.20000e-01, 2.40000e-01, 2.30000e-01, 4.66378e-15, 2.33189e-13
2.40000e-01, 2.60000e-01, 2.50000e-01, 1.14179e-13, 5.70893e-12
2.60000e-01, 2.80000e-01, 2.70000e-01, 2.30447e-12, 1.15224e-10
2.80000e-01, 3.00000e-01, 2.90000e-01, 3.88094e-11, 1.94047e-09
3.00000e-01, 3.20000e-01, 3.10000e-01, 5.49878e-10, 2.74939e-08
3.20000e-01, 3.40000e-01, 3.30000e-01, 6.58978e-09, 3.29489e-07
3.40000e-01, 3.60000e-01, 3.50000e-01, 6.69888e-08, 3.34944e-06
3.60000e-01, 3.80000e-01, 3.70000e-01, 5.78058e-07, 2.89029e-05
3.80000e-01, 4.00000e-01, 3.90000e-01, 4.22855e-06, 2.11427e-04
4.00000e-01, 4.20000e-01, 4.10000e-01, 2.61315e-05, 1.30657e-03
4.20000e-01, 4.40000e-01, 4.30000e-01, 1.35646e-04, 6.78231e-03
4.40000e-01, 4.60000e-01, 4.50000e-01, 5.86589e-04, 2.93295e-02
4.60000e-01, 4.80000e-01, 4.70000e-01, 2.08973e-03, 1.04487e-01
4.80000e-01, 5.00000e-01, 4.90000e-01, 6.04537e-03, 3.02269e-01
5.00000e-01, 5.20000e-01, 5.10000e-01, 1.39567e-02, 6.97833e-01
5.20000e-01, 5.40000e-01, 5.30000e-01, 2.52585e-02, 1.26292e+00
5.40000e-01, 5.60000e-01, 5.50000e-01, 3.55329e-02, 1.77664e+00
5.60000e-01, 5.80000e-01, 5.70000e-01, 4.00000e-02, 2.00000e+00
5.80000e-01, 6.00000e-01, 5.90000e-01, 4.00000e-02, 2.00000e+00
6.00000e-01, 6.20000e-01, 6.10000e-01, 4.00000e-02, 2.00000e+00
6.20000e-01, 6.40000e-01, 6.30000e-01, 4.00000e-02, 2.00000e+00
6.40000e-01, 6.60000e-01, 6.50000e-01, 4.00000e-02, 2.00000e+00
6.60000e-01, 6.80000e-01, 6.70000e-01, 4.00000e-02, 2.00000e+00
6.80000e-01, 7.00000e-01, 6.90000e-01, 4.00000e-02, 2.00000e+00
7.00000e-01, 7.20000e-01, 7.10000e-01, 4.00000e-02, 2.00000e+00
7.20000e-01, 7.40000e-01, 7.30000e-01, 4.00000e-02, 2.00000e+00
7.40000e-01, 7.60000e-01, 7.50000e-01, 4.00000e-02, 2.00000e+00
7.60000e-01, 7.80000e-01, 7.70000e-01, 4.00000e-02, 2.00000e+00
7.80000e-01, 8.00000e-01, 7.90000e-01, 4.00000e-02, 2.00000e+00
8.00000e-01, 8.20000e-01, 8.10000e-01, 4.00000e-02, 2.00000e+00
8.20000e-01, 8.40000e-01, 8.30000e-01, 4.00000e-02, 2.00000e+00
8.40000e-01, 8.60000e-01, 8.50000e-01, 3.99999e-02, 2.00000e+00
8.60000e-01, 8.80000e-01, 8.70000e-01, 3.99994e-02, 1.99997e+00
8.80000e-01, 9.00000e-01, 8.90000e-01, 3.99958e-02, 1.99979e+00
9.00000e-01, 9.20000e-01, 9.10000e-01, 3.99739e-02, 1.99869e+00
9.20000e-01, 9.40000e-01, 9.30000e-01, 3.98644e-02, 1.99322e+00
9.40000e-01, 9.60000e-01, 9.50000e-01, 3.94134e-02, 1.97067e+00
9.60000e-01, 9.80000e-01, 9.70000e-01, 3.79103e-02, 1.89551e+00
9.80000e-01, 1.00000e+00, 9.90000e-01, 3.39546e-02, 1.69773e+00
1.00000e+00, 1.02000e+00, 1.01000e+00, 2.60433e-02, 1.30217e+00
1.02000e+00, 1.04000e+00, 1.03000e+00, 1.47415e-02, 7.37076e-01
1.04000e+00, 1.06000e+00, 1.05000e+00, 4.46713e-03, 2.23356e-01
1.06000e+00, 1.08000e+00, 1.07000e+00, 0.00000e+00, 0.00000e+00
1.08000e+00, 1.10000e+00, 1.09000e+00, 0.00000e+00, 0.00000e+00
1.10000e+00, 1.12000e+00, 1.11000e+00, 0.00000e+00, 0.00000e+00
1.12000e+00, 1.14000e+00, 1.13000e+00, 0.00000e+00, 0.00000e+00
1.14000e+00, 1.16000e+00, 1.15000e+00, 0.00000e+00, 0.00000e+00
1.16000e+00, 1.18000e+00, 1.17000e+00, 0.00000e+00, 0.00000e+00
1.18000e+00, 1.20000e+00, 1.19000e+00, 0.00000e+00, 0.00000e+00
1.20000e+00, 1.22000e+00, 1.21000e+00, 0.00000e+00, 0.00000e+00
1.22000e+00, 1.24000e+00, 1.23000e+00, 0.00000e+00, 0.00000e+00
1.24000e+00, 1.26000e+00, 1.25000e+00, 0.00000e+00, 0.00000e+00
1.26000e+00, 1.28000e+00, 1.27000e+00, 0.00000e+00, 0.00000e+00
1.28000e+00, 1.30000e+00, 1.29000e+00, 0.00000e+00, 0.00000e+00
1.30000e+00, 1.32000e+00, 1.31000e+00, 0.00000e+00, 0.00000e+00
1.32000e+00, 1.34000e+00, 1.33000e+00, 0.00000e+00, 0.00000e+00
1.34000e+00, 1.36000e+00, 1.35000e+00, 0.00000e+00, 0.00000e+00
1.36000e+00, 1.38000e+00, 1.37000e+00, 0.00000e+00, 0.00000e+00
1.38000e+00, 1.40000e+00, 1.39000e+00, 0.00000e+00, 0.00000e+00
1.40000e+00, 1.42000e+00, 1.41000e+00, 0.00000e+00, 0.00000e+00
1.42000e+00, 1.44000e+00, 1.43000e+00, 0.00000e+00, 0.00000e+00
1.44000e+00, 1.46000e+00, 1.45000e+00, 0.00000e+00, 0.00000e+00
1.46000e+00, 1.48000e+00, 1.47000e+00, 0.00000e+00, 0.00000e+00
1.48000e+00, 1.50000e+00, 1.49000e+00, 0.00000e+00, 0.00000e+00
1.50000e+00, 1.52000e+00, 1.51000e+00, 0.00000e+00, 0.00000e+00
1.52000e+00, 1.54000e+00, 1.53000e+00, 0.00000e+00, 0.00000e+00
1.54000e+00, 1.56000e+00, 1.55000e+00, 0.00000e+00, 0.00000e+00
1.56000e+00, 1.58000e+00, 1.57000e+00, 0.00000e+00, 0.00000e+00
1.58000e+00, 1.60000e+00, 1.59000e+00, 0.00000e+00, 0.00000e+00
1.60000e+00, 1.62000e+00, 1.61000e+00, 0.00000e+00, 0.00000e+00
1.62000e+00, 1.64000e+00, 1.63000e+00, 0.00000e+00, 0.00000e+00
1.64000e+00, 1.66000e+00, 1.65000e+00, 0.00000e+00, 0.00000e+00
1.66000e+00, 1.68000e+00, 1.67000e+00, 0.00000e+00, 0.00000e+00
1.68000e+00, 1.70000e+00, 1.69000e+00, 0.00000e+00, 0.00000e+00
1.70000e+00, 1.72000e+00, 1.71000e+00, 0.00000e+00, 0.00000e+00
1.72000e+00, 1.74000e+00, 1.73000e+00, 0.00000e+00, 0.00000e+00
1.74000e+00, 1.76000e+00, 1.75000e+00, 0.00000e+00, 0.00000e+00
1.76000e+00, 1.78000e+00, 1.77000e+00, 0.00000e+00, 0.00000e+00
1.78000e+00, 1.80000e+00, 1.79000e+00, 0.00000e+00, 0.00000e+00
1.80000e+00, 1.82000e+00, 1.81000e+00, 0.00000e+00, 0.00000e+00
1.82000e+00, 1.84000e+00, 1.83000e+00, 0.00000e+00, 0.00000e+00
1.84000e+00, 1.86000e+00, 1.85000e+00, 0.00000e+00, 0.00000e+00
1.86000e+00, 1.88000e+00, 1.87000e+00, 0.00000e+00, 0.00000e+00
1.88000e+00, 1.90000e+00, 1.89000e+00, 0.00000e+00, 0.00000e+00
1.90000e+00, 1.92000e+00, 1.91000e+00, 0.00000e+00, 0.00000e+00
1.92000e+00, 1.94000e+00, 1.93000e+00, 0.00000e+00, 0.00000e+00
1.94000e+00, 1.96000e+00, 1.95000e+00, 0.00000e+00, 0.00000e+00
1.96000e+00, 1.98000e+00, 1.97000e+00, 0.00000e+00, 0.00000e+00
1.98000e+00, 2.00000e+00, 1.99000e+00, 0.00000e+00, 0.00000e+00
