# time = 6.727272727272727e-01# start, end, pivot, particles, density
0.00000e+00, 2.00000e-02, 1.00000e-02, 0.00000e+00, 0.00000e+00
2.00000e-02, 4.00000e-02, 3.00000e-02, 0.00000e+00, 0.00000e+00
4.00000e-02, 6.00000e-02, 5.00000e-02, 0.00000e+00, 0.00000e+00
6.00000e-02, 8.00000e-02, 7.00000e-02, 0.00000e+00, 0.00000e+00
8.00000e-02, 1.00000e-01, 9.00000e-02, 0.00000e+00, 0.00000e+00
1.00000e-01, 1.20000e-01, 1.10000e-01, 1.17633e-40, 5.88167e-39
1.20000e-01, 1.40000e-01, 1.30000e-01, 4.36420e-38, 2.18210e-36
1.40000e-01, 1.60000e-01, 1.50000e-01, 7.87803e-36, 3.93901e-34
1.60000e-01, 1.80000e-01, 1.70000e-01, 9.21890e-34, 4.60945e-32
1.80000e-01, 2.00000e-01, 1.90000e-01, 7.86129e-32, 3.93064e-30
2.00000e-01, 2.20000e-01, 2.10000e-01, 5.20622e-30, 2.60311e-28
2.20000e-01, 2.40000e-01, 2.30000e-01, 2.78678e-28, 1.39339e-26
2.40000e-01, 2.60000e-01, 2.50000e-01, 1.23896e-26, 6.19480e-25
2.60000e-01, 2.80000e-01, 2.70000e-01, 4.66549e-25, 2.33274e-23
2.80000e-01, 3.00000e-01, 2.90000e-01, 1.51006e-23, 7.55028e-22
3.00000e-01, 3.20000e-01, 3.10000e-01, 4.24853e-22, 2.12427e-20
3.20000e-01, 3.40000e-01, 3.30000e-01, 1.04824e-20, 5.24121e-19
3.40000e-01, 3.60000e-01, 3.50000e-01, 2.28396e-19, 1.14198e-17
3.60000e-01, 3.80000e-01, 3.70000e-01, 4.41905e-18, 2.20952e-16
3.80000e-01, 4.00000e-01, 3.90000e-01, 7.62588e-17, 3.81294e-15
4.00000e-01, 4.20000e-01, 4.10000e-01, 1.17780e-15, 5.88901e-14
4.20000e-01, 4.40000e-01, 4.30000e-01, 1.63240e-14, 8.16201e-13
4.40000e-01, 4.60000e-01, 4.50000e-01, 2.03424e-13, 1.01712e-11
4.60000e-01, 4.80000e-01, 4.70000e-01, 2.28232e-12, 1.14116e-10
4.80000e-01, 5.00000e-01, 4.90000e-01, 2.30712e-11, 1.15356e-09
5.00000e-01, 5.20000e-01, 5.10000e-01, 2.10171e-10, 1.05086e-08
5.20000e-01, 5.40000e-01, 5.30000e-01, 1.72479e-09, 8.62396e-08
5.40000e-01, 5.60000e-01, 5.50000e-01, 1.27402e-08, 6.37011e-07
5.60000e-01, 5.80000e-01, 5.70000e-01, 8.45800e-08, 4.22900e-06
5.80000e-01, 6.00000e-01, 5.90000e-01, 5.03645e-07, 2.51823e-05
6.00000e-01, 6.20000e-01, 6.10000e-01, 2.68278e-06, 1.34139e-04
6.20000e-01, 6.40000e-01, 6.30000e-01, 1.27403e-05, 6.37017e-04
6.40000e-01, 6.60000e-01, 6.50000e-01, 5.37156e-05, 2.68578e-03
6.60000e-01, 6.80000e-01, 6.70000e-01, 2.00056e-04, 1.00028e-02
6.80000e-01, 7.00000e-01, 6.90000e-01, 6.54215e-04, 3.27108e-02
7.00000e-01, 7.20000e-01, 7.10000e-01, 1.86531e-03, 9.32653e-02
7.20000e-01, 7.40000e-01, 7.30000e-01, 4.60003e-03, 2.30001e-01
7.40000e-01, 7.60000e-01, 7.50000e-01, 9.72763e-03, 4.86382e-01
7.60000e-01, 7.80000e-01, 7.70000e-01, 1.74967e-02, 8.74837e-01
7.80000e-01, 8.00000e-01, 7.90000e-01, 2.66368e-02, 1.33184e+00
8.00000e-01, 8.20000e-01, 8.10000e-01, 3.44712e-02, 1.72356e+00
8.20000e-01, 8.40000e-01, 8.30000e-01, 3.88237e-02, 1.94118e+00
8.40000e-01, 8.60000e-01, 8.50000e-01, 4.00000e-02, 2.00000e+00
8.60000e-01, 8.80000e-01, 8.70000e-01, 4.00000e-02, 2.00000e+00
8.80000e-01, 9.00000e-01, 8.90000e-01, 4.00000e-02, 2.00000e+00
9.00000e-01, 9.20000e-01, 9.10000e-01, 4.00000e-02, 2.00000e+00
9.20000e-01, 9.40000e-01, 9.30000e-01, 4.00000e-02, 2.00000e+00
9.40000e-01, 9.60000e-01, 9.50000e-01, 4.00000e-02, 2.00000e+00
9.60000e-01, 9.80000e-01, 9.70000e-01, 4.00000e-02, 2.00000e+00
9.80000e-01, 1.00000e+00, 9.90000e-01, 4.00000e-02, 2.00000e+00
1.00000e+00, 1.02000e+00, 1.01000e+00, 4.00000e-02, 2.00000e+00
1.02000e+00, 1.04000e+00, 1.03000e+00, 4.00000e-02, 2.00000e+00
1.04000e+00, 1.06000e+00, 1.05000e+00, 4.00000e-02, 2.00000e+00
1.06000e+00, 1.08000e+00, 1.07000e+00, 3.99999e-02, 2.00000e+00
1.08000e+00, 1.10000e+00, 1.09000e+00, 3.99995e-02, 1.99997e+00
1.10000e+00, 1.12000e+00, 1.11000e+00, 3.99973e-02, 1.99987e+00
1.12000e+00, 1.14000e+00, 1.13000e+00, 3.99873e-02, 1.99936e+00
1.14000e+00, 1.16000e+00, 1.15000e+00, 3.99463e-02, 1.99731e+00
1.16000e+00, 1.18000e+00, 1.17000e+00, 3.97999e-02, 1.99000e+00
1.18000e+00, 1.20000e+00, 1.19000e+00, 3.93458e-02, 1.96729e+00
1.20000e+00, 1.22000e+00, 1.21000e+00, 3.81347e-02, 1.90673e+00
1.22000e+00, 1.24000e+00, 1.23000e+00, 3.54000e-02, 1.77000e+00
1.24000e+00, 1.26000e+00, 1.25000e+00, 3.02724e-02, 1.51362e+00
1.26000e+00, 1.28000e+00, 1.27000e+00, 2.25033e-02, 1.12516e+00
1.28000e+00, 1.30000e+00, 1.29000e+00, 1.33632e-02, 6.68158e-01
1.30000e+00, 1.32000e+00, 1.31000e+00, 5.52877e-03, 2.76438e-01
1.32000e+00, 1.34000e+00, 1.33000e+00, 1.17633e-03, 5.88167e-02
1.34000e+00, 1.36000e+00, 1.35000e+00, 0.00000e+00, 0.00000e+00
1.36000e+00, 1.38000e+00, 1.37000e+00, 0.00000e+00, 0.00000e+00
1.38000e+00, 1.40000e+00, 1.39000e+00, 0.00000e+00, 0.00000e+00
1.40000e+00, 1.42000e+00, 1.41000e+00, 0.00000e+00, 0.00000e+00
1.42000e+00, 1.44000e+00, 1.43000e+00, 0.00000e+00, 0.00000e+00
1.44000e+00, 1.46000e+00, 1.45000e+00, 0.00000e+00, 0.00000e+00
1.46000e+00, 1.48000e+00, 1.47000e+00, 0.00000e+00, 0.00000e+00
1.48000e+00, 1.50000e+00, 1.49000e+00, 0.00000e+00, 0.00000e+00
1.50000e+00, 1.52000e+00, 1.51000e+00, 0.00000e+00, 0.00000e+00
1.52000e+00, 1.54000e+00, 1.53000e+00, 0.00000e+00, 0.00000e+00
1.54000e+00, 1.56000e+00, 1.55000e+00, 0.00000e+00, 0.00000e+00
1.56000e+00, 1.58000e+00, 1.57000e+00, 0.00000e+00, 0.00000e+00
1.58000e+00, 1.60000e+00, 1.59000e+00, 0.00000e+00, 0.00000e+00
1.60000e+00, 1.62000e+00, 1.61000e+00, 0.00000e+00, 0.00000e+00
1.62000e+00, 1.64000e+00, 1.63000e+00, 0.00000e+00, 0.00000e+00
1.64000e+00, 1.66000e+00, 1.65000e+00, 0.00000e+00, 0.00000e+00
1.66000e+00, 1.68000e+00, 1.67000e+00, 0.00000e+00, 0.00000e+00
1.68000e+00, 1.70000e+00, 1.69000e+00, 0.00000e+00, 0.00000e+00
1.70000e+00, 1.72000e+00, 1.71000e+00, 0.00000e+00, 0.00000e+00
1.72000e+00, 1.74000e+00, 1.73000e+00, 0.00000e+00, 0.00000e+00
1.74000e+00, 1.76000e+00, 1.75000e+00, 0.00000e+00, 0.00000e+00
1.76000e+00, 1.78000e+00, 1.77000e+00, 0.00000e+00, 0.00000e+00
1.78000e+00, 1.80000e+00, 1.79000e+00, 0.00000e+00, 0.00000e+00
1.80000e+00, 1.82000e+00, 1.81000e+00, 0.00000e+00, 0.00000e+00
1.82000e+00, 1.84000e+00, 1.83000e+00, 0.00000e+00, 0.00000e+00
1.84000e+00, 1.86000e+00, 1.85000e+00, 0.00000e+00, 0.00000e+00
1.86000e+00, 1.88000e+00, 1.87000e+00, 0.00000e+00, 0.00000e+00
1.88000e+00, 1.90000e+00, 1.89000e+00, 0.00000e+00, 0.00000e+00
1.90000e+00, 1.92000e+00, 1.91000e+00, 0.00000e+00, 0.00000e+00
1.92000e+00, 1.94000e+00, 1.93000e+00, 0.00000e+00, 0.00000e+00
1.94000e+00, 1.96000e+00, 1.95000e+00, 0.00000e+00, 0.00000e+00
1.96000e+00, 1.98000e+00, 1.97000e+00, 0.00000e+00, 0.00000e+00
1.98000e+00, 2.00000e+00, 1.99000e+00, 0.00000e+00, 0.00000e+00
