# time = 2.909090909090909e-01# start, end, pivot, particles, density
0.00000e+00, 2.00000e-02, 1.00000e-02, 0.00000e+00, 0.00000e+00
2.00000e-02, 4.00000e-02, 3.00000e-02, 0.00000e+00, 0.00000e+00
4.00000e-02, 6.00000e-02, 5.00000e-02, 0.00000e+00, 0.00000e+00
6.00000e-02, 8.00000e-02, 7.00000e-02, 0.00000e+00, 0.00000e+00
8.00000e-02, 1.00000e-01, 9.00000e-02, 0.00000e+00, 0.00000e+00
1.00000e-01, 1.20000e-01, 1.10000e-01, 8.70517e-19, 4.35258e-17
1.20000e-01, 1.40000e-01, 1.30000e-01, 1.40153e-16, 7.00766e-15
1.40000e-01, 1.60000e-01, 1.50000e-01, 1.05864e-14, 5.29318e-13
1.60000e-01, 1.80000e-01, 1.70000e-01, 4.98076e-13, 2.49038e-11
1.80000e-01, 2.00000e-01, 1.90000e-01, 1.63415e-11, 8.17074e-10
2.00000e-01, 2.20000e-01, 2.10000e-01, 3.96583e-10, 1.98292e-08
2.20000e-01, 2.40000e-01, 2.30000e-01, 7.36768e-09, 3.68384e-07
2.40000e-01, 2.60000e-01, 2.50000e-01, 1.06955e-07, 5.34774e-06
2.60000e-01, 2.80000e-01, 2.70000e-01, 1.22731e-06, 6.13655e-05
2.80000e-01, 3.00000e-01, 2.90000e-01, 1.11860e-05, 5.59301e-04
3.00000e-01, 3.20000e-01, 3.10000e-01, 8.08970e-05, 4.04485e-03
3.20000e-01, 3.40000e-01, 3.30000e-01, 4.61139e-04, 2.30569e-02
3.40000e-01, 3.60000e-01, 3.50000e-01, 2.04548e-03, 1.02274e-01
3.60000e-01, 3.80000e-01, 3.70000e-01, 6.92037e-03, 3.46019e-01
3.80000e-01, 4.00000e-01, 3.90000e-01, 1.73666e-02, 8.68328e-01
4.00000e-01, 4.20000e-01, 4.10000e-01, 3.12948e-02, 1.56474e+00
4.20000e-01, 4.40000e-01, 4.30000e-01, 4.00000e-02, 2.00000e+00
4.40000e-01, 4.60000e-01, 4.50000e-01, 4.00000e-02, 2.00000e+00
4.60000e-01, 4.80000e-01, 4.70000e-01, 4.00000e-02, 2.00000e+00
4.80000e-01, 5.00000e-01, 4.90000e-01, 4.00000e-02, 2.00000e+00
5.00000e-01, 5.20000e-01, 5.10000e-01, 4.00000e-02, 2.00000e+00
5.20000e-01, 5.40000e-01, 5.30000e-01, 4.00000e-02, 2.00000e+00
5.40000e-01, 5.60000e-01, 5.50000e-01, 4.00000e-02, 2.00000e+00
5.60000e-01, 5.80000e-01, 5.70000e-01, 4.00000e-02, 2.00000e+00
5.80000e-01, 6.00000e-01, 5.90000e-01, 4.00000e-02, 2.00000e+00
6.00000e-01, 6.20000e-01, 6.10000e-01, 4.00000e-02, 2.00000e+00
6.20000e-01, 6.40000e-01, 6.30000e-01, 4.00000e-02, 2.00000e+00
6.40000e-01, 6.60000e-01, 6.50000e-01, 4.00000e-02, 2.00000e+00
6.60000e-01, 6.80000e-01, 6.70000e-01, 4.00000e-02, 2.00000e+00
6.80000e-01, 7.00000e-01, 6.90000e-01, 4.00000e-02, 2.00000e+00
7.00000e-01, 7.20000e-01, 7.10000e-01, 4.00000e-02, 2.00000e+00
7.20000e-01, 7.40000e-01, 7.30000e-01, 4.00000e-02, 2.00000e+00
7.40000e-01, 7.60000e-01, 7.50000e-01, 3.99999e-02, 1.99999e+00
7.60000e-01, 7.80000e-01, 7.70000e-01, 3.99988e-02, 1.99994e+00
7.80000e-01, 8.00000e-01, 7.90000e-01, 3.99888e-02, 1.99944e+00
8.00000e-01, 8.20000e-01, 8.10000e-01, 3.99191e-02, 1.99596e+00
8.20000e-01, 8.40000e-01, 8.30000e-01, 3.95389e-02, 1.97694e+00
8.40000e-01, 8.60000e-01, 8.50000e-01, 3.79545e-02, 1.89773e+00
8.60000e-01, 8.80000e-01, 8.70000e-01, 3.30796e-02, 1.65398e+00
8.80000e-01, 9.00000e-01, 8.90000e-01, 2.26334e-02, 1.13167e+00
9.00000e-01, 9.20000e-01, 9.10000e-01, 8.70517e-03, 4.35258e-01
9.20000e-01, 9.40000e-01, 9.30000e-01, 0.00000e+00, 0.00000e+00
9.40000e-01, 9.60000e-01, 9.50000e-01, 0.00000e+00, 0.00000e+00
9.60000e-01, 9.80000e-01, 9.70000e-01, 0.00000e+00, 0.00000e+00
9.80000e-01, 1.00000e+00, 9.90000e-01, 0.00000e+00, 0.00000e+00
1.00000e+00, 1.02000e+00, 1.01000e+00, 0.00000e+00, 0.00000e+00
1.02000e+00, 1.04000e+00, 1.03000e+00, 0.00000e+00, 0.00000e+00
1.04000e+00, 1.06000e+00, 1.05000e+00, 0.00000e+00, 0.00000e+00
1.06000e+00, 1.08000e+00, 1.07000e+00, 0.00000e+00, 0.00000e+00
1.08000e+00, 1.10000e+00, 1.09000e+00, 0.00000e+00, 0.00000e+00
1.10000e+00, 1.12000e+00, 1.11000e+00, 0.00000e+00, 0.00000e+00
1.12000e+00, 1.14000e+00, 1.13000e+00, 0.00000e+00, 0.00000e+00
1.14000e+00, 1.16000e+00, 1.15000e+00, 0.00000e+00, 0.00000e+00
1.16000e+00, 1.18000e+00, 1.17000e+00, 0.00000e+00, 0.00000e+00
1.18000e+00, 1.20000e+00, 1.19000e+00, 0.00000e+00, 0.00000e+00
1.20000e+00, 1.22000e+00, 1.21000e+00, 0.00000e+00, 0.00000e+00
1.22000e+00, 1.24000e+00, 1.23000e+00, 0.00000e+00, 0.00000e+00
1.24000e+00, 1.26000e+00, 1.25000e+00, 0.00000e+00, 0.00000e+00
1.26000e+00, 1.28000e+00, 1.27000e+00, 0.00000e+00, 0.00000e+00
1.28000e+00, 1.30000e+00, 1.29000e+00, 0.00000e+00, 0.00000e+00
1.30000e+00, 1.32000e+00, 1.31000e+00, 0.00000e+00, 0.00000e+00
1.32000e+00, 1.34000e+00, 1.33000e+00, 0.00000e+00, 0.00000e+00
1.34000e+00, 1.36000e+00, 1.35000e+00, 0.00000e+00, 0.00000e+00
1.36000e+00, 1.38000e+00, 1.37000e+00, 0.00000e+00, 0.00000e+00
1.38000e+00, 1.40000e+00, 1.39000e+00, 0.00000e+00, 0.00000e+00
1.40000e+00, 1.42000e+00, 1.41000e+00, 0.00000e+00, 0.00000e+00
1.42000e+00, 1.44000e+00, 1.43000e+00, 0.00000e+00, 0.00000e+00
1.44000e+00, 1.46000e+00, 1.45000e+00, 0.00000e+00, 0.00000e+00
1.46000e+00, 1.48000e+00, 1.47000e+00, 0.00000e+00, 0.00000e+00
1.48000e+00, 1.50000e+00, 1.49000e+00, 0.00000e+00, 0.00000e+00
1.50000e+00, 1.52000e+00, 1.51000e+00, 0.00000e+00, 0.00000e+00
1.52000e+00, 1.54000e+00, 1.53000e+00, 0.00000e+00, 0.00000e+00
1.54000e+00, 1.56000e+00, 1.55000e+00, 0.00000e+00, 0.00000e+00
1.56000e+00, 1.58000e+00, 1.57000e+00, 0.00000e+00, 0.00000e+00
1.58000e+00, 1.60000e+00, 1.59000e+00, 0.00000e+00, 0.00000e+00
1.60000e+00, 1.62000e+00, 1.61000e+00, 0.00000e+00, 0.00000e+00
1.62000e+00, 1.64000e+00, 1.63000e+00, 0.00000e+00, 0.00000e+00
1.64000e+00, 1.66000e+00, 1.65000e+00, 0.00000e+00, 0.00000e+00
1.66000e+00, 1.68000e+00, 1.67000e+00, 0.00000e+00, 0.00000e+00
1.68000e+00, 1.70000e+00, 1.69000e+00, 0.00000e+00, 0.00000e+00
1.70000e+00, 1.72000e+00, 1.71000e+00, 0.00000e+00, 0.00000e+00
1.72000e+00, 1.74000e+00, 1.73000e+00, 0.00000e+00, 0.00000e+00
1.74000e+00, 1.76000e+00, 1.75000e+00, 0.00000e+00, 0.00000e+00
1.76000e+00, 1.78000e+00, 1.77000e+00, 0.00000e+00, 0.00000e+00
1.78000e+00, 1.80000e+00, 1.79000e+00, 0.00000e+00, 0.00000e+00
1.80000e+00, 1.82000e+00, 1.81000e+00, 0.00000e+00, 0.00000e+00
1.82000e+00, 1.84000e+00, 1.83000e+00, 0.00000e+00, 0.00000e+00
1.84000e+00, 1.86000e+00, 1.85000e+00, 0.00000e+00, 0.00000e+00
1.86000e+00, 1.88000e+00, 1.87000e+00, 0.00000e+00, 0.00000e+00
1.88000e+00, 1.90000e+00, 1.89000e+00, 0.00000e+00, 0.00000e+00
1.90000e+00, 1.92000e+00, 1.91000e+00, 0.00000e+00, 0.00000e+00
1.92000e+00, 1.94000e+00, 1.93000e+00, 0.00000e+00, 0.00000e+00
1.94000e+00, 1.96000e+00, 1.95000e+00, 0.00000e+00, 0.00000e+00
1.96000e+00, 1.98000e+00, 1.97000e+00, 0.00000e+00, 0.00000e+00
1.98000e+00, 2.00000e+00, 1.99000e+00, 0.00000e+00, 0.00000e+00
