# time = 8.363636363636363e-01# start, end, pivot, particles, density
0.00000e+00, 2.00000e-02, 1.00000e-02, 0.00000e+00, 0.00000e+00
2.00000e-02, 4.00000e-02, 3.00000e-02, 0.00000e+00, 0.00000e+00
4.00000e-02, 6.00000e-02, 5.00000e-02, 0.00000e+00, 0.00000e+00
6.00000e-02, 8.00000e-02, 7.00000e-02, 0.00000e+00, 0.00000e+00
8.00000e-02, 1.00000e-01, 9.00000e-02, 0.00000e+00, 0.00000e+00
1.00000e-01, 1.20000e-01, 1.10000e-01, 0.00000e+00, 0.00000e+00
1.20000e-01, 1.40000e-01, 1.30000e-01, 0.00000e+00, 0.00000e+00
1.40000e-01, 1.60000e-01, 1.50000e-01, 0.00000e+00, 0.00000e+00
1.60000e-01, 1.80000e-01, 1.70000e-01, 0.00000e+00, 0.00000e+00
1.80000e-01, 2.00000e-01, 1.90000e-01, 0.00000e+00, 0.00000e+00
2.00000e-01, 2.20000e-01, 2.10000e-01, 0.00000e+00, 0.00000e+00
2.20000e-01, 2.40000e-01, 2.30000e-01, 0.00000e+00, 0.00000e+00
2.40000e-01, 2.60000e-01, 2.50000e-01, 0.00000e+00, 0.00000e+00
2.60000e-01, 2.80000e-01, 2.70000e-01, 0.00000e+00, 0.00000e+00
2.80000e-01, 3.00000e-01, 2.90000e-01, 0.00000e+00, 0.00000e+00
3.00000e-01, 3.20000e-01, 3.10000e-01, 0.00000e+00, 0.00000e+00
3.20000e-01, 3.40000e-01, 3.30000e-01, 0.00000e+00, 0.00000e+00
3.40000e-01, 3.60000e-01, 3.50000e-01, 0.00000e+00, 0.00000e+00
3.60000e-01, 3.80000e-01, 3.70000e-01, 0.00000e+00, 0.00000e+00
3.80000e-01, 4.00000e-01, 3.90000e-01, 0.00000e+00, 0.00000e+00
4.00000e-01, 4.20000e-01, 4.10000e-01, 0.00000e+00, 0.00000e+00
4.20000e-01, 4.40000e-01, 4.30000e-01, 0.00000e+00, 0.00000e+00
4.40000e-01, 4.60000e-01, 4.50000e-01, 0.00000e+00, 0.00000e+00
4.60000e-01, 4.80000e-01, 4.70000e-01, 0.00000e+00, 0.00000e+00
4.80000e-01, 5.00000e-01, 4.90000e-01, 2.25137e-02, 1.12569e+00
5.00000e-01, 5.20000e-01, 5.10000e-01, 4.92808e-01, 2.46404e+01
5.20000e-01, 5.40000e-01, 5.30000e-01, 3.34469e-01, 1.67235e+01
5.40000e-01, 5.60000e-01, 5.50000e-01, 0.00000e+00, 0.00000e+00
5.60000e-01, 5.80000e-01, 5.70000e-01, 2.20537e-01, 1.10269e+01
5.80000e-01, 6.00000e-01, 5.90000e-01, 1.94294e+00, 9.71471e+01
6.00000e-01, 6.20000e-01, 6.10000e-01, 1.24675e+00, 6.23375e+01
6.20000e-01, 6.40000e-01, 6.30000e-01, 0.00000e+00, 0.00000e+00
6.40000e-01, 6.60000e-01, 6.50000e-01, 0.00000e+00, 0.00000e+00
6.60000e-01, 6.80000e-01, 6.70000e-01, 2.62939e+00, 1.31469e+02
6.80000e-01, 7.00000e-01, 6.90000e-01, 2.93094e+00, 1.46547e+02
7.00000e-01, 7.20000e-01, 7.10000e-01, 7.28611e-01, 3.64305e+01
7.20000e-01, 7.40000e-01, 7.30000e-01, 0.00000e+00, 0.00000e+00
7.40000e-01, 7.60000e-01, 7.50000e-01, 1.98755e+00, 9.93774e+01
7.60000e-01, 7.80000e-01, 7.70000e-01, 5.26933e+00, 2.63466e+02
7.80000e-01, 8.00000e-01, 7.90000e-01, 2.78241e+00, 1.39121e+02
8.00000e-01, 8.20000e-01, 8.10000e-01, 0.00000e+00, 0.00000e+00
8.20000e-01, 8.40000e-01, 8.30000e-01, 0.00000e+00, 0.00000e+00
8.40000e-01, 8.60000e-01, 8.50000e-01, 4.01296e+00, 2.00648e+02
8.60000e-01, 8.80000e-01, 8.70000e-01, 6.70223e+00, 3.35111e+02
8.80000e-01, 9.00000e-01, 8.90000e-01, 3.86158e+00, 1.93079e+02
9.00000e-01, 9.20000e-01, 9.10000e-01, 7.51825e-01, 3.75913e+01
9.20000e-01, 9.40000e-01, 9.30000e-01, 0.00000e+00, 0.00000e+00
9.40000e-01, 9.60000e-01, 9.50000e-01, 8.72698e-01, 4.36349e+01
9.60000e-01, 9.80000e-01, 9.70000e-01, 6.20264e+00, 3.10132e+02
9.80000e-01, 1.00000e+00, 9.90000e-01, 6.62493e+00, 3.31247e+02
1.00000e+00, 1.02000e+00, 1.01000e+00, 3.46184e+00, 1.73092e+02
1.02000e+00, 1.04000e+00, 1.03000e+00, 9.42797e-01, 4.71398e+01
1.04000e+00, 1.06000e+00, 1.05000e+00, 0.00000e+00, 0.00000e+00
1.06000e+00, 1.08000e+00, 1.07000e+00, 0.00000e+00, 0.00000e+00
1.08000e+00, 1.10000e+00, 1.09000e+00, 1.34899e+00, 6.74495e+01
1.10000e+00, 1.12000e+00, 1.11000e+00, 3.26868e+00, 1.63434e+02
1.12000e+00, 1.14000e+00, 1.13000e+00, 3.08161e+00, 1.54080e+02
1.14000e+00, 1.16000e+00, 1.15000e+00, 1.93331e+00, 9.66656e+01
1.16000e+00, 1.18000e+00, 1.17000e+00, 9.31387e-01, 4.65693e+01
1.18000e+00, 1.20000e+00, 1.19000e+00, 3.65765e-01, 1.82882e+01
1.20000e+00, 1.22000e+00, 1.21000e+00, 1.20692e-01, 6.03462e+00
1.22000e+00, 1.24000e+00, 1.23000e+00, 3.40308e-02, 1.70154e+00
1.24000e+00, 1.26000e+00, 1.25000e+00, 8.27733e-03, 4.13867e-01
1.26000e+00, 1.28000e+00, 1.27000e+00, 1.74518e-03, 8.72588e-02
1.28000e+00, 1.30000e+00, 1.29000e+00, 3.19440e-04, 1.59720e-02
1.30000e+00, 1.32000e+00, 1.31000e+00, 5.07039e-05, 2.53520e-03
1.32000e+00, 1.34000e+00, 1.33000e+00, 6.95378e-06, 3.47689e-04
1.34000e+00, 1.36000e+00, 1.35000e+00, 8.18892e-07, 4.09446e-05
1.36000e+00, 1.38000e+00, 1.37000e+00, 8.20460e-08, 4.10230e-06
1.38000e+00, 1.40000e+00, 1.39000e+00, 6.90333e-09, 3.45167e-07
1.40000e+00, 1.42000e+00, 1.41000e+00, 4.78960e-10, 2.39480e-08
1.42000e+00, 1.44000e+00, 1.43000e+00, 2.66954e-11, 1.33477e-09
1.44000e+00, 1.46000e+00, 1.45000e+00, 1.14955e-12, 5.74776e-11
1.46000e+00, 1.48000e+00, 1.47000e+00, 3.59086e-14, 1.79543e-12
1.48000e+00, 1.50000e+00, 1.49000e+00, 7.24673e-16, 3.62336e-14
1.50000e+00, 1.52000e+00, 1.51000e+00, 8.07435e-18, 4.03717e-16
1.52000e+00, 1.54000e+00, 1.53000e+00, 0.00000e+00, 0.00000e+00
1.54000e+00, 1.56000e+00, 1.55000e+00, 0.00000e+00, 0.00000e+00
1.56000e+00, 1.58000e+00, 1.57000e+00, 0.00000e+00, 0.00000e+00
1.58000e+00, 1.60000e+00, 1.59000e+00, 0.00000e+00, 0.00000e+00
1.60000e+00, 1.62000e+00, 1.61000e+00, 0.00000e+00, 0.00000e+00
1.62000e+00, 1.64000e+00, 1.63000e+00, 0.00000e+00, 0.00000e+00
1.64000e+00, 1.66000e+00, 1.65000e+00, 0.00000e+00, 0.00000e+00
1.66000e+00, 1.68000e+00, 1.67000e+00, 0.00000e+00, 0.00000e+00
1.68000e+00, 1.70000e+00, 1.69000e+00, 0.00000e+00, 0.00000e+00
1.70000e+00, 1.72000e+00, 1.71000e+00, 0.00000e+00, 0.00000e+00
1.72000e+00, 1.74000e+00, 1.73000e+00, 0.00000e+00, 0.00000e+00
1.74000e+00, 1.76000e+00, 1.75000e+00, 0.00000e+00, 0.00000e+00
1.76000e+00, 1.78000e+00, 1.77000e+00, 0.00000e+00, 0.00000e+00
1.78000e+00, 1.80000e+00, 1.79000e+00, 0.00000e+00, 0.00000e+00
1.80000e+00, 1.82000e+00, 1.81000e+00, 0.00000e+00, 0.00000e+00
1.82000e+00, 1.84000e+00, 1.83000e+00, 0.00000e+00, 0.00000e+00
1.84000e+00, 1.86000e+00, 1.85000e+00, 0.00000e+00, 0.00000e+00
1.86000e+00, 1.88000e+00, 1.87000e+00, 0.00000e+00, 0.00000e+00
1.88000e+00, 1.90000e+00, 1.89000e+00, 0.00000e+00, 0.00000e+00
1.90000e+00, 1.92000e+00, 1.91000e+00, 0.00000e+00, 0.00000e+00
1.92000e+00, 1.94000e+00, 1.93000e+00, 0.00000e+00, 0.00000e+00
1.94000e+00, 1.96000e+00, 1.95000e+00, 0.00000e+00, 0.00000e+00
1.96000e+00, 1.98000e+00, 1.97000e+00, 0.00000e+00, 0.00000e+00
1.98000e+00, 2.00000e+00, 1.99000e+00, 0.00000e+00, 0.00000e+00
