# time = 5.700000000000001e-01# start, end, pivot, particles, density
0.00000e+00, 2.41493e-04, 1.20747e-04, 2.41464e-04, 9.99879e-01
2.41493e-04, 5.31286e-04, 3.86390e-04, 1.62803e-04, 5.61791e-01
5.31286e-04, 8.79036e-04, 7.05161e-04, 1.95274e-04, 5.61534e-01
8.79036e-04, 1.29634e-03, 1.08769e-03, 2.34199e-04, 5.61225e-01
1.29634e-03, 1.79710e-03, 1.54672e-03, 2.80854e-04, 5.60854e-01
1.79710e-03, 2.39801e-03, 2.09755e-03, 3.36757e-04, 5.60410e-01
2.39801e-03, 3.11911e-03, 2.75856e-03, 4.03725e-04, 5.59877e-01
3.11911e-03, 3.98442e-03, 3.55176e-03, 4.83917e-04, 5.59238e-01
3.98442e-03, 5.02280e-03, 4.50361e-03, 5.79906e-04, 5.58473e-01
5.02280e-03, 6.26885e-03, 5.64583e-03, 6.94746e-04, 5.57557e-01
6.26885e-03, 7.76412e-03, 7.01648e-03, 8.32055e-04, 5.56460e-01
7.76412e-03, 9.55843e-03, 8.66127e-03, 9.96109e-04, 5.55147e-01
9.55843e-03, 1.17116e-02, 1.06350e-02, 1.19195e-03, 5.53576e-01
1.17116e-02, 1.42954e-02, 1.30035e-02, 1.42549e-03, 5.51698e-01
1.42954e-02, 1.73960e-02, 1.58457e-02, 1.70363e-03, 5.49455e-01
1.73960e-02, 2.11167e-02, 1.92564e-02, 2.03440e-03, 5.46779e-01
2.11167e-02, 2.55815e-02, 2.33491e-02, 2.42703e-03, 5.43587e-01
2.55815e-02, 3.09393e-02, 2.82604e-02, 2.89207e-03, 5.39787e-01
3.09393e-02, 3.73687e-02, 3.41540e-02, 3.44145e-03, 5.35271e-01
3.73687e-02, 4.50839e-02, 4.12263e-02, 4.08840e-03, 5.29912e-01
4.50839e-02, 5.43422e-02, 4.97131e-02, 4.84733e-03, 5.23567e-01
5.43422e-02, 6.54521e-02, 5.98972e-02, 5.73357e-03, 5.16076e-01
6.54521e-02, 7.87841e-02, 7.21181e-02, 6.76274e-03, 5.07259e-01
7.87841e-02, 9.47824e-02, 8.67832e-02, 7.94990e-03, 4.96921e-01
9.47824e-02, 1.13980e-01, 1.04381e-01, 9.30825e-03, 4.84856e-01
1.13980e-01, 1.37018e-01, 1.25499e-01, 1.08472e-02, 4.70850e-01
1.37018e-01, 1.64663e-01, 1.50840e-01, 1.25701e-02, 4.54696e-01
1.64663e-01, 1.97837e-01, 1.81250e-01, 1.44707e-02, 4.36206e-01
1.97837e-01, 2.37646e-01, 2.17742e-01, 1.65300e-02, 4.15234e-01
2.37646e-01, 2.85417e-01, 2.61531e-01, 1.87117e-02, 3.91698e-01
2.85417e-01, 3.42742e-01, 3.14079e-01, 2.09589e-02, 3.65617e-01
3.42742e-01, 4.11531e-01, 3.77136e-01, 2.31916e-02, 3.37137e-01
4.11531e-01, 4.94079e-01, 4.52805e-01, 2.53064e-02, 3.06566e-01
4.94079e-01, 5.93136e-01, 5.43608e-01, 2.71809e-02, 2.74396e-01
5.93136e-01, 7.12005e-01, 6.52571e-01, 2.86832e-02, 2.41301e-01
7.12005e-01, 8.54648e-01, 7.83326e-01, 2.96867e-02, 2.08120e-01
8.54648e-01, 1.02582e+00, 9.40233e-01, 3.00901e-02, 1.75790e-01
1.02582e+00, 1.23122e+00, 1.12852e+00, 2.98370e-02, 1.45259e-01
1.23122e+00, 1.47771e+00, 1.35447e+00, 2.89309e-02, 1.17373e-01
1.47771e+00, 1.77349e+00, 1.62560e+00, 2.74374e-02, 9.27619e-02
1.77349e+00, 2.12843e+00, 1.95096e+00, 2.54730e-02, 7.17669e-02
2.12843e+00, 2.55436e+00, 2.34140e+00, 2.31799e-02, 5.44222e-02
2.55436e+00, 3.06548e+00, 2.80992e+00, 2.06997e-02, 4.04991e-02
3.06548e+00, 3.67881e+00, 3.37214e+00, 1.81520e-02, 2.95955e-02
3.67881e+00, 4.41482e+00, 4.04681e+00, 1.56280e-02, 2.12336e-02
4.41482e+00, 5.29802e+00, 4.85642e+00, 1.31938e-02, 1.49386e-02
5.29802e+00, 6.35787e+00, 5.82794e+00, 1.08986e-02, 1.02832e-02
6.35787e+00, 7.62968e+00, 6.99378e+00, 8.78129e-03, 6.90453e-03
7.62968e+00, 9.15586e+00, 8.39277e+00, 6.87439e-03, 4.50432e-03
9.15586e+00, 1.09873e+01, 1.00716e+01, 5.20385e-03, 2.84144e-03
1.09873e+01, 1.31850e+01, 1.20861e+01, 3.78765e-03, 1.72346e-03
1.31850e+01, 1.58222e+01, 1.45036e+01, 2.63326e-03, 9.98492e-04
1.58222e+01, 1.89869e+01, 1.74045e+01, 1.73532e-03, 5.48339e-04
1.89869e+01, 2.27845e+01, 2.08857e+01, 1.07460e-03, 2.82967e-04
2.27845e+01, 2.73417e+01, 2.50631e+01, 6.19213e-04, 1.35877e-04
2.73417e+01, 3.28102e+01, 3.00759e+01, 3.28436e-04, 6.00588e-05
3.28102e+01, 3.93725e+01, 3.60914e+01, 1.58480e-04, 2.41501e-05
3.93725e+01, 4.72473e+01, 4.33099e+01, 6.87119e-05, 8.72561e-06
4.72473e+01, 5.66969e+01, 5.19721e+01, 2.64355e-05, 2.79750e-06
5.66969e+01, 6.80366e+01, 6.23668e+01, 8.91808e-06, 7.86452e-07
6.80366e+01, 8.16441e+01, 7.48404e+01, 2.61132e-06, 1.91902e-07
8.16441e+01, 9.79732e+01, 8.98087e+01, 6.59038e-07, 4.03598e-08
9.79732e+01, 1.17568e+02, 1.07771e+02, 1.43048e-07, 7.30025e-09
1.17568e+02, 1.41082e+02, 1.29325e+02, 2.68134e-08, 1.14032e-09
1.41082e+02, 1.69299e+02, 1.55190e+02, 4.38713e-09, 1.55480e-10
1.69299e+02, 2.03159e+02, 1.86229e+02, 6.36538e-10, 1.87991e-11
2.03159e+02, 2.43790e+02, 2.23475e+02, 8.33360e-11, 2.05100e-12
2.43790e+02, 2.92549e+02, 2.68170e+02, 9.99547e-12, 2.05000e-13
2.92549e+02, 3.51059e+02, 3.21804e+02, 1.11037e-12, 1.89774e-14
3.51059e+02, 4.21271e+02, 3.86165e+02, 1.15009e-13, 1.63802e-15
4.21271e+02, 5.05525e+02, 4.63398e+02, 1.11493e-14, 1.32329e-16
5.05525e+02, 6.06631e+02, 5.56078e+02, 1.01379e-15, 1.00270e-17
6.06631e+02, 7.27957e+02, 6.67294e+02, 8.65781e-17, 7.13597e-19
7.27957e+02, 8.73548e+02, 8.00753e+02, 6.95078e-18, 4.77416e-20
8.73548e+02, 1.04826e+03, 9.60903e+02, 5.24960e-19, 3.00475e-21
1.04826e+03, 1.25791e+03, 1.15308e+03, 3.73183e-20, 1.78001e-22
1.25791e+03, 1.50949e+03, 1.38370e+03, 2.49805e-21, 9.92935e-24
1.50949e+03, 1.81139e+03, 1.66044e+03, 1.57505e-22, 5.21713e-25
1.81139e+03, 2.17367e+03, 1.99253e+03, 9.35579e-24, 2.58249e-26
2.17367e+03, 2.60840e+03, 2.39104e+03, 5.23600e-25, 1.20441e-27
2.60840e+03, 3.13009e+03, 2.86924e+03, 2.76084e-26, 5.29221e-29
3.13009e+03, 3.75610e+03, 3.44309e+03, 1.37137e-27, 2.19063e-30
3.75610e+03, 4.50732e+03, 4.13171e+03, 6.41573e-29, 8.54040e-32
4.50732e+03, 5.40879e+03, 4.95806e+03, 2.82600e-30, 3.13489e-33
5.40879e+03, 6.49055e+03, 5.94967e+03, 1.17152e-31, 1.08297e-34
6.49055e+03, 7.78866e+03, 7.13960e+03, 4.56818e-33, 3.51911e-36
7.78866e+03, 9.34639e+03, 8.56752e+03, 1.67446e-34, 1.07494e-37
9.34639e+03, 1.12157e+04, 1.02810e+04, 5.76518e-36, 3.08417e-39
1.12157e+04, 1.34588e+04, 1.23372e+04, 1.86280e-37, 8.30444e-41
1.34588e+04, 1.61506e+04, 1.48047e+04, 5.64269e-39, 2.09628e-42
1.61506e+04, 1.93807e+04, 1.77656e+04, 1.60053e-40, 4.95503e-44
1.93807e+04, 2.32568e+04, 2.13187e+04, 4.24535e-42, 1.09525e-45
2.32568e+04, 2.79082e+04, 2.55825e+04, 1.05142e-43, 2.26046e-47
2.79082e+04, 3.34898e+04, 3.06990e+04, 2.42718e-45, 4.34852e-49
3.34898e+04, 4.01878e+04, 3.68388e+04, 5.21251e-47, 7.78223e-51
4.01878e+04, 4.82253e+04, 4.42065e+04, 1.03909e-48, 1.29279e-52
4.82253e+04, 5.78704e+04, 5.30478e+04, 1.91794e-50, 1.98852e-54
5.78704e+04, 6.94444e+04, 6.36574e+04, 3.26866e-52, 2.82412e-56
6.94444e+04, 8.33333e+04, 7.63889e+04, 5.12689e-54, 3.69136e-58
8.33333e+04, 1.00000e+05, 9.16667e+04, 0.00000e+00, 0.00000e+00
