# time = 4.600000000000000e-01# start, end, pivot, particles, density
0.00000e+00, 2.41493e-04, 1.20747e-04, 1.51681e-04, 6.28096e-01
2.41493e-04, 5.31286e-04, 3.86390e-04, 1.81951e-04, 6.27866e-01
5.31286e-04, 8.79036e-04, 7.05161e-04, 2.18245e-04, 6.27592e-01
8.79036e-04, 1.29634e-03, 1.08769e-03, 2.61757e-04, 6.27262e-01
1.29634e-03, 1.79710e-03, 1.54672e-03, 3.13910e-04, 6.26867e-01
1.79710e-03, 2.39801e-03, 2.09755e-03, 3.76408e-04, 6.26393e-01
2.39801e-03, 3.11911e-03, 2.75856e-03, 4.51280e-04, 6.25825e-01
3.11911e-03, 3.98442e-03, 3.55176e-03, 5.40947e-04, 6.25144e-01
3.98442e-03, 5.02280e-03, 4.50361e-03, 6.48288e-04, 6.24328e-01
5.02280e-03, 6.26885e-03, 5.64583e-03, 7.76728e-04, 6.23351e-01
6.26885e-03, 7.76412e-03, 7.01648e-03, 9.30325e-04, 6.22181e-01
7.76412e-03, 9.55843e-03, 8.66127e-03, 1.11387e-03, 6.20779e-01
9.55843e-03, 1.17116e-02, 1.06350e-02, 1.33304e-03, 6.19104e-01
1.17116e-02, 1.42954e-02, 1.30035e-02, 1.59447e-03, 6.17098e-01
1.42954e-02, 1.73960e-02, 1.58457e-02, 1.90594e-03, 6.14704e-01
1.73960e-02, 2.11167e-02, 1.92564e-02, 2.27648e-03, 6.11843e-01
2.11167e-02, 2.55815e-02, 2.33491e-02, 2.71657e-03, 6.08437e-01
2.55815e-02, 3.09393e-02, 2.82604e-02, 3.23810e-03, 6.04371e-01
3.09393e-02, 3.73687e-02, 3.41540e-02, 3.85468e-03, 5.99543e-01
3.73687e-02, 4.50839e-02, 4.12263e-02, 4.58135e-03, 5.93806e-01
4.50839e-02, 5.43422e-02, 4.97131e-02, 5.43470e-03, 5.87009e-01
5.43422e-02, 6.54521e-02, 5.98972e-02, 6.43208e-03, 5.78948e-01
6.54521e-02, 7.87841e-02, 7.21181e-02, 7.59276e-03, 5.69517e-01
7.87841e-02, 9.47824e-02, 8.67832e-02, 8.93331e-03, 5.58391e-01
9.47824e-02, 1.13980e-01, 1.04381e-01, 1.04705e-02, 5.45397e-01
1.13980e-01, 1.37018e-01, 1.25499e-01, 1.22165e-02, 5.30284e-01
1.37018e-01, 1.64663e-01, 1.50840e-01, 1.41767e-02, 5.12813e-01
1.64663e-01, 1.97837e-01, 1.81250e-01, 1.63469e-02, 4.92761e-01
1.97837e-01, 2.37646e-01, 2.17742e-01, 1.87079e-02, 4.69944e-01
2.37646e-01, 2.85417e-01, 2.61531e-01, 2.12060e-02, 4.43912e-01
2.85417e-01, 3.42742e-01, 3.14079e-01, 2.38299e-02, 4.15700e-01
3.42742e-01, 4.11531e-01, 3.77136e-01, 2.64256e-02, 3.84150e-01
4.11531e-01, 4.94079e-01, 4.52805e-01, 2.89117e-02, 3.50243e-01
4.94079e-01, 5.93136e-01, 5.43608e-01, 3.11336e-02, 3.14299e-01
5.93136e-01, 7.12005e-01, 6.52571e-01, 3.29448e-02, 2.77153e-01
7.12005e-01, 8.54648e-01, 7.83326e-01, 3.41753e-02, 2.39587e-01
8.54648e-01, 1.02582e+00, 9.40233e-01, 3.46999e-02, 2.02721e-01
1.02582e+00, 1.23122e+00, 1.12852e+00, 3.44347e-02, 1.67643e-01
1.23122e+00, 1.47771e+00, 1.35447e+00, 3.33686e-02, 1.35377e-01
1.47771e+00, 1.77349e+00, 1.62560e+00, 3.15669e-02, 1.06723e-01
1.77349e+00, 2.12843e+00, 1.95096e+00, 2.91637e-02, 8.21650e-02
2.12843e+00, 2.55436e+00, 2.34140e+00, 2.63323e-02, 6.18233e-02
2.55436e+00, 3.06548e+00, 2.80992e+00, 2.32536e-02, 4.54959e-02
3.06548e+00, 3.67881e+00, 3.37214e+00, 2.00864e-02, 3.27495e-02
3.67881e+00, 4.41482e+00, 4.04681e+00, 1.69585e-02, 2.30414e-02
4.41482e+00, 5.29802e+00, 4.85642e+00, 1.39649e-02, 1.58116e-02
5.29802e+00, 6.35787e+00, 5.82794e+00, 1.11789e-02, 1.05476e-02
6.35787e+00, 7.62968e+00, 6.99378e+00, 8.65817e-03, 6.80773e-03
7.62968e+00, 9.15586e+00, 8.39277e+00, 6.44848e-03, 4.22525e-03
9.15586e+00, 1.09873e+01, 1.00716e+01, 4.58231e-03, 2.50206e-03
1.09873e+01, 1.31850e+01, 1.20861e+01, 3.07622e-03, 1.39975e-03
1.31850e+01, 1.58222e+01, 1.45036e+01, 1.92696e-03, 7.30672e-04
1.58222e+01, 1.89869e+01, 1.74045e+01, 1.10903e-03, 3.50439e-04
1.89869e+01, 2.27845e+01, 2.08857e+01, 5.75399e-04, 1.51516e-04
2.27845e+01, 2.73417e+01, 2.50631e+01, 2.62999e-04, 5.77113e-05
2.73417e+01, 3.28102e+01, 3.00759e+01, 1.03046e-04, 1.88432e-05
3.28102e+01, 3.93725e+01, 3.60914e+01, 3.35270e-05, 5.10904e-06
3.93725e+01, 4.72473e+01, 4.33099e+01, 8.73467e-06, 1.10920e-06
4.72473e+01, 5.66969e+01, 5.19721e+01, 1.74861e-06, 1.85045e-07
5.66969e+01, 6.80366e+01, 6.23668e+01, 2.56806e-07, 2.26468e-08
6.80366e+01, 8.16441e+01, 7.48404e+01, 2.62660e-08, 1.93025e-09
8.16441e+01, 9.79732e+01, 8.98087e+01, 1.76502e-09, 1.08091e-10
9.79732e+01, 1.17568e+02, 1.07771e+02, 7.29987e-11, 3.72540e-12
1.17568e+02, 1.41082e+02, 1.29325e+02, 1.72731e-12, 7.34590e-14
1.41082e+02, 1.69299e+02, 1.55190e+02, 2.15560e-14, 7.63948e-16
1.69299e+02, 2.03159e+02, 1.86229e+02, 1.29675e-16, 3.82976e-18
2.03159e+02, 2.43790e+02, 2.23475e+02, 3.40861e-19, 8.38899e-21
2.43790e+02, 2.92549e+02, 2.68170e+02, 3.51994e-22, 7.21915e-24
2.92549e+02, 3.51059e+02, 3.21804e+02, 1.27098e-25, 2.17224e-27
3.51059e+02, 4.21271e+02, 3.86165e+02, 1.40329e-29, 1.99865e-31
4.21271e+02, 5.05525e+02, 4.63398e+02, 4.01379e-34, 4.76389e-36
5.05525e+02, 6.06631e+02, 5.56078e+02, 2.40345e-39, 2.37718e-41
6.06631e+02, 7.27957e+02, 6.67294e+02, 2.29965e-45, 1.89542e-47
7.27957e+02, 8.73548e+02, 8.00753e+02, 2.52346e-52, 1.73324e-54
8.73548e+02, 1.04826e+03, 9.60903e+02, 2.13479e-60, 1.22190e-62
1.04826e+03, 1.25791e+03, 1.15308e+03, 8.70951e-70, 4.15427e-72
1.25791e+03, 1.50949e+03, 1.38370e+03, 9.88854e-81, 3.93054e-83
1.50949e+03, 1.81139e+03, 1.66044e+03, 1.64689e-93, 5.45511e-96
1.81139e+03, 2.17367e+03, 1.99253e+03, 1.91742e-108, 5.29266e-111
2.17367e+03, 2.60840e+03, 2.39104e+03, 6.65802e-126, 1.53151e-128
2.60840e+03, 3.13009e+03, 2.86924e+03, 2.60964e-146, 5.00236e-149
3.13009e+03, 3.75610e+03, 3.44309e+03, 3.84223e-170, 6.13758e-173
3.75610e+03, 4.50732e+03, 4.13171e+03, 6.14602e-198, 8.18138e-201
4.50732e+03, 5.40879e+03, 4.95806e+03, 2.62874e-230, 2.91607e-233
5.40879e+03, 6.49055e+03, 5.94967e+03, 6.06057e-268, 5.60252e-271
6.49055e+03, 7.78866e+03, 7.13960e+03, 1.17579e-311, 9.05775e-315
7.78866e+03, 9.34639e+03, 8.56752e+03, 0.00000e+00, 0.00000e+00
9.34639e+03, 1.12157e+04, 1.02810e+04, 0.00000e+00, 0.00000e+00
1.12157e+04, 1.34588e+04, 1.23372e+04, 0.00000e+00, 0.00000e+00
1.34588e+04, 1.61506e+04, 1.48047e+04, 0.00000e+00, 0.00000e+00
1.61506e+04, 1.93807e+04, 1.77656e+04, 0.00000e+00, 0.00000e+00
1.93807e+04, 2.32568e+04, 2.13187e+04, 0.00000e+00, 0.00000e+00
2.32568e+04, 2.79082e+04, 2.55825e+04, 0.00000e+00, 0.00000e+00
2.79082e+04, 3.34898e+04, 3.06990e+04, 0.00000e+00, 0.00000e+00
3.34898e+04, 4.01878e+04, 3.68388e+04, 0.00000e+00, 0.00000e+00
4.01878e+04, 4.82253e+04, 4.42065e+04, 0.00000e+00, 0.00000e+00
4.82253e+04, 5.78704e+04, 5.30478e+04, 0.00000e+00, 0.00000e+00
5.78704e+04, 6.94444e+04, 6.36574e+04, 0.00000e+00, 0.00000e+00
6.94444e+04, 8.33333e+04, 7.63889e+04, 0.00000e+00, 0.00000e+00
8.33333e+04, 1.00000e+05, 9.16667e+04, 0.00000e+00, 0.00000e+00
