# time = 5.000000000000000e-02# start, end, pivot, particles, density
0.00000e+00, 2.41493e-04, 1.20747e-04, 2.41464e-04, 9.99879e-01
2.41493e-04, 5.31286e-04, 3.86390e-04, 2.75400e-04, 9.50338e-01
5.31286e-04, 8.79036e-04, 7.05161e-04, 3.30370e-04, 9.50020e-01
8.79036e-04, 1.29634e-03, 1.08769e-03, 3.96285e-04, 9.49639e-01
1.29634e-03, 1.79710e-03, 1.54672e-03, 4.75313e-04, 9.49181e-01
1.79710e-03, 2.39801e-03, 2.09755e-03, 5.70046e-04, 9.48633e-01
2.39801e-03, 3.11911e-03, 2.75856e-03, 6.83581e-04, 9.47975e-01
3.11911e-03, 3.98442e-03, 3.55176e-03, 8.19614e-04, 9.47186e-01
3.98442e-03, 5.02280e-03, 4.50361e-03, 9.82555e-04, 9.46241e-01
5.02280e-03, 6.26885e-03, 5.64583e-03, 1.17765e-03, 9.45107e-01
6.26885e-03, 7.76412e-03, 7.01648e-03, 1.41115e-03, 9.43749e-01
7.76412e-03, 9.55843e-03, 8.66127e-03, 1.69047e-03, 9.42122e-01
9.55843e-03, 1.17116e-02, 1.06350e-02, 2.02436e-03, 9.40174e-01
1.17116e-02, 1.42954e-02, 1.30035e-02, 2.42321e-03, 9.37841e-01
1.42954e-02, 1.73960e-02, 1.58457e-02, 2.89920e-03, 9.35050e-01
1.73960e-02, 2.11167e-02, 1.92564e-02, 3.46662e-03, 9.31712e-01
2.11167e-02, 2.55815e-02, 2.33491e-02, 4.14213e-03, 9.27722e-01
2.55815e-02, 3.09393e-02, 2.82604e-02, 4.94503e-03, 9.22959e-01
3.09393e-02, 3.73687e-02, 3.41540e-02, 5.89750e-03, 9.17277e-01
3.73687e-02, 4.50839e-02, 4.12263e-02, 7.02477e-03, 9.10507e-01
4.50839e-02, 5.43422e-02, 4.97131e-02, 8.35515e-03, 9.02452e-01
5.43422e-02, 6.54521e-02, 5.98972e-02, 9.91988e-03, 8.92884e-01
6.54521e-02, 7.87841e-02, 7.21181e-02, 1.17527e-02, 8.81543e-01
7.87841e-02, 9.47824e-02, 8.67832e-02, 1.38887e-02, 8.68133e-01
9.47824e-02, 1.13980e-01, 1.04381e-01, 1.63629e-02, 8.52323e-01
1.13980e-01, 1.37018e-01, 1.25499e-01, 1.92075e-02, 8.33748e-01
1.37018e-01, 1.64663e-01, 1.50840e-01, 2.24483e-02, 8.12017e-01
1.64663e-01, 1.97837e-01, 1.81250e-01, 2.60988e-02, 7.86722e-01
1.97837e-01, 2.37646e-01, 2.17742e-01, 3.01535e-02, 7.57455e-01
2.37646e-01, 2.85417e-01, 2.61531e-01, 3.45781e-02, 7.23835e-01
2.85417e-01, 3.42742e-01, 3.14079e-01, 3.92988e-02, 6.85547e-01
3.42742e-01, 4.11531e-01, 3.77136e-01, 4.41897e-02, 6.42387e-01
4.11531e-01, 4.94079e-01, 4.52805e-01, 4.90607e-02, 5.94331e-01
4.94079e-01, 5.93136e-01, 5.43608e-01, 5.36493e-02, 5.41599e-01
5.93136e-01, 7.12005e-01, 6.52571e-01, 5.76196e-02, 4.84733e-01
7.12005e-01, 8.54648e-01, 7.83326e-01, 6.05748e-02, 4.24662e-01
8.54648e-01, 1.02582e+00, 9.40233e-01, 6.20903e-02, 3.62738e-01
1.02582e+00, 1.23122e+00, 1.12852e+00, 6.17704e-02, 3.00725e-01
1.23122e+00, 1.47771e+00, 1.35447e+00, 5.93289e-02, 2.40699e-01
1.47771e+00, 1.77349e+00, 1.62560e+00, 5.46823e-02, 1.84873e-01
1.77349e+00, 2.12843e+00, 1.95096e+00, 4.80311e-02, 1.35322e-01
2.12843e+00, 2.55436e+00, 2.34140e+00, 3.98938e-02, 9.36633e-02
2.55436e+00, 3.06548e+00, 2.80992e+00, 3.10601e-02, 6.07694e-02
3.06548e+00, 3.67881e+00, 3.37214e+00, 2.24487e-02, 3.66010e-02
3.67881e+00, 4.41482e+00, 4.04681e+00, 1.48998e-02, 2.02442e-02
4.41482e+00, 5.29802e+00, 4.85642e+00, 8.97282e-03, 1.01594e-02
5.29802e+00, 6.35787e+00, 5.82794e+00, 4.83606e-03, 4.56299e-03
6.35787e+00, 7.62968e+00, 6.99378e+00, 2.29614e-03, 1.80540e-03
7.62968e+00, 9.15586e+00, 8.39277e+00, 9.42656e-04, 6.17658e-04
9.15586e+00, 1.09873e+01, 1.00716e+01, 3.27313e-04, 1.78722e-04
1.09873e+01, 1.31850e+01, 1.20861e+01, 9.36620e-05, 4.26182e-05
1.31850e+01, 1.58222e+01, 1.45036e+01, 2.14403e-05, 8.12982e-06
1.58222e+01, 1.89869e+01, 1.74045e+01, 3.79823e-06, 1.20019e-06
1.89869e+01, 2.27845e+01, 2.08857e+01, 5.02469e-07, 1.32311e-07
2.27845e+01, 2.73417e+01, 2.50631e+01, 4.78218e-08, 1.04938e-08
2.73417e+01, 3.28102e+01, 3.00759e+01, 3.15381e-09, 5.76715e-10
3.28102e+01, 3.93725e+01, 3.60914e+01, 1.38990e-10, 2.11801e-11
3.93725e+01, 4.72473e+01, 4.33099e+01, 3.95479e-12, 5.02212e-13
4.72473e+01, 5.66969e+01, 5.19721e+01, 7.01085e-14, 7.41913e-15
5.66969e+01, 6.80366e+01, 6.23668e+01, 7.37773e-16, 6.50614e-17
6.80366e+01, 8.16441e+01, 7.48404e+01, 4.23740e-18, 3.11400e-19
8.16441e+01, 9.79732e+01, 8.98087e+01, 1.14591e-20, 7.01763e-22
9.79732e+01, 1.17568e+02, 1.07771e+02, 1.17112e-23, 5.97667e-25
1.17568e+02, 1.41082e+02, 1.29325e+02, 3.45736e-27, 1.47035e-28
1.41082e+02, 1.69299e+02, 1.55190e+02, 2.19058e-31, 7.76344e-33
1.69299e+02, 2.03159e+02, 1.86229e+02, 2.13967e-36, 6.31917e-38
2.03159e+02, 2.43790e+02, 2.23475e+02, 2.19649e-42, 5.40582e-44
2.43790e+02, 2.92549e+02, 2.68170e+02, 1.50567e-49, 3.08802e-51
2.92549e+02, 3.51059e+02, 3.21804e+02, 4.01309e-58, 6.85881e-60
3.51059e+02, 4.21271e+02, 3.86165e+02, 2.17741e-68, 3.10120e-70
4.21271e+02, 5.05525e+02, 4.63398e+02, 1.10461e-80, 1.31104e-82
5.05525e+02, 6.06631e+02, 5.56078e+02, 2.04812e-95, 2.02573e-97
6.06631e+02, 7.27957e+02, 6.67294e+02, 4.46678e-113, 3.68162e-115
7.27957e+02, 8.73548e+02, 8.00753e+02, 2.93104e-134, 2.01319e-136
8.73548e+02, 1.04826e+03, 9.60903e+02, 1.12961e-159, 6.46565e-162
1.04826e+03, 1.25791e+03, 1.15308e+03, 3.61728e-190, 1.72537e-192
1.25791e+03, 1.50949e+03, 1.38370e+03, 9.24506e-227, 3.67477e-229
1.50949e+03, 1.81139e+03, 1.66044e+03, 1.13622e-270, 3.76356e-273
1.81139e+03, 2.17367e+03, 1.99253e+03, 2.47033e-323, 0.00000e+00
2.17367e+03, 2.60840e+03, 2.39104e+03, 0.00000e+00, 0.00000e+00
2.60840e+03, 3.13009e+03, 2.86924e+03, 0.00000e+00, 0.00000e+00
3.13009e+03, 3.75610e+03, 3.44309e+03, 0.00000e+00, 0.00000e+00
3.75610e+03, 4.50732e+03, 4.13171e+03, 0.00000e+00, 0.00000e+00
4.50732e+03, 5.40879e+03, 4.95806e+03, 0.00000e+00, 0.00000e+00
5.40879e+03, 6.49055e+03, 5.94967e+03, 0.00000e+00, 0.00000e+00
6.49055e+03, 7.78866e+03, 7.13960e+03, 0.00000e+00, 0.00000e+00
7.78866e+03, 9.34639e+03, 8.56752e+03, 0.00000e+00, 0.00000e+00
9.34639e+03, 1.12157e+04, 1.02810e+04, 0.00000e+00, 0.00000e+00
1.12157e+04, 1.34588e+04, 1.23372e+04, 0.00000e+00, 0.00000e+00
1.34588e+04, 1.61506e+04, 1.48047e+04, 0.00000e+00, 0.00000e+00
1.61506e+04, 1.93807e+04, 1.77656e+04, 0.00000e+00, 0.00000e+00
1.93807e+04, 2.32568e+04, 2.13187e+04, 0.00000e+00, 0.00000e+00
2.32568e+04, 2.79082e+04, 2.55825e+04, 0.00000e+00, 0.00000e+00
2.79082e+04, 3.34898e+04, 3.06990e+04, 0.00000e+00, 0.00000e+00
3.34898e+04, 4.01878e+04, 3.68388e+04, 0.00000e+00, 0.00000e+00
4.01878e+04, 4.82253e+04, 4.42065e+04, 0.00000e+00, 0.00000e+00
4.82253e+04, 5.78704e+04, 5.30478e+04, 0.00000e+00, 0.00000e+00
5.78704e+04, 6.94444e+04, 6.36574e+04, 0.00000e+00, 0.00000e+00
6.94444e+04, 8.33333e+04, 7.63889e+04, 0.00000e+00, 0.00000e+00
8.33333e+04, 1.00000e+05, 9.16667e+04, 0.00000e+00, 0.00000e+00
