# time = 3.600000000000000e-01# start, end, pivot, particles, density
0.00000e+00, 2.41493e-04, 1.20747e-04, 2.41464e-04, 9.99879e-01
2.41493e-04, 5.31286e-04, 3.86390e-04, 2.01306e-04, 6.94657e-01
5.31286e-04, 8.79036e-04, 7.05161e-04, 2.41467e-04, 6.94368e-01
8.79036e-04, 1.29634e-03, 1.08769e-03, 2.89615e-04, 6.94021e-01
1.29634e-03, 1.79710e-03, 1.54672e-03, 3.47330e-04, 6.93605e-01
1.79710e-03, 2.39801e-03, 2.09755e-03, 4.16497e-04, 6.93106e-01
2.39801e-03, 3.11911e-03, 2.75856e-03, 4.99365e-04, 6.92508e-01
3.11911e-03, 3.98442e-03, 3.55176e-03, 5.98618e-04, 6.91792e-01
3.98442e-03, 5.02280e-03, 4.50361e-03, 7.17449e-04, 6.90933e-01
5.02280e-03, 6.26885e-03, 5.64583e-03, 8.59657e-04, 6.89904e-01
6.26885e-03, 7.76412e-03, 7.01648e-03, 1.02975e-03, 6.88671e-01
7.76412e-03, 9.55843e-03, 8.66127e-03, 1.23305e-03, 6.87196e-01
9.55843e-03, 1.17116e-02, 1.06350e-02, 1.47586e-03, 6.85431e-01
1.17116e-02, 1.42954e-02, 1.30035e-02, 1.76557e-03, 6.83319e-01
1.42954e-02, 1.73960e-02, 1.58457e-02, 2.11086e-03, 6.80795e-01
1.73960e-02, 2.11167e-02, 1.92564e-02, 2.52182e-03, 6.77782e-01
2.11167e-02, 2.55815e-02, 2.33491e-02, 3.01013e-03, 6.74186e-01
2.55815e-02, 3.09393e-02, 2.82604e-02, 3.58920e-03, 6.69901e-01
3.09393e-02, 3.73687e-02, 3.41540e-02, 4.27425e-03, 6.64801e-01
3.73687e-02, 4.50839e-02, 4.12263e-02, 5.08236e-03, 6.58744e-01
4.50839e-02, 5.43422e-02, 4.97131e-02, 6.03232e-03, 6.51560e-01
5.43422e-02, 6.54521e-02, 5.98972e-02, 7.14438e-03, 6.43062e-01
6.54521e-02, 7.87841e-02, 7.21181e-02, 8.43961e-03, 6.33038e-01
7.87841e-02, 9.47824e-02, 8.67832e-02, 9.93901e-03, 6.21254e-01
9.47824e-02, 1.13980e-01, 1.04381e-01, 1.16619e-02, 6.07456e-01
1.13980e-01, 1.37018e-01, 1.25499e-01, 1.36239e-02, 5.91379e-01
1.37018e-01, 1.64663e-01, 1.50840e-01, 1.58338e-02, 5.72753e-01
1.64663e-01, 1.97837e-01, 1.81250e-01, 1.82895e-02, 5.51320e-01
1.97837e-01, 2.37646e-01, 2.17742e-01, 2.09736e-02, 5.26857e-01
2.37646e-01, 2.85417e-01, 2.61531e-01, 2.38472e-02, 4.99202e-01
2.85417e-01, 3.42742e-01, 3.14079e-01, 2.68447e-02, 4.68292e-01
3.42742e-01, 4.11531e-01, 3.77136e-01, 2.98686e-02, 4.34201e-01
4.11531e-01, 4.94079e-01, 4.52805e-01, 3.27867e-02, 3.97184e-01
4.94079e-01, 5.93136e-01, 5.43608e-01, 3.54345e-02, 3.57717e-01
5.93136e-01, 7.12005e-01, 6.52571e-01, 3.76237e-02, 3.16514e-01
7.12005e-01, 8.54648e-01, 7.83326e-01, 3.91589e-02, 2.74525e-01
8.54648e-01, 1.02582e+00, 9.40233e-01, 3.98640e-02, 2.32890e-01
1.02582e+00, 1.23122e+00, 1.12852e+00, 3.96123e-02, 1.92849e-01
1.23122e+00, 1.47771e+00, 1.35447e+00, 3.83563e-02, 1.55612e-01
1.47771e+00, 1.77349e+00, 1.62560e+00, 3.61461e-02, 1.22205e-01
1.77349e+00, 2.12843e+00, 1.95096e+00, 3.31280e-02, 9.33340e-02
2.12843e+00, 2.55436e+00, 2.34140e+00, 2.95200e-02, 6.93074e-02
2.55436e+00, 3.06548e+00, 2.80992e+00, 2.55722e-02, 5.00322e-02
3.06548e+00, 3.67881e+00, 3.37214e+00, 2.15253e-02, 3.50954e-02
3.67881e+00, 4.41482e+00, 4.04681e+00, 1.75829e-02, 2.38897e-02
4.41482e+00, 5.29802e+00, 4.85642e+00, 1.39023e-02, 1.57407e-02
5.29802e+00, 6.35787e+00, 5.82794e+00, 1.05976e-02, 9.99918e-03
6.35787e+00, 7.62968e+00, 6.99378e+00, 7.74660e-03, 6.09098e-03
7.62968e+00, 9.15586e+00, 8.39277e+00, 5.39344e-03, 3.53395e-03
9.15586e+00, 1.09873e+01, 1.00716e+01, 3.54780e-03, 1.93719e-03
1.09873e+01, 1.31850e+01, 1.20861e+01, 2.18420e-03, 9.93861e-04
1.31850e+01, 1.58222e+01, 1.45036e+01, 1.24502e-03, 4.72092e-04
1.58222e+01, 1.89869e+01, 1.74045e+01, 6.49125e-04, 2.05115e-04
1.89869e+01, 2.27845e+01, 2.08857e+01, 3.05443e-04, 8.04300e-05
2.27845e+01, 2.73417e+01, 2.50631e+01, 1.27850e-04, 2.80549e-05
2.73417e+01, 3.28102e+01, 3.00759e+01, 4.68910e-05, 8.57464e-06
3.28102e+01, 3.93725e+01, 3.60914e+01, 1.48443e-05, 2.26207e-06
3.93725e+01, 4.72473e+01, 4.33099e+01, 4.00007e-06, 5.07962e-07
4.72473e+01, 5.66969e+01, 5.19721e+01, 9.07232e-07, 9.60065e-08
5.66969e+01, 6.80366e+01, 6.23668e+01, 1.72042e-07, 1.51717e-08
6.80366e+01, 8.16441e+01, 7.48404e+01, 2.72812e-08, 2.00486e-09
8.16441e+01, 9.79732e+01, 8.98087e+01, 3.64723e-09, 2.23358e-10
9.79732e+01, 1.17568e+02, 1.07771e+02, 4.17546e-10, 2.13089e-11
1.17568e+02, 1.41082e+02, 1.29325e+02, 4.17395e-11, 1.77510e-12
1.41082e+02, 1.69299e+02, 1.55190e+02, 3.71075e-12, 1.31509e-13
1.69299e+02, 2.03159e+02, 1.86229e+02, 2.97395e-13, 8.78307e-15
2.03159e+02, 2.43790e+02, 2.23475e+02, 2.16621e-14, 5.33131e-16
2.43790e+02, 2.92549e+02, 2.68170e+02, 1.44009e-15, 2.95352e-17
2.92549e+02, 3.51059e+02, 3.21804e+02, 8.75451e-17, 1.49624e-18
3.51059e+02, 4.21271e+02, 3.86165e+02, 4.87032e-18, 6.93660e-20
4.21271e+02, 5.05525e+02, 4.63398e+02, 2.47984e-19, 2.94327e-21
5.05525e+02, 6.06631e+02, 5.56078e+02, 1.15532e-20, 1.14269e-22
6.06631e+02, 7.27957e+02, 6.67294e+02, 4.92176e-22, 4.05663e-24
7.27957e+02, 8.73548e+02, 8.00753e+02, 1.91535e-23, 1.31556e-25
8.73548e+02, 1.04826e+03, 9.60903e+02, 6.79990e-25, 3.89211e-27
1.04826e+03, 1.25791e+03, 1.15308e+03, 2.19852e-26, 1.04865e-28
1.25791e+03, 1.50949e+03, 1.38370e+03, 6.45947e-28, 2.56754e-30
1.50949e+03, 1.81139e+03, 1.66044e+03, 1.72011e-29, 5.69763e-32
1.81139e+03, 2.17367e+03, 1.99253e+03, 4.13835e-31, 1.14231e-33
2.17367e+03, 2.60840e+03, 2.39104e+03, 8.96098e-33, 2.06126e-35
2.60840e+03, 3.13009e+03, 2.86924e+03, 1.73846e-34, 3.33241e-37
3.13009e+03, 3.75610e+03, 3.44309e+03, 3.00528e-36, 4.80063e-39
3.75610e+03, 4.50732e+03, 4.13171e+03, 4.59911e-38, 6.12218e-41
4.50732e+03, 5.40879e+03, 4.95806e+03, 6.18147e-40, 6.85714e-43
5.40879e+03, 6.49055e+03, 5.94967e+03, 7.22672e-42, 6.68054e-45
6.49055e+03, 7.78866e+03, 7.13960e+03, 7.26163e-44, 5.59400e-47
7.78866e+03, 9.34639e+03, 8.56752e+03, 6.17805e-46, 3.96606e-49
9.34639e+03, 1.12157e+04, 1.02810e+04, 4.36553e-48, 2.33541e-51
1.12157e+04, 1.34588e+04, 1.23372e+04, 2.49800e-50, 1.11362e-53
1.34588e+04, 1.61506e+04, 1.48047e+04, 1.11830e-52, 4.15452e-56
1.61506e+04, 1.93807e+04, 1.77656e+04, 3.72989e-55, 1.15472e-58
1.93807e+04, 2.32568e+04, 2.13187e+04, 8.61287e-58, 2.22202e-61
2.32568e+04, 2.79082e+04, 2.55825e+04, 1.22366e-60, 2.63075e-64
2.79082e+04, 3.34898e+04, 3.06990e+04, 8.72054e-64, 1.56236e-67
3.34898e+04, 4.01878e+04, 3.68388e+04, 2.22262e-67, 3.31836e-71
4.01878e+04, 4.82253e+04, 4.42065e+04, 1.33993e-71, 1.66709e-75
4.82253e+04, 5.78704e+04, 5.30478e+04, 1.28157e-76, 1.32873e-80
5.78704e+04, 6.94444e+04, 6.36574e+04, 1.29758e-82, 1.12111e-86
6.94444e+04, 8.33333e+04, 7.63889e+04, 8.79698e-90, 6.33383e-94
8.33333e+04, 1.00000e+05, 9.16667e+04, 0.00000e+00, 0.00000e+00
